  3.9505687e-001	 -1.5183846e+000	 -2.0518614e+000	 -2.1237034e+000	 -1.7616410e+000	  4.1533331e-002	 -8.1355622e-001	  2.3233556e-001	 -2.3716193e+000	 -9.4449869e-001	 -9.0861872e-001	
 -1.3219559e+000	 -5.1163521e-001	  3.9534876e-001	  4.2844561e-001	  1.5518641e-001	 -1.1414327e+000	 -7.4437626e-001	 -1.1893292e+000	  4.6901460e-001	 -8.7529741e-001	 -8.2771778e-001	
 -5.7942239e-002	  3.9185784e-001	  2.0347341e-001	  1.2423714e-001	  6.9631119e-002	  1.5628967e-002	  1.4508024e-001	 -1.5151392e-001	  3.8354695e-001	  3.0112445e-001	  1.3298093e-001	
 -1.7793388e+000	 -1.0021029e+000	  9.5498519e-001	  1.0528735e+000	  1.1235168e+000	 -1.6336156e+000	 -6.7519631e-001	 -1.4395422e+000	  8.8081327e-001	 -1.3597064e+000	 -1.1007585e+000	
  1.2718293e+000	  1.4631425e+000	  1.0829021e+000	  1.1729558e+000	  1.3412939e+000	  1.1985950e+000	  1.5089135e+000	  1.5367130e+000	  9.4297156e-001	  1.4478886e+000	  1.5993105e+000	
  6.1424999e-001	  1.3211650e+000	  1.3067567e+000	  1.4851698e+000	  1.7846258e+000	  8.4456864e-001	  1.2420766e+000	  5.2733100e-001	  1.2226839e+000	  1.1809694e+000	  9.6221560e-001	
 -7.2282803e-001	 -4.6981639e-002	  1.0429281e+000	  8.8475832e-001	  9.7573944e-001	 -5.3699748e-001	  1.8461164e-001	 -8.2680468e-001	  9.1189242e-001	 -7.4539671e-002	 -1.8051023e-001	
 -8.1781171e-001	 -1.1311733e+000	 -8.1986177e-001	 -8.8445411e-001	 -1.0153655e+000	 -9.2556295e-001	 -1.3966444e+000	 -9.2276705e-001	 -7.5861163e-001	 -1.1916461e+000	 -1.2524477e+000	
 -1.5250748e+000	 -9.2466060e-001	  4.8329163e-001	  5.1650596e-001	  4.3907443e-001	 -1.4868242e+000	 -1.1298074e+000	 -1.3172790e+000	  4.1462610e-001	 -1.0532436e+000	 -1.1513216e+000	
  1.1695392e+000	 -9.8609813e-002	 -1.4354618e+000	 -1.5328985e+000	 -1.3459201e+000	  9.0501216e-001	 -5.2576762e-002	  1.1741885e+000	 -1.5511298e+000	  4.2964113e-001	  4.6669732e-001	
 -1.6419778e+000	 -7.0524086e-001	  1.2507930e+000	  1.1889668e+000	  1.3918493e+000	 -1.5299981e+000	 -6.0601636e-001	 -1.4466505e+000	  1.0905975e+000	 -1.1422167e+000	 -8.2771778e-001	
  6.8731436e-001	  7.2744097e-001	 -3.8814224e-001	 -4.2013592e-001	 -5.1758929e-001	  8.0139470e-001	  5.4039424e-001	  6.2329337e-001	 -2.4580574e-001	  5.5815780e-001	  6.5883706e-001	
 -6.8629584e-001	 -2.6640138e-001	 -8.4339608e-002	 -4.3878069e-002	 -2.4147903e-001	 -6.1471058e-001	 -5.0718786e-001	 -8.1614219e-001	  1.5045336e-001	 -4.9963328e-001	 -2.9174903e-001	
  1.0599427e+000	  1.1017452e+000	  9.4699038e-001	  8.0470346e-001	  8.6296201e-001	  9.9136004e-001	  1.1630138e+000	  1.0675636e+000	  7.3318733e-001	  1.2996001e+000	  1.2554815e+000	
 -7.9589240e-001	 -9.3756764e-001	 -8.2785658e-001	 -7.3234988e-001	 -8.1703282e-001	 -7.1832803e-001	 -9.9144752e-001	 -8.7656294e-001	 -5.5659719e-001	 -9.7415639e-001	 -1.0198575e+000	
  9.2112035e-001	  3.5313671e-001	 -1.0117371e+000	 -8.2041022e-001	 -9.8036565e-001	  1.0258992e+000	  4.4156574e-001	  1.1315385e+000	 -8.0523035e-001	  9.3382192e-001	  7.1951277e-001	
 -3.7211904e-001	 -6.1489155e-001	 -9.0780464e-001	 -8.5243217e-001	 -9.9203228e-001	 -3.7293650e-001	 -8.3332192e-001	 -4.5006352e-001	 -6.4206483e-001	 -3.9088841e-001	 -6.0524018e-001	
  3.9505687e-001	  1.1146523e+000	  1.0189436e+000	  8.4473089e-001	  1.0301837e+000	  4.9917711e-001	  9.6535679e-001	  2.8564799e-001	  8.7304349e-001	  7.8553345e-001	  8.9142727e-001	
 -1.6427085e+000	 -8.9884651e-001	  2.6743186e-001	  2.3631394e-001	  1.1297965e-002	 -1.6336156e+000	 -1.5844185e+000	 -1.4352772e+000	  2.7476994e-001	 -1.3992500e+000	 -1.5153758e+000	
  1.2937486e+000	 -3.6965773e-001	 -1.8511918e+000	 -1.9091563e+000	 -1.6438080e+000	  1.0172644e+000	  1.4508024e-001	  1.4976172e+000	 -2.1338638e+000	  5.4827190e-001	  5.2737303e-001	
 -1.2854237e+000	 -4.6000703e-001	  9.7896960e-001	  1.0448680e+000	  1.0846280e+000	 -1.2450501e+000	 -4.0835936e-001	 -1.2319791e+000	  8.4973413e-001	 -8.3575382e-001	 -7.5692945e-001	
  1.3302808e+000	  1.3727932e+000	  7.2313581e-001	  6.3658825e-001	  6.7240704e-001	  1.4576386e+000	  1.6077420e+000	  1.7712877e+000	  7.8757584e-001	  1.5961771e+000	  1.5891979e+000	
 -3.1366754e-001	  4.1767193e-001	  1.1388657e+000	  1.1969723e+000	  1.3529605e+000	  6.7437696e-002	  5.2062854e-001	 -4.5717184e-001	  9.8959028e-001	  2.6158086e-001	  3.5545852e-001	
  6.6267194e-002	  8.8232550e-001	  8.8303193e-001	  7.1664311e-001	  8.3962875e-001	  3.4375092e-001	  6.2933989e-001	 -4.8443226e-002	  8.3419456e-001	  5.2850011e-001	  4.7680994e-001	
 -1.5922941e+000	 -3.5706045e+000	 -2.1102235e+000	 -1.9844079e+000	 -1.7476411e+000	 -2.4366509e+000	 -3.6104028e+000	 -1.3649048e+000	 -2.3125689e+000	 -3.1490539e+000	 -3.2648587e+000	
  1.0307169e+000	  1.3082579e+000	  1.1708450e+000	  1.1649503e+000	  1.1701833e+000	  9.9136004e-001	  1.3409051e+000	  1.0071428e+000	  8.8081327e-001	  1.3589155e+000	  1.2655941e+000	
 -8.2511815e-001	 -2.1167551e-002	  5.5524488e-001	  4.9248950e-001	  4.3518555e-001	 -7.1832803e-001	 -2.9964801e-001	 -9.7963364e-001	  6.1664054e-001	 -4.4031790e-001	 -4.7377615e-001	
 -1.9656530e+000	 -1.8797818e+000	 -4.0413185e-001	 -3.3207557e-001	 -4.3592288e-001	 -2.2380508e+000	 -2.3552808e+000	 -1.6190274e+000	 -1.3702873e-001	 -1.9825180e+000	 -1.9805562e+000	
  8.9189460e-001	  1.0372100e+000	  3.3139031e-001	  4.0442915e-001	  2.2518620e-001	  8.8774258e-001	  8.8629399e-001	  7.9744730e-001	  4.3793546e-001	  1.0524527e+000	  8.0041371e-001	
 -1.9378885e+000	 -1.2860578e+000	  4.3532279e-001	  4.5246207e-001	  2.7963047e-001	 -1.9703723e+000	 -1.5053557e+000	 -1.6218707e+000	  5.7779161e-001	 -1.4783372e+000	 -1.5861641e+000	
  1.9047663e-001	 -1.5441987e+000	 -1.9615201e+000	 -1.8667273e+000	 -1.6492525e+000	 -1.5706680e-001	 -8.0367337e-001	  1.9085849e-002	 -2.1804825e+000	 -9.3461280e-001	 -9.5918181e-001	
  6.2155642e-001	  1.1275593e+000	  1.2348034e+000	  1.1649503e+000	  1.3335161e+000	  7.0641203e-001	  1.0345367e+000	  2.9631048e-001	  1.0284392e+000	  8.3496294e-001	  9.1165251e-001	
  1.3302808e+000	  1.2566298e+000	  6.9915139e-001	  4.3645110e-001	  5.9462950e-001	  1.3281168e+000	  1.3705536e+000	  1.5864712e+000	  7.0987797e-001	  1.6159489e+000	  1.6296484e+000	
 -8.4703746e-001	 -4.2128590e-001	  3.3139031e-001	  2.6033040e-001	  6.1853365e-002	 -7.9604113e-001	 -5.3683641e-001	 -9.4409202e-001	  2.9807930e-001	 -5.4906277e-001	 -8.1760516e-001	
  1.1741225e-001	 -7.1814790e-001	 -1.3715034e+000	 -1.3968052e+000	 -1.2564759e+000	  7.6072485e-002	 -4.0835936e-001	 -7.6876521e-002	 -1.2481082e+000	 -4.0077430e-001	 -5.5467709e-001	
  1.3010551e+000	 -9.1175356e-001	 -2.0726479e+000	 -2.1565259e+000	 -1.7550299e+000	  1.0086296e+000	  1.7472879e-001	  1.5935796e+000	 -2.4633027e+000	  2.0226547e-001	  4.4647208e-001	
 -1.4688153e+000	 -9.6338173e-001	  4.5930721e-001	  3.6440172e-001	  1.7851967e-001	 -1.3832067e+000	 -1.3274644e+000	 -1.3599290e+000	  3.6800738e-001	 -1.1125590e+000	 -1.3434613e+000	
 -7.1552159e-001	  1.7243810e-001	  9.5498519e-001	  9.2478575e-001	  1.0846280e+000	 -6.1471058e-001	  3.8226864e-001	 -7.9837138e-001	  8.5750391e-001	 -1.7339865e-001	 -2.5129856e-001	
 -3.2097398e-001	 -9.8609813e-002	  2.5144225e-001	  4.5246207e-001	  2.6018609e-001	 -1.5706680e-001	  6.6017438e-002	 -4.6072600e-001	  4.6124481e-001	 -3.4996079e-002	  1.1629511e-002	
  7.1654011e-001	  1.0888382e+000	  6.4318775e-001	  4.2844561e-001	  2.7574160e-001	  5.5962063e-001	  7.1828554e-001	  5.9486007e-001	  6.6325926e-001	  8.8439243e-001	  9.3187774e-001	
  3.4391181e-001	  3.7895080e-001	 -3.3217860e-001	 -2.6002619e-001	 -4.5925614e-001	  3.4375092e-001	  2.6367444e-001	  5.4627468e-002	 -6.7100651e-002	  1.8249368e-001	  2.0376925e-001	
  2.9276675e-001	  4.6930010e-001	  1.3152016e-001	 -1.1856125e-002	 -1.4814599e-001	  3.7829007e-001	  3.7238579e-001	  1.5414400e-001	  2.2815123e-001	  3.2089625e-001	  4.6669732e-001	
  1.1741225e-001	  1.0113959e+000	  1.4186839e+000	  1.4691588e+000	  1.8624034e+000	  1.8832473e-001	  7.5781694e-001	 -8.3984845e-002	  1.1216766e+000	  4.1975523e-001	  5.7793612e-001	
 -1.2196658e+000	 -1.3118719e+000	 -3.5616302e-001	 -2.8404265e-001	 -5.1370042e-001	 -1.5299981e+000	 -1.6338328e+000	 -1.1964375e+000	 -2.2249638e-001	 -1.2509615e+000	 -1.3839118e+000	
 -5.7942239e-002	  5.6274710e-002	 -2.1225651e-001	 -4.6016335e-001	 -5.5258919e-001	 -1.6570159e-001	 -4.2812506e-001	 -3.3633034e-001	 -1.5256830e-001	 -3.9088841e-001	 -3.9287521e-001	
 -4.8902204e-001	 -1.2442390e-001	 -4.6809030e-001	 -4.4415238e-001	 -7.2758865e-001	 -3.6430172e-001	 -5.6648496e-001	 -6.8108404e-001	 -2.8465467e-001	 -6.3803586e-001	 -8.3783040e-001	
 -1.1027628e+000	 -4.4709999e-001	  3.9534876e-001	  4.6046756e-001	  4.0407453e-001	 -9.9464126e-001	 -6.2578206e-001	 -1.1182459e+000	  5.7002182e-001	 -7.7643843e-001	 -7.5692945e-001	
  1.0964748e+000	  1.0113959e+000	 -2.0381159e-002	  2.8171306e-002	 -1.7925700e-001	  1.1381514e+000	  8.5664544e-001	  1.0995511e+000	  1.0597211e-002	  1.0524527e+000	  1.0431165e+000	
 -1.6894697e+000	 -7.9559016e-001	  8.2706829e-001	  1.0448680e+000	  1.0107393e+000	 -1.5472677e+000	 -7.3449341e-001	 -1.4292351e+000	  8.6527370e-001	 -1.2905051e+000	 -1.0805332e+000	
  4.9734699e-001	  2.4988036e-001	 -4.4410588e-001	 -2.9204814e-001	 -5.2536705e-001	  4.1282923e-001	  3.4273724e-001	  3.8871868e-001	 -2.6911509e-001	  3.8021164e-001	  3.5545852e-001	
  7.1654011e-001	  4.9511419e-001	 -3.1618899e-001	 -2.7603717e-001	 -3.9314523e-001	  9.9136004e-001	  7.2816839e-001	  8.4365140e-001	 -2.0695680e-001	  7.8553345e-001	  8.6108942e-001	
 -1.0004726e+000	 -2.3960636e+000	 -1.8399990e+000	 -1.6930082e+000	 -1.5792527e+000	 -1.4177459e+000	 -2.2366866e+000	 -9.2276705e-001	 -1.8153026e+000	 -1.9528603e+000	 -1.9198805e+000	
  7.0923367e-001	  1.1017452e+000	  1.2348034e+000	  1.1249229e+000	  1.3996270e+000	  9.0501216e-001	  1.0246539e+000	  5.7353510e-001	  9.5851114e-001	  9.6347962e-001	  1.0734544e+000	
 -6.7971786e-003	 -3.5675068e-001	 -7.1592929e-001	 -6.4428953e-001	 -7.8203292e-001	 -1.1389286e-001	 -3.8859366e-001	 -2.1904300e-001	 -6.5760441e-001	 -3.8100251e-001	 -5.6478971e-001	
 -1.9676455e-001	  5.2092828e-001	  9.3899557e-001	  9.0076929e-001	  9.1351741e-001	  5.0168120e-002	  4.4156574e-001	 -4.2873855e-001	  8.4196434e-001	  2.0226547e-001	  9.2530454e-002	
  8.2613667e-001	  1.1533734e+000	  4.0334356e-001	  2.7634138e-001	  2.4463058e-001	  1.0172644e+000	  1.1531309e+000	  7.9033898e-001	  4.1462610e-001	  1.0030232e+000	  9.4199036e-001	
 -1.0662306e+000	 -4.6000703e-001	  4.5930721e-001	  4.0442915e-001	  1.8240855e-001	 -9.6873689e-001	 -6.3566491e-001	 -1.0471627e+000	  4.6901460e-001	 -7.5666663e-001	 -7.0636636e-001	
  1.3375873e+000	 -3.4384364e-001	 -1.7320691e+000	 -1.7794675e+000	 -1.5209195e+000	  9.5682089e-001	  3.2297154e-001	  1.6362295e+000	 -1.7919932e+000	  3.9009753e-001	  5.7793612e-001	
  8.1152379e-001	  1.2695368e+000	  7.6310984e-001	  8.4473089e-001	  7.8518447e-001	  9.4818610e-001	  8.8629399e-001	  6.5528082e-001	  7.5649669e-001	  1.0623386e+000	  1.1846932e+000	
 -1.0178086e-001	  1.2080993e-001	  5.2326566e-001	  4.9248950e-001	  3.0685261e-001	 -1.0275398e-002	  3.2297154e-001	 -2.0838051e-001	  5.3894268e-001	  3.2089625e-001	  2.9478281e-001	
  5.1654319e-002	  3.5313671e-001	  1.1598065e-002	 -1.9861611e-002	 -1.2870160e-001	  2.4263755e-002	 -6.2459612e-002	 -1.4440560e-001	  1.5045336e-001	  1.3306419e-001	  8.2417836e-002	
  9.7226541e-001	  4.9511419e-001	 -7.2392410e-001	 -7.3234988e-001	 -9.0647699e-001	  1.0604383e+000	  4.8109714e-001	  1.0284678e+000	 -4.9443890e-001	  9.2393603e-001	  7.8018847e-001	
  3.8775043e-001	  1.7243810e-001	 -8.8382022e-001	 -6.4428953e-001	 -8.6369934e-001	  4.2146401e-001	 -3.2811062e-002	  2.2522724e-001	 -6.9645334e-001	  6.3862901e-002	  7.2305218e-002	
  1.2206843e+000	  1.2437227e+000	  5.1527085e-001	  4.9248950e-001	  3.5740801e-001	  1.0086296e+000	  1.0048882e+000	  1.1066594e+000	  4.4570524e-001	  1.1414258e+000	  1.3464951e+000	
 -1.1639374e-001	 -5.9888682e-002	  1.9592871e-002	  2.8171306e-002	 -4.2575424e-003	 -1.8910186e-002	  1.6484594e-001	 -2.3325964e-001	  8.0525288e-002	  7.3748799e-002	  1.1629511e-002	
  3.7313756e-001	  3.5313671e-001	  2.7587677e-002	  2.8171306e-002	 -2.3759016e-001	  2.1422910e-001	  1.6484594e-001	  1.0793990e-001	  1.5045336e-001	  4.7907062e-001	  1.9365663e-001	
 -1.3584881e+000	 -1.0795451e+000	 -4.6809030e-001	 -4.1213043e-001	 -6.4203336e-001	 -1.3573024e+000	 -1.5547700e+000	 -1.2461958e+000	 -2.6911509e-001	 -1.4981090e+000	 -1.3636865e+000	
 -5.0635802e-002	 -1.0150099e+000	 -1.2835605e+000	 -1.4608491e+000	 -1.2642537e+000	 -1.5706680e-001	 -5.5660211e-001	 -2.0838051e-001	 -1.3568852e+000	 -8.1598202e-001	 -5.9512757e-001	
  1.1987650e+000	  1.0759312e+000	 -6.0355190e-002	  2.0429200e-001	 -5.0924065e-002	  1.1899602e+000	  1.1135995e+000	  1.3909923e+000	  1.7376272e-001	  1.3885732e+000	  1.3363825e+000	
 -1.1685207e+000	 -9.2466060e-001	 -3.3217860e-001	 -3.0805911e-001	 -4.3592288e-001	 -1.2709545e+000	 -1.2484016e+000	 -1.0898127e+000	 -1.6033809e-001	 -1.1224449e+000	 -1.1614342e+000	
 -3.3558685e-001	  2.8860149e-001	  1.2987618e+000	  1.3570820e+000	  1.5357377e+000	 -1.8297116e-001	  6.6887129e-001	 -4.1807606e-001	  9.6628092e-001	  7.3748799e-002	  2.3410711e-001	
  4.8273412e-001	 -7.9559016e-001	 -1.8487933e+000	 -1.9371755e+000	 -1.6111415e+000	  3.5238571e-001	 -5.6648496e-001	  4.6335608e-001	 -1.8463817e+000	 -3.7111661e-001	 -3.5242474e-001	
  1.3302808e+000	  1.3082579e+000	  6.1120852e-001	  4.5246207e-001	  3.9629678e-001	  1.2504037e+000	  1.3310222e+000	  1.5900254e+000	  5.7002182e-001	  1.4874322e+000	  1.5184096e+000	
  1.0672491e+000	  8.6941845e-001	  9.9540932e-002	 -1.1856125e-002	 -5.0924065e-002	  1.1813254e+000	  9.7523964e-001	  1.1777426e+000	  1.6599294e-001	  1.0919963e+000	  1.0228913e+000	
 -5.7942239e-002	  7.9197619e-001	  1.2747774e+000	  1.4211259e+000	  1.6990705e+000	  4.1533331e-002	  6.1945704e-001	 -2.8301791e-001	  1.0828277e+000	  3.1101035e-001	  3.2512067e-001	
  1.4325710e+000	  1.6309340e+000	  1.1628501e+000	  1.2049778e+000	  1.3918493e+000	  1.3453864e+000	  1.5879763e+000	  1.6930961e+000	  9.3520178e-001	  1.6653784e+000	  1.4476213e+000	
  3.3660537e-001	 -2.1167551e-002	 -6.4397604e-001	 -7.7237731e-001	 -8.0147731e-001	  3.8692486e-001	 -3.2811062e-002	  3.1408128e-001	 -5.7213676e-001	  2.3192317e-001	  3.0489543e-001	
  1.3741195e+000	  9.7267480e-001	  3.5582484e-002	  2.2830846e-001	  3.8520104e-002	  1.3885603e+000	  1.1234824e+000	  1.4834005e+000	  3.2138866e-001	  1.3885732e+000	  1.2858194e+000	
  4.8273412e-001	 -1.0408240e+000	 -1.8016240e+000	 -1.7754647e+000	 -1.5897527e+000	  1.6242037e-001	 -6.3566491e-001	  3.2474377e-001	 -1.9007702e+000	 -4.4031790e-001	 -5.1422662e-001	
 -3.1366754e-001	  5.8546350e-001	  1.6025645e+000	  1.4611533e+000	  1.8546256e+000	 -1.2252765e-001	  7.3805124e-001	 -5.1759259e-001	  1.0595184e+000	  1.1329239e-001	  2.0376925e-001	
 -2.1188690e+000	 -1.2086156e+000	  1.3307411e+000	  1.3170546e+000	  1.8507367e+000	 -2.0308158e+000	 -6.6531346e-001	 -1.6282682e+000	  1.1760652e+000	 -1.3201628e+000	 -1.2322225e+000	
 -1.0662306e+000	 -5.8907747e-001	  6.8316178e-001	  6.6861020e-001	  6.9185142e-001	 -8.0467592e-001	  6.7203380e-003	 -9.9029612e-001	  6.2441033e-001	 -6.0837816e-001	 -4.0298782e-001	
  3.7041445e-002	  4.8220715e-001	  4.2732798e-001	  5.2451145e-001	  4.7796319e-001	  3.4375092e-001	  4.4156574e-001	 -1.5862224e-001	  6.0887075e-001	  1.5283598e-001	  5.0714779e-001	
  7.0192723e-001	  1.4373284e+000	  9.3899557e-001	  1.0768900e+000	  1.1507389e+000	  9.9999483e-001	  1.3013737e+000	  7.5835152e-001	  9.5851114e-001	  1.3984591e+000	  1.1948058e+000	
  1.2206843e+000	  8.8232550e-001	 -1.0832403e-001	 -2.2800425e-001	 -3.4647871e-001	  1.1381514e+000	  8.3687974e-001	  1.3483424e+000	 -8.2640224e-002	  1.2106271e+000	  1.1240175e+000	
 -1.3000366e+000	 -1.2344296e+000	 -6.0400201e-001	 -6.6830599e-001	 -7.3536640e-001	 -1.4781894e+000	 -1.8216069e+000	 -1.2177625e+000	 -4.1674103e-001	 -1.5870821e+000	 -1.4344749e+000	
  3.7313756e-001	  3.7895080e-001	 -1.3230844e-001	 -2.4401522e-001	 -3.8536748e-001	  4.7327274e-001	  2.9332299e-001	  2.3233556e-001	 -6.7100651e-002	  3.3078215e-001	  3.7568376e-001	
 -1.3731009e+000	 -1.3118719e+000	 -3.3217860e-001	 -2.0398779e-001	 -4.8258940e-001	 -1.4091111e+000	 -1.4855900e+000	 -1.2781832e+000	 -9.8179796e-002	 -1.5673103e+000	 -1.3535739e+000	
  1.3887323e+000	 -4.8582112e-001	 -1.9575227e+000	 -2.1213017e+000	 -1.6749191e+000	  1.1295167e+000	  2.2414304e-001	  1.7144211e+000	 -2.2426408e+000	  5.1861421e-001	  4.4647208e-001	
  3.3660537e-001	  3.6604376e-001	 -4.2811627e-001	 -3.6409751e-001	 -5.9147796e-001	  4.7327274e-001	  1.3519739e-001	  2.4299805e-001	 -1.9918702e-001	  2.5169496e-001	  3.5545852e-001	
  9.4303966e-001	  1.1275593e+000	  1.7948899e-001	  1.9628651e-001	  5.4075611e-002	  1.0258992e+000	  9.0605969e-001	  8.3654308e-001	  2.6700016e-001	  9.6347962e-001	  1.0431165e+000	
 -7.8858596e-001	 -1.0021029e+000	 -7.2392410e-001	 -7.0032793e-001	 -8.6369934e-001	 -1.0119108e+000	 -1.4065272e+000	 -8.9788791e-001	 -5.5659719e-001	 -1.0927872e+000	 -1.1917720e+000	
  9.4303966e-001	 -1.6603621e+000	 -2.4353722e+000	 -2.5175733e+000	 -1.9332183e+000	  6.2869893e-001	 -4.0835936e-001	  9.9292620e-001	 -3.1158871e+000	 -8.6541151e-001	 -7.5692945e-001	
 -1.1466014e+000	 -3.4074595e-002	  1.1148813e+000	  1.0208516e+000	  9.7573944e-001	 -8.3921507e-001	 -2.2058521e-001	 -1.0791502e+000	  1.0362090e+000	 -5.2929098e-001	 -5.5467709e-001	
 -7.9861551e-002	  3.2732262e-001	  1.1553054e-001	  1.8828103e-001	 -3.6866553e-004	 -4.4814551e-002	  1.5496309e-001	 -2.5813878e-001	  3.1361888e-001	  1.4295008e-001	  1.5320616e-001	
 -1.4103616e-002	  5.7255645e-001	  8.8303193e-001	  8.5273638e-001	  1.0418503e+000	  5.8802908e-002	  4.7121429e-001	 -1.9416386e-001	  8.1088520e-001	  3.8021164e-001	  2.7455758e-001	
  7.9691092e-001	  1.3857002e+000	  1.0589177e+000	  1.0848955e+000	  1.2168498e+000	  9.7409046e-001	  1.3013737e+000	  7.4058071e-001	  9.4297156e-001	  1.0623386e+000	  1.0532292e+000	
 -1.3731009e+000	 -1.1957085e+000	 -3.8014743e-001	 -2.6002619e-001	 -5.1758929e-001	 -1.3659372e+000	 -1.5844185e+000	 -1.2959540e+000	 -1.2148915e-001	 -1.3992500e+000	 -1.6367272e+000	
  1.5640868e+000	  1.3340720e+000	  3.7136434e-001	  4.5246207e-001	  2.9518598e-001	  1.4317342e+000	  1.4693821e+000	  1.8352626e+000	  4.6901460e-001	  1.4973181e+000	  1.7004367e+000	
  1.0599427e+000	 -6.1489155e-001	 -1.7192775e+000	 -1.6049479e+000	 -1.5131418e+000	  7.1504682e-001	  6.6017438e-002	  1.0995511e+000	 -1.7220651e+000	  2.7146676e-001	  1.6331878e-001	
