  1.2558919e+000	  9.6442721e-001	 -5.3753930e-002	 -1.7760828e-001	 -2.6468914e-001	  1.2703742e+000	  8.5972571e-001	  1.5182058e+000	  3.6169261e-002	  1.2972365e+000	  1.2372682e+000	
  2.2219875e-001	  7.4453956e-001	  6.8278986e-001	  6.9002635e-001	  6.2212289e-001	  6.2387332e-001	  6.4929744e-001	  2.2385137e-001	  7.4143749e-001	  6.5269141e-001	  7.2107230e-001	
  9.5408366e-001	 -1.6799416e-001	 -1.2514980e+000	 -1.1701823e+000	 -1.2207834e+000	  6.4873874e-001	 -7.2387322e-003	  8.2041136e-001	 -1.0702607e+000	  2.5880275e-001	  3.7397504e-001	
  1.2106206e+000	  1.1623261e+000	  7.5850932e-001	  8.1496573e-001	  8.1264891e-001	  1.4112782e+000	  1.1374910e+000	  1.3699697e+000	  8.0614100e-001	  1.4762768e+000	  1.4063669e+000	
  1.1578042e+000	  6.6757889e-001	 -4.6870343e-002	 -2.2619582e-001	 -2.9240202e-001	  9.8856611e-001	  8.7655997e-001	  1.2868128e+000	  1.6758208e-002	  9.0334782e-001	  1.0058700e+000	
 -1.4830176e+000	 -3.6061574e-002	  1.2472440e+000	  1.1828428e+000	  1.6093941e+000	 -1.0172442e+000	 -1.0824430e-001	 -1.3235891e+000	  1.0908364e+000	 -6.1849471e-001	 -5.9611729e-001	
  1.0898974e+000	  1.2942587e+000	  9.0994823e-001	  7.0390850e-001	  7.9186425e-001	  1.1957779e+000	  1.0196512e+000	  1.3808162e+000	  8.4496310e-001	  1.2435244e+000	  1.2283683e+000	
  1.1427138e+000	  9.4243844e-001	  6.1395399e-001	  6.7614419e-001	  5.8055358e-001	  1.1460471e+000	  1.1374910e+000	  1.3555076e+000	  5.4732697e-001	  1.4404687e+000	  1.3262675e+000	
  1.3992508e+000	  6.6757889e-001	 -9.4173663e-001	 -9.1336244e-001	 -1.0129368e+000	  1.2786626e+000	  4.6412057e-001	  1.7495988e+000	 -7.9850598e-001	  1.0555321e+000	  7.2997223e-001	
  1.2257111e+000	  6.2360136e-001	 -5.6313936e-001	 -4.4136920e-001	 -6.9423872e-001	  1.0963163e+000	  6.3246318e-001	  1.3627386e+000	 -4.6851810e-001	  9.1229984e-001	  7.5667202e-001	
  3.9573847e-001	 -1.7898854e-001	 -8.5913359e-001	 -8.9948029e-001	 -1.0302573e+000	  2.6746901e-001	 -2.9342117e-001	  2.4915997e-001	 -7.2733213e-001	  1.3347454e-001	 -1.3332095e-001	
 -4.7950534e-001	  4.4769124e-001	  8.8241388e-001	  8.7049435e-001	  9.1657220e-001	 -3.3758948e-001	  3.0419510e-001	 -6.3302572e-001	  7.8672994e-001	  1.8718663e-001	  8.0277365e-002	
  1.1502590e+000	 -7.8367957e-001	 -1.8765277e+000	 -1.9434183e+000	 -1.6409798e+000	  8.5595055e-001	 -2.4072993e-002	  1.3772007e+000	 -2.1262220e+000	  1.8718663e-001	 -9.7721227e-002	
  3.9573847e-001	 -1.5093088e+000	 -2.0307201e+000	 -1.8143142e+000	 -1.6711176e+000	 -1.8839698e-001	 -7.9844900e-001	  1.2261694e-001	 -2.1773377e+000	 -1.1108555e+000	 -1.0589136e+000	
  6.3749439e-002	  5.7962383e-001	  4.8316584e-001	  5.4426373e-001	  2.7917605e-001	  3.6693068e-001	  4.8937197e-001	 -1.1157118e-002	  5.6026767e-001	  4.2889103e-001	  4.4517448e-001	
 -1.3245683e+000	 -2.6694360e-001	  1.0338528e+000	  9.6766943e-001	  1.1659881e+000	 -1.1249944e+000	 -1.8399847e-001	 -1.2729719e+000	  9.0966661e-001	 -7.4382292e-001	 -5.8721736e-001	
  5.6927819e-001	 -3.1092113e-001	 -1.3409847e+000	 -1.4061789e+000	 -1.3177784e+000	  4.4981540e-001	 -1.8399847e-001	  4.4801331e-001	 -1.2902526e+000	 -1.0822986e-001	 -5.3221579e-002	
  3.2783162e-001	  8.1050586e-001	  8.3422877e-001	  6.9002635e-001	  7.9879247e-001	  2.7575748e-001	  6.7454884e-001	  1.0815488e-001	  7.3496714e-001	  4.9155514e-001	  5.8757335e-001	
 -4.3423411e-001	  1.6183731e-001	  5.5200171e-001	  6.0673342e-001	  3.5192235e-001	 -2.1326240e-001	  1.3585249e-001	 -5.3179130e-001	  5.9261942e-001	  8.8714468e-002	  1.0697715e-001	
  3.8819327e-001	 -1.7072077e+000	 -1.9866651e+000	 -1.9836765e+000	 -1.6704248e+000	 -5.5781420e-002	 -7.8161474e-001	  2.0938931e-001	 -2.3164503e+000	 -1.1287596e+000	 -9.9661412e-001	
  8.8617681e-001	  2.0581484e-001	 -8.4536642e-001	 -8.1618736e-001	 -9.8868803e-001	  6.2387332e-001	  1.9477240e-001	  8.8549064e-001	 -6.5615827e-001	  6.7059544e-001	  5.4307371e-001	
 -2.1681223e+000	 -1.4763256e+000	 -2.6714512e-001	 -3.7195843e-001	 -5.5221023e-001	 -2.2107843e+000	 -2.3219496e+000	 -1.7006873e+000	 -8.6767403e-002	 -1.7195925e+000	 -1.9756064e+000	
  1.0521713e+000	  9.8641597e-001	  4.7628226e-001	  5.0261727e-001	  3.9002755e-001	  1.1377586e+000	  9.1022849e-001	  1.2108870e+000	  4.8909381e-001	  1.1361002e+000	  1.0681696e+000	
 -2.0700346e+000	 -2.4438313e+000	 -1.1275935e+000	 -1.1354769e+000	 -1.1307165e+000	 -2.5754771e+000	 -2.9700687e+000	 -1.7057491e+000	 -1.0573200e+000	 -2.5521299e+000	 -2.6342012e+000	
  2.6023413e-002	 -2.8893237e-001	 -8.3159924e-001	 -6.0795505e-001	 -9.1594173e-001	  1.1827650e-001	 -2.6816978e-001	 -8.7082936e-002	 -6.2380651e-001	 -1.2613389e-001	 -7.9921368e-002	
  7.2018230e-001	 -2.5067191e-002	 -1.0862920e+000	 -1.0521840e+000	 -1.1064678e+000	  4.4152693e-001	 -4.9324385e-002	  4.4801331e-001	 -9.0203159e-001	  6.1858423e-002	  6.2477506e-002	
 -2.6823959e-001	  1.3984854e-001	  2.9730900e-001	  2.5967957e-001	  1.3368345e-001	 -1.7182003e-001	  9.3766833e-002	 -3.7632415e-001	  2.8851294e-001	  1.6928260e-001	  1.2477701e-001	
  1.6183711e-001	  7.5553395e-001	  7.7227649e-001	  5.7202804e-001	  6.9833330e-001	  3.8350762e-001	  6.8296597e-001	  1.2984797e-001	  6.5732293e-001	  4.4679506e-001	  4.8077420e-001	
 -5.3986698e-001	 -2.5207920e+000	 -2.1601315e+000	 -2.0711341e+000	 -1.7255041e+000	 -1.0586866e+000	 -1.6906648e+000	 -5.6794645e-001	 -2.4879146e+000	 -1.9792010e+000	 -2.1447050e+000	
 -7.9609461e-002	  5.2465192e-001	  4.1432998e-001	  4.1238327e-001	  2.5492728e-001	  2.7103305e-002	  3.8836640e-001	 -2.1001045e-001	  5.1497521e-001	  2.2299469e-001	  2.7607582e-001	
  7.3527271e-001	  1.1073542e+000	  6.6213910e-001	  5.0261727e-001	  4.5930974e-001	  1.0631624e+000	  8.9339423e-001	  8.2402688e-001	  6.5085258e-001	  8.6753976e-001	  1.0147700e+000	
 -9.3976286e-001	  1.6183731e-001	  1.1646409e+000	  1.2244893e+000	  1.4881503e+000	 -7.0228227e-001	  2.8736083e-001	 -9.8373069e-001	  1.0390736e+000	 -2.6936613e-001	 -1.4222088e-001	
 -2.2790368e+000	 -8.9362339e-001	  7.4474214e-001	  8.1496573e-001	  6.2558700e-001	 -2.1527650e+000	 -1.0762143e+000	 -1.7940038e+000	  7.2202644e-001	 -1.5226482e+000	 -1.4238107e+000	
 -9.0203683e-001	 -9.1033485e-002	  7.7916008e-001	  7.9414250e-001	  7.5029494e-001	 -6.4426297e-001	 -6.6158645e-002	 -1.0271169e+000	  7.2202644e-001	 -3.2307822e-001	 -4.3591855e-001	
  1.8447272e-001	 -7.5069642e-001	 -1.1688950e+000	 -1.3228860e+000	 -1.2831373e+000	 -1.3866614e-001	 -7.1427769e-001	 -1.0877603e-001	 -1.2514305e+000	 -7.3487090e-001	 -5.7831743e-001	
  9.5408366e-001	  1.3382362e+000	  1.1439902e+000	  1.0926088e+000	  1.3184089e+000	  9.5541222e-001	  1.2048281e+000	  8.6741306e-001	  9.7437012e-001	  1.1271482e+000	  1.0325698e+000	
 -1.6354308e+000	 -3.5489866e-001	  9.0306464e-001	  1.0717856e+000	  1.1278829e+000	 -1.3487831e+000	 -3.8600960e-001	 -1.4392856e+000	  7.7378924e-001	 -7.7963098e-001	 -9.8771419e-001	
 -9.0203683e-001	 -5.8050338e-002	  1.0820379e+000	  9.3990512e-001	  1.2560549e+000	 -5.3651282e-001	  2.3685805e-001	 -9.2949796e-001	  8.6437415e-001	 -1.7089396e-001	 -2.1342031e-001	
 -7.7376835e-001	 -1.7841683e+000	 -1.7918596e+000	 -1.9260656e+000	 -1.6146526e+000	 -1.1830137e+000	 -1.8842588e+000	 -8.5718766e-001	 -1.8531732e+000	 -1.8986328e+000	 -1.8510074e+000	
  7.5790832e-001	  7.1155642e-001	  1.6652085e-001	  9.8008007e-003	 -8.1091339e-002	  7.5648888e-001	  6.0721179e-001	  7.1194591e-001	  2.3027978e-001	  1.0913401e+000	  7.4777209e-001	
  1.6938231e-001	  3.1575866e-001	  1.6652085e-001	  1.8332773e-001	 -1.1919654e-001	  2.2602664e-001	  3.6311501e-001	  3.3049424e-003	  2.0439838e-001	  2.6775477e-001	  2.9387568e-001	
 -6.6059027e-001	 -1.4072809e-002	  3.5237769e-001	  2.8744388e-001	  1.6832454e-001	 -4.4533963e-001	 -1.6716421e-001	 -7.5956875e-001	  3.3380539e-001	 -3.3203023e-001	 -3.2021947e-001	
 -1.5660149e+000	 -1.8281459e+000	 -9.7615457e-001	 -1.1285358e+000	 -1.1064678e+000	 -1.8792454e+000	 -2.2714468e+000	 -1.4642327e+000	 -8.3732809e-001	 -1.9254889e+000	 -2.0112061e+000	
 -1.5886505e+000	 -1.3993650e+000	 -3.9793327e-001	 -3.9972274e-001	 -6.2842064e-001	 -1.8792454e+000	 -1.8758417e+000	 -1.5285888e+000	 -2.0323372e-001	 -1.5584563e+000	 -1.5039101e+000	
 -2.6793024e-002	  3.9271933e-001	  3.1107617e-001	  4.2626542e-001	  2.7571194e-001	  2.2378876e-003	  1.7793814e-001	 -3.4378451e-001	  3.4674610e-001	  7.9762453e-002	  1.9597645e-001	
  1.1502590e+000	  1.3382362e+000	  5.3135095e-001	  5.2344050e-001	  5.0087906e-001	  1.1294701e+000	  1.1879938e+000	  1.2615042e+000	  7.5437819e-001	  1.1719083e+000	  1.3084677e+000	
  3.7310286e-001	 -1.4103594e+000	 -1.9832233e+000	 -2.0239348e+000	 -1.7272362e+000	  7.6834140e-002	 -8.5736891e-001	  2.5639100e-001	 -2.0996935e+000	 -9.8552732e-001	 -6.9401651e-001	
  2.7501519e-001	  5.9061821e-001	  6.2083758e-001	  7.5943712e-001	  6.2558700e-001	  4.4152693e-001	  9.2706275e-001	  2.3831343e-001	  6.2497118e-001	  8.8544379e-001	  6.2317307e-001	
  6.9000148e-001	  1.0413879e+000	  8.4111236e-001	  6.9696742e-001	  7.8147193e-001	  8.3108514e-001	  7.7555440e-001	  7.5894761e-001	  7.7378924e-001	  9.1229984e-001	  1.0948693e+000	
 -1.2340259e+000	 -1.9051066e+000	 -1.3065667e+000	 -1.4200611e+000	 -1.3281708e+000	 -1.5394180e+000	 -2.0946871e+000	 -1.1608909e+000	 -1.2643712e+000	 -1.7554006e+000	 -1.8421074e+000	
 -5.7759301e-001	  1.9482045e-001	  5.5888530e-001	  4.7485296e-001	  3.5192235e-001	 -2.2983934e-001	  9.5955287e-003	 -6.7641190e-001	  5.7967872e-001	 -9.0325830e-002	 -7.1021438e-002	
 -1.7901075e+000	 -1.1464942e+000	  1.7340444e-001	  1.4862234e-001	 -3.6057916e-002	 -1.8460915e+000	 -1.2866426e+000	 -1.5477511e+000	  2.2380943e-001	 -1.2898958e+000	 -1.2280123e+000	
  7.1263709e-001	 -1.4103594e+000	 -2.0320968e+000	 -2.0169937e+000	 -1.7251577e+000	  4.3323846e-001	 -5.5435221e-001	  5.2755464e-001	 -2.3222736e+000	 -9.2286322e-001	 -7.5631602e-001	
  1.0933002e-002	 -1.8611290e+000	 -1.8978668e+000	 -2.0017233e+000	 -1.6676535e+000	 -5.7795519e-001	 -1.2529740e+000	 -2.6785869e-001	 -2.1100461e+000	 -1.2182797e+000	 -1.4149108e+000	
  7.6545353e-001	 -8.3865148e-001	 -1.8070035e+000	 -1.7643385e+000	 -1.5969857e+000	  2.6746901e-001	 -5.9643787e-001	  5.0947706e-001	 -1.9049360e+000	 -4.4840643e-001	 -4.1811869e-001	
 -9.0958204e-001	 -3.4390428e-001	  4.9499873e-002	  1.9026880e-001	 -7.7627230e-002	 -7.2714769e-001	 -3.6075821e-001	 -9.0057384e-001	  2.4969083e-001	 -6.0954269e-001	 -4.7151827e-001	
  4.0328368e-001	  9.0945530e-001	  1.2334768e+000	  1.3008411e+000	  1.6093941e+000	  6.9846958e-001	  1.0364854e+000	  2.6362203e-001	  1.1167178e+000	  8.2277969e-001	  9.1687075e-001	
  1.3841604e+000	  1.3382362e+000	  1.2128261e+000	  1.0995499e+000	  1.4846862e+000	  1.2206433e+000	  1.3563364e+000	  1.7640608e+000	  1.0067219e+000	  1.5120848e+000	  1.6199652e+000	
  2.5237957e-001	  4.5868563e-001	  1.7340444e-001	  3.0624032e-002	 -1.3305298e-001	  2.8404595e-001	  2.2844092e-001	  5.0306639e-002	  3.9203855e-001	  3.8413096e-001	  4.2737462e-001	
  5.3155217e-001	 -5.6379192e-001	 -1.3547518e+000	 -1.3437092e+000	 -1.3385631e+000	  2.0116123e-001	 -3.5234108e-001	  4.1908918e-001	 -1.2967230e+000	 -1.9775001e-001	  2.6877787e-002	
 -2.2624373e+000	 -3.2464212e+000	 -1.5653896e+000	 -1.3714735e+000	 -1.4009171e+000	 -3.1722471e+000	 -3.9212044e+000	 -1.7693821e+000	 -1.5425963e+000	 -3.0802988e+000	 -3.1236973e+000	
 -1.0529409e+000	 -1.1245054e+000	 -7.9029772e-001	 -8.3701059e-001	 -9.5058282e-001	 -1.0835520e+000	 -1.2529740e+000	 -1.1175048e+000	 -5.7204371e-001	 -1.2809438e+000	 -1.1657128e+000	
  7.2018230e-001	  9.2044968e-001	  6.2772117e-001	  6.9696742e-001	  5.9787412e-001	  8.8910444e-001	  7.7555440e-001	  7.5533209e-001	  6.6379328e-001	  8.6753976e-001	  1.0414698e+000	
  1.0974426e+000	  1.2172980e+000	  8.4799595e-001	  8.7743543e-001	  1.0828495e+000	  9.9685458e-001	  1.0869882e+000	  1.2723508e+000	  7.9320030e-001	  1.2524764e+000	  1.0948693e+000	
 -2.0534352e+000	 -1.8941122e+000	 -5.2872142e-001	 -7.8148198e-001	 -7.7044913e-001	 -2.3019575e+000	 -2.2882811e+000	 -1.6793558e+000	 -4.1028494e-001	 -1.9254889e+000	 -1.9489066e+000	
 -3.7387247e-001	 -2.0097731e-001	  1.7340444e-001	  8.6152648e-002	 -1.4168208e-003	 -2.1326240e-001	 -4.9324385e-002	 -5.1009821e-001	  2.3675013e-001	 -1.6194195e-001	 -2.5791996e-001	
  1.4674670e-001	  4.6968001e-001	  1.5081939e-002	  5.8388340e-002	 -1.9194284e-001	  3.3377679e-001	  2.9577796e-001	  6.8384215e-002	  2.1086873e-001	  3.7517894e-001	  3.7397504e-001	
  1.3011631e+000	 -2.0097731e-001	 -1.5392320e+000	 -1.5651296e+000	 -1.4456041e+000	  1.0714508e+000	  3.7994927e-001	  1.6302868e+000	 -1.5684777e+000	  7.5116357e-001	  5.0747399e-001	
  5.2400696e-001	  1.0853654e+000	  1.0682707e+000	  1.2244893e+000	  1.3530500e+000	  7.2333499e-001	  9.6914840e-001	  4.3355124e-001	  9.8731082e-001	  8.0487566e-001	  8.6347117e-001	
  1.1427138e+000	  1.0523823e+000	  5.7265247e-001	  5.5120481e-001	  4.3159687e-001	  1.0963163e+000	  1.1038225e+000	  1.2181180e+000	  5.7967872e-001	  1.1271482e+000	  9.9697012e-001	
  3.5046724e-001	  4.3669686e-001	  2.6289107e-001	  3.2909034e-001	  1.5100400e-001	  2.4260359e-001	  5.6512614e-001	  1.2984797e-001	  4.9556416e-001	  3.3041887e-001	  5.1637392e-001	
 -3.4369165e-001	  2.7178113e-001	  9.0306464e-001	  8.4967112e-001	  9.3042863e-001	 -2.8785865e-001	  2.8736083e-001	 -5.7517748e-001	  7.8672994e-001	  8.8714468e-002	  2.6877787e-002	
  2.9010560e-001	 -1.5093088e+000	 -1.9887302e+000	 -1.7796088e+000	 -1.6375157e+000	 -1.6353156e-001	 -8.0686613e-001	  3.9460094e-002	 -2.1553385e+000	 -1.2182797e+000	 -1.1568129e+000	
 -3.3614644e-001	  6.2360136e-001	  1.0338528e+000	  1.0162570e+000	  1.1348111e+000	 -2.4641629e-001	  4.2203492e-001	 -5.4986887e-001	  9.5495906e-001	  2.5880275e-001	  1.5147680e-001	
  2.0710834e-001	  4.8067439e-001	  3.2484335e-001	  3.0132603e-001	  8.8650026e-002	  4.0008457e-001	  3.7994927e-001	  5.7537670e-002	  3.4027574e-001	  4.7365111e-001	  5.2527385e-001	
  9.8426448e-001	  1.0853654e+000	  1.0889215e+000	  1.0440213e+000	  1.2040933e+000	  9.8856611e-001	  1.0701540e+000	  9.8310955e-001	  8.9672591e-001	  1.0555321e+000	  1.1482689e+000	
  3.3568618e-002	  5.7962383e-001	  1.1371066e+000	  1.1481374e+000	  1.4708297e+000	  3.2548831e-001	  7.5872014e-001	 -1.4131566e-001	  9.8084047e-001	  5.9897932e-001	  6.5877279e-001	
 -1.1661190e+000	 -5.4180316e-001	  2.6289107e-001	  4.5402973e-001	  2.9649660e-001	 -8.1832089e-001	 -4.1126099e-001	 -1.0777341e+000	  4.1791995e-001	 -6.7220680e-001	 -6.0501722e-001	
  1.2558919e+000	  1.2502811e+000	  9.7190051e-001	  1.0301391e+000	  1.2491267e+000	  1.3449704e+000	  1.2805822e+000	  1.4965127e+000	  9.0966661e-001	  1.3151405e+000	  1.4775663e+000	
 -9.2467245e-001	 -1.7898854e-001	  4.5563150e-001	  5.4426373e-001	  4.2120454e-001	 -5.6137824e-001	 -2.0924986e-001	 -9.0418936e-001	  4.7615311e-001	 -4.8421449e-001	 -2.6681989e-001	
  1.4445220e+000	  1.0084047e+000	  2.8354183e-001	  3.4991357e-001	  1.6139633e-001	  1.2289318e+000	  1.1795767e+000	  1.7062126e+000	  4.1791995e-001	  1.4225647e+000	  1.3885670e+000	
 -5.6973845e-002	 -5.4180316e-001	 -1.0587576e+000	 -9.7583213e-001	 -1.0718267e+000	 -9.7223782e-002	 -3.4392395e-001	 -2.1724148e-001	 -9.5379440e-001	 -4.3945441e-001	 -4.5371841e-001	
  5.3909737e-001	  6.8956765e-001	  4.0056280e-001	  5.5814588e-001	  3.1728125e-001	  5.4098860e-001	  6.3246318e-001	  3.4677888e-001	  4.3086065e-001	  7.7801961e-001	  5.5197363e-001	
  1.3539795e+000	  1.6183731e-001	 -1.3272175e+000	 -1.2812395e+000	 -1.3039220e+000	  1.0465854e+000	  3.9678353e-001	  1.6302868e+000	 -1.2255491e+000	  7.3325954e-001	  7.8337180e-001	
 -1.1812094e+000	 -2.1197169e-001	  4.2809715e-001	  4.4708865e-001	  3.4845824e-001	 -1.0172442e+000	 -5.7960360e-001	 -1.2802029e+000	  5.2144557e-001	 -7.3487090e-001	 -8.9871489e-001	
  1.3388891e+000	  1.3492306e+000	  1.0338528e+000	  1.0995499e+000	  1.1590599e+000	  1.1874895e+000	  1.2637480e+000	  1.5543609e+000	  9.4201836e-001	  1.4583727e+000	  1.4063669e+000	
 -1.2792971e+000	 -2.2296607e-001	  5.5200171e-001	  5.3038158e-001	  5.0434317e-001	 -8.9291714e-001	 -4.5334665e-001	 -1.2042771e+000	  5.7320837e-001	 -7.1696687e-001	 -5.2491785e-001	
 -7.5867793e-001	  1.6183731e-001	  1.0200856e+000	  1.0509624e+000	  1.2733755e+000	 -3.3758948e-001	  3.8836640e-001	 -7.3787566e-001	  8.7731485e-001	 -1.7984598e-001	 -2.6681989e-001	
  4.7119052e-001	  5.7962383e-001	  1.6652085e-001	  8.6152648e-002	 -9.4947777e-002	  7.3162347e-001	  5.8196040e-001	  3.1785476e-001	  2.4322048e-001	  6.1688335e-001	  5.5197363e-001	
  8.1072476e-001	  1.3052531e+000	  1.1577574e+000	  1.0926088e+000	  1.2664473e+000	  1.0217200e+000	  1.0785711e+000	  7.6617864e-001	  9.8731082e-001	  1.1271482e+000	  1.1215691e+000	
 -1.4151108e+000	 -3.5489866e-001	  7.8604367e-001	  9.5378727e-001	  8.7153877e-001	 -1.2907638e+000	 -4.9543230e-001	 -1.3633598e+000	  6.3791188e-001	 -8.4229508e-001	 -9.6991433e-001	
 -5.8513821e-001	 -8.0039103e-002	  2.5600748e-001	  1.9026880e-001	 -4.9914354e-002	 -4.6191657e-001	 -1.7558134e-001	 -6.7641190e-001	  3.7909785e-001	 -3.6783829e-001	 -7.9921368e-002	
 -1.1133026e+000	 -5.5279754e-001	  7.7034220e-002	  7.2270494e-002	 -1.0187600e-001	 -8.8462867e-001	 -7.2269482e-001	 -1.1211203e+000	  2.8851294e-001	 -6.9906284e-001	 -6.9401651e-001	
  1.9956313e-001	  7.7752271e-001	  5.0381661e-001	  5.9979235e-001	  5.4244837e-001	  4.4152693e-001	  5.9879466e-001	 -4.7312270e-002	  5.7967872e-001	  4.5574708e-001	  4.1847469e-001	
 -9.6994368e-001	  1.0686540e-001	  1.0338528e+000	  1.1064910e+000	  1.2595190e+000	 -5.9453213e-001	 -5.7741515e-002	 -9.6203760e-001	  8.8378521e-001	 -1.9775001e-001	 -2.2232024e-001	
  1.3313439e+000	  4.1470810e-001	 -9.7615457e-001	 -9.8971429e-001	 -1.0718267e+000	  1.0631624e+000	  6.1562892e-001	  1.7279057e+000	 -8.5673914e-001	  8.9439581e-001	  9.2577068e-001	
 -1.1585738e+000	 -1.3501101e-001	  6.2772117e-001	  5.6508696e-001	  5.9441001e-001	 -9.8409034e-001	 -3.1867256e-001	 -1.1825840e+000	  6.1850083e-001	 -6.1849471e-001	 -5.9611729e-001	
  5.0137134e-001	  1.8382607e-001	 -6.3885881e-001	 -6.7042475e-001	 -7.8776968e-001	  3.9179609e-001	  1.0218396e-001	  3.6124094e-001	 -5.2675125e-001	  2.4089872e-001	  1.4257687e-001	
  1.0902067e-001	  7.4453956e-001	  9.4436616e-001	  1.1064910e+000	  1.2144856e+000	  3.5035373e-001	  8.7655997e-001	 -1.0877603e-001	  9.0966661e-001	  5.3631521e-001	  6.9437251e-001	
  3.6555765e-001	  8.3249462e-001	  5.5200171e-001	  5.4426373e-001	  4.2466865e-001	  5.8243096e-001	  5.3145762e-001	  2.2746688e-001	  5.2144557e-001	  5.9002730e-001	  7.2107230e-001	
