  1.3605522e-001	  4.4971029e-001	  2.7820581e-001	  3.7548787e-001	  2.2114656e-001	  3.4512626e-001	  4.8696179e-001	  7.6174471e-002	  4.2316908e-001	  4.0511313e-001	  4.9014361e-001	
 -1.3221321e+000	 -4.8057898e-001	  2.7820581e-001	  2.7828173e-001	  1.0597872e-001	 -1.1522725e+000	 -6.9290157e-001	 -1.2392154e+000	  3.6210122e-001	 -7.5382462e-001	 -9.4074273e-001	
  1.0447807e+000	  7.5628288e-001	 -1.7266266e-001	 -9.7582001e-002	 -3.7068816e-001	  9.5696662e-001	  7.5098716e-001	  1.0652927e+000	  6.8975529e-002	  9.4595074e-001	  8.8905738e-001	
  9.9546997e-001	  1.1791416e+000	  8.7721678e-001	  8.6151855e-001	  9.9213126e-001	  1.1984826e+000	  1.1635268e+000	  1.1923670e+000	  6.9186763e-001	  1.2550008e+000	  1.3139873e+000	
 -1.0333124e+000	 -3.1143547e-001	  2.3955994e-001	  2.7180132e-001	  7.3987658e-002	 -8.8660498e-001	 -5.4438731e-001	 -1.0606246e+000	  3.0714016e-001	 -6.0788431e-001	 -7.1526973e-001	
 -7.5858145e-001	 -8.9434627e-002	  3.6193853e-001	  2.6532091e-001	  7.3987658e-002	 -5.8068480e-001	 -2.8036194e-001	 -8.5455834e-001	  3.9263515e-001	 -1.7006338e-001	 -3.3370004e-001	
  1.1574908e+000	  4.9199616e-001	 -6.4929504e-001	 -7.5210332e-001	 -8.6015147e-001	  9.7306768e-001	  5.9422209e-001	  1.4224743e+000	 -5.1727586e-001	  9.5453547e-001	  9.3241757e-001	
 -7.2335954e-001	 -9.9858095e-001	 -1.0357537e+000	 -8.7523110e-001	 -1.0009122e+000	 -7.6584701e-001	 -1.1301936e+000	 -7.8586958e-001	 -7.6765406e-001	 -1.0800441e+000	 -1.0361351e+000	
  8.7571546e-001	  1.6280062e-002	 -9.3913906e-001	 -8.4930946e-001	 -9.9131485e-001	  8.5230972e-001	  3.0544435e-001	  9.6225959e-001	 -7.6154727e-001	  5.6822288e-001	  5.6819196e-001	
 -1.3221321e+000	 -2.0572078e-001	  1.0253593e+000	  1.0688916e+000	  1.2096705e+000	 -1.0395651e+000	 -8.2342912e-002	 -1.2289121e+000	  9.1781869e-001	 -5.8213014e-001	 -5.7651711e-001	
  6.3620643e-001	  1.2108560e+000	  1.0897691e+000	  1.0818525e+000	  1.4304089e+000	  9.7306768e-001	  1.1387744e+000	  6.8750451e-001	  8.9339155e-001	  9.1161185e-001	  1.0017939e+000	
  1.2420234e+000	 -1.1042956e+000	 -1.9272495e+000	 -1.9704202e+000	 -1.6061192e+000	  5.2223795e-001	 -8.0857769e-003	  1.3675233e+000	 -2.3260446e+000	 -1.0138559e-001	 -8.2210924e-002	
 -2.1885913e+000	 -1.2522962e+000	  4.6499418e-001	  4.2085073e-001	  3.2031887e-001	 -2.0619825e+000	 -1.2787079e+000	 -1.7076728e+000	  5.0255729e-001	 -1.4921109e+000	 -1.4610650e+000	
  6.2916205e-001	  1.0311411e+000	  1.3216443e+000	  1.2438627e+000	  1.5743687e+000	  8.4425919e-001	  1.0232633e+000	  6.4972569e-001	  1.0765951e+000	  1.1519841e+000	  1.1665626e+000	
  1.3617779e+000	 -9.2458067e-001	 -1.8569784e+000	 -1.9704202e+000	 -1.6080386e+000	  7.6375388e-001	 -6.5841326e-002	  1.6113684e+000	 -2.1960311e+000	  9.6063062e-002	  1.3459004e-001	
  9.4615929e-001	  1.0099981e+000	  4.4567124e-001	  3.5604664e-001	  1.0597872e-001	  1.0616235e+000	  8.9950142e-001	  1.0549894e+000	  4.0484872e-001	  1.1176452e+000	  9.4976165e-001	
  6.8551711e-001	 -4.8057898e-001	 -1.3326828e+000	 -1.3489490e+000	 -1.2961897e+000	  4.0953051e-001	 -1.5660005e-001	  5.8447136e-001	 -1.3355851e+000	  2.7385270e-002	 -9.0882963e-002	
  8.4753793e-001	  5.7656791e-001	 -3.6589200e-001	 -3.0495509e-001	 -5.3704171e-001	  9.0061290e-001	  5.5296813e-001	  8.7983306e-001	 -1.7529588e-001	  8.2576461e-001	  8.4569719e-001	
  2.7694288e-001	  6.9285407e-001	  4.1346635e-001	  5.1157646e-001	  4.0989385e-001	  3.9342945e-001	  5.5296813e-001	  1.3799436e-001	  5.2087764e-001	  6.5407012e-001	  5.5951992e-001	
  1.0447807e+000	  9.1485492e-001	  2.1379603e-001	  4.4987000e-002	 -6.9972140e-002	  1.1421288e+000	  9.4900618e-001	  1.3194412e+000	  2.3996552e-001	  1.0575522e+000	  1.0451541e+000	
 -8.2320663e-002	  5.0256763e-001	  5.8737276e-001	  7.9671446e-001	  5.4105722e-001	  2.3241883e-001	  4.5395862e-001	 -3.0504820e-001	  7.3461513e-001	  2.6775754e-001	  3.7740711e-001	
  1.0083330e-001	  8.5142610e-001	  9.6094950e-001	  1.0170484e+000	  1.0657107e+000	  2.3241883e-001	  7.0148240e-001	 -6.1203067e-002	  8.6285762e-001	  4.5662147e-001	  5.5084788e-001	
  4.5305246e-001	  8.8314051e-001	  8.9653971e-001	  8.6151855e-001	  8.9615806e-001	  6.0274326e-001	  7.0148240e-001	  2.1011757e-001	  8.3232369e-001	  7.6567154e-001	  5.9420807e-001	
 -9.5582419e-001	 -5.0172191e-001	  3.3448644e-002	 -6.5179955e-002	 -2.0113551e-001	 -1.0315145e+000	 -8.0016188e-001	 -1.0777968e+000	  1.5447052e-001	 -7.6240934e-001	 -6.8925361e-001	
  8.5458231e-001	  1.2214275e+000	  1.1735018e+000	  1.1207349e+000	  1.3664267e+000	  9.0866343e-001	  1.1305236e+000	  7.8366879e-001	  9.5445940e-001	  1.0918911e+000	  1.2792991e+000	
 -1.8877961e+000	 -5.9686513e-001	  6.9042841e-001	  6.6062587e-001	  7.6499469e-001	 -1.8365676e+000	 -9.4867615e-001	 -1.6276504e+000	  8.2011012e-001	 -1.1143830e+000	 -9.8410292e-001	
  4.0374178e-001	 -1.0197239e+000	 -1.6631050e+000	 -1.7786001e+000	 -1.4686216e+000	  9.5559803e-002	 -6.5164761e-001	  2.6850302e-001	 -1.7764950e+000	 -6.6797738e-001	 -5.4182896e-001	
  4.1078616e-001	  1.0099981e+000	  1.1735018e+000	  1.0429700e+000	  1.2864491e+000	  6.8324857e-001	  1.0480157e+000	  2.6506858e-001	  9.1781869e-001	  7.9142571e-001	  8.1968107e-001	
 -4.2749544e-001	  2.3828091e-001	  1.1155330e+000	  1.1984998e+000	  1.1872768e+000	 -1.6205719e-001	  5.2821575e-001	 -5.8323771e-001	  9.6056619e-001	  1.4757141e-001	  2.4732654e-001	
 -6.9518201e-001	  4.7994469e-002	  1.0253593e+000	  1.0300092e+000	  1.0401179e+000	 -4.5187631e-001	  2.6419038e-001	 -8.2021396e-001	  9.4224583e-001	 -6.7046695e-002	 -7.3538886e-002	
  1.3547335e+000	 -4.9115044e-001	 -1.5471674e+000	 -1.5718751e+000	 -1.3832054e+000	  1.0294214e+000	  3.2194593e-001	  1.6491473e+000	 -1.6897786e+000	  5.3388399e-001	  4.9014361e-001	
 -4.1340668e-001	  4.7085322e-001	  8.9009874e-001	  8.1615569e-001	  8.5776878e-001	 -1.2180453e-001	  2.8069197e-001	 -5.7636883e-001	  7.8346941e-001	  2.8492699e-001	 -3.0178694e-002	
 -4.9089489e-001	  6.9137406e-002	  3.1041070e-001	  3.8844868e-001	  1.7635907e-001	 -2.5866356e-001	 -1.4009846e-001	 -6.4505760e-001	  3.1935373e-001	 -4.1292523e-002	 -1.1689908e-001	
  9.8138121e-001	  1.2002846e+000	  1.0704461e+000	  1.1660978e+000	  1.4336080e+000	  9.7306768e-001	  1.2460347e+000	  9.9660397e-001	  1.0094205e+000	  1.2292466e+000	  1.2272669e+000	
 -5.3316119e-001	 -6.6029395e-001	 -7.5235069e-001	 -7.2618169e-001	 -8.4415594e-001	 -6.0483639e-001	 -8.3316505e-001	 -7.3091856e-001	 -5.1116908e-001	 -7.5382462e-001	 -8.2800623e-001	
  1.3758667e+000	  2.5942385e-001	 -1.1645733e+000	 -1.1279671e+000	 -1.1384738e+000	  1.0535730e+000	  3.7970148e-001	  1.5529830e+000	 -1.0852069e+000	  7.3133264e-001	  6.0288011e-001	
 -1.5158527e+000	 -1.0831527e+000	 -4.8182961e-001	 -5.7065187e-001	 -7.1619168e-001	 -1.4823443e+000	 -1.6664951e+000	 -1.4006341e+000	 -3.3407230e-001	 -1.6809748e+000	 -1.6778660e+000	
  1.4309960e-001	 -8.9434627e-002	 -7.3302776e-001	 -8.0394660e-001	 -9.2413361e-001	  2.0826724e-001	 -2.5560956e-001	 -3.0293121e-002	 -5.6002336e-001	 -1.7006338e-001	 -4.7522770e-002	
  5.1522619e-002	  8.3028317e-001	  1.1541788e+000	  1.1725782e+000	  1.3856214e+000	  2.8072202e-001	  8.0049191e-001	 -1.1271964e-001	  9.6667297e-001	  5.2529926e-001	  4.2943934e-001	
  6.2916205e-001	  2.8056678e-001	 -5.7844428e-001	 -6.8081882e-001	 -8.0256756e-001	  6.5909697e-001	  2.3943801e-001	  4.8487264e-001	 -5.1727586e-001	  2.8492699e-001	  3.5139100e-001	
  7.4891656e-001	  9.3599785e-001	  5.2940396e-001	  5.9582178e-001	  4.3548671e-001	  8.6036025e-001	  8.6649825e-001	  7.1841446e-001	  6.3690656e-001	  1.0146285e+000	  9.2374553e-001	
  1.1434020e+000	 -5.9686513e-001	 -1.6811397e+000	 -1.7202764e+000	 -1.4862166e+000	  7.1545069e-001	  1.2392691e-001	  1.4087366e+000	 -1.8143571e+000	  1.8191030e-001	  2.2998246e-001	
  9.7433682e-001	  1.1051414e+000	  5.0364005e-001	  6.2174341e-001	  5.0906616e-001	  1.1018762e+000	  9.5725697e-001	  1.0824649e+000	  6.2469299e-001	  1.1090605e+000	  1.2446110e+000	
  1.2901083e-001	  4.6028175e-001	  7.7416113e-001	  7.2542996e-001	  7.2020720e-001	  2.4046936e-001	  5.0346337e-001	 -1.9514617e-001	  5.9415907e-001	  4.1369785e-001	  2.4732654e-001	
  1.1504464e+000	  1.2848563e+000	  5.0364005e-001	  5.6990014e-001	  4.0669475e-001	  1.1823815e+000	  9.9026015e-001	  1.2576213e+000	  6.4301335e-001	  1.3580175e+000	  1.1405465e+000	
  8.4753793e-001	  1.1685702e+000	  1.2057067e+000	  1.0624112e+000	  1.1776794e+000	  9.4891609e-001	  1.2295331e+000	  9.1417745e-001	  9.6056619e-001	  1.2378314e+000	  1.2619550e+000	
  1.2208902e+000	  1.2425705e+000	  7.1619233e-001	  7.4487119e-001	  6.9781345e-001	  1.2306847e+000	  1.2377839e+000	  1.4327777e+000	  7.4072191e-001	  1.3322633e+000	  1.5307882e+000	
  1.9945467e-001	 -1.8548699e+000	 -1.8775896e+000	 -1.7215725e+000	 -1.5018923e+000	 -2.3451197e-001	 -6.3514603e-001	 -1.3120929e-002	 -2.1764894e+000	 -1.2431539e+000	 -1.2269200e+000	
 -7.7267022e-001	 -2.0451564e+000	 -1.6373411e+000	 -1.6399194e+000	 -1.4494269e+000	 -1.0395651e+000	 -1.7655046e+000	 -7.3778744e-001	 -1.7832125e+000	 -1.7410679e+000	 -1.7559143e+000	
  8.6744535e-002	  6.6113966e-001	  6.0025472e-001	  5.3749809e-001	  4.2908849e-001	  2.4851989e-001	  4.2095545e-001	 -1.5736734e-001	  6.6133371e-001	  2.0766447e-001	  5.0748769e-001	
 -1.4489310e+000	 -8.9434627e-002	  9.6739047e-001	  1.0688916e+000	  1.0721089e+000	 -1.1281209e+000	 -1.7310163e-001	 -1.3285108e+000	  1.0216340e+000	 -6.2505376e-001	 -6.0253323e-001	
 -1.8532786e+000	 -1.7808696e+000	 -1.0035488e+000	 -1.0826042e+000	 -1.0584961e+000	 -2.1344373e+000	 -2.8546093e+000	 -1.5620527e+000	 -7.8597441e-001	 -2.2647360e+000	 -2.0941238e+000	
  1.1293133e+000	  1.4117140e+000	  8.7721678e-001	  9.1336182e-001	  8.1937950e-001	  1.1501794e+000	  1.0892697e+000	  1.2850968e+000	  7.9568298e-001	  1.2635855e+000	  1.3139873e+000	
  1.1786239e+000	  1.5068572e+000	  1.3216443e+000	  1.0624112e+000	  1.4368071e+000	  1.2709373e+000	  1.3945490e+000	  1.4705565e+000	  1.0033137e+000	  1.4867884e+000	  1.4267238e+000	
  6.0098451e-001	  2.3828091e-001	 -6.1709015e-001	 -6.7433841e-001	 -8.3775773e-001	  6.2689485e-001	  5.7920565e-002	  4.5052826e-001	 -3.8292658e-001	  3.2785061e-001	  3.7740711e-001	
 -3.3009980e-002	  2.4885238e-001	  2.7820581e-001	  2.7828173e-001	  2.2801952e-002	  7.9458741e-002	  1.0742532e-001	 -2.7070381e-001	  4.1095551e-001	  1.3040196e-001	  1.7795023e-001	
 -1.2869102e+000	 -8.7172332e-001	 -2.9504124e-001	 -3.0495509e-001	 -4.6986047e-001	 -1.2408283e+000	 -1.1714476e+000	 -1.2529532e+000	 -3.4839821e-002	 -1.2259844e+000	 -1.1575437e+000	
  1.2913341e+000	  8.9371198e-001	  1.4938625e-001	  8.3869455e-002	 -7.3171246e-002	  1.2387352e+000	  8.1699350e-001	  1.5632863e+000	  2.8881980e-001	  1.2206619e+000	  1.3660195e+000	
 -1.0403568e+000	 -4.1715016e-001	  2.5888288e-001	  3.0420337e-001	  1.9235460e-001	 -1.0637167e+000	 -6.1864444e-001	 -1.1533545e+000	  3.7431480e-001	 -8.3108713e-001	 -8.2800623e-001	
  1.9945467e-001	  7.0342554e-001	  6.1957765e-001	  7.7727323e-001	  6.0823846e-001	  3.2097467e-001	  5.7772051e-001	 -6.4637505e-002	  6.6744049e-001	  4.9954509e-001	  5.5951992e-001	
  6.9256149e-001	 -4.7148751e-002	 -9.0693417e-001	 -8.7523110e-001	 -1.0265050e+000	  5.5444007e-001	  9.9174529e-002	  6.4629125e-001	 -7.4933370e-001	  3.1068116e-001	  3.7740711e-001	
  2.0649905e-001	  1.1368558e+000	  1.2057067e+000	  1.1855390e+000	  1.4496035e+000	  4.4978317e-001	  9.4900618e-001	 -2.8176133e-003	  9.8499333e-001	  7.5708681e-001	  5.6819196e-001	
 -2.4434148e-001	  2.6999532e-001	  1.0704461e+000	  1.1142545e+000	  1.1968741e+000	 -2.1841091e-001	  6.5197764e-001	 -4.3212242e-001	  1.0033137e+000	  4.3086730e-001	  2.9068673e-001	
  3.8260863e-001	  8.4085463e-001	  6.9686939e-001	  5.6341973e-001	  5.9224293e-001	  4.6588423e-001	  7.5098716e-001	  1.9981425e-001	  6.4912013e-001	  5.7680761e-001	  6.5491234e-001	
  9.6729244e-001	  1.0311411e+000	  8.3212993e-001	  8.3559691e-001	  8.5776878e-001	  1.0052698e+000	  1.0645173e+000	  9.6225959e-001	  8.2621691e-001	  1.1176452e+000	  1.2706271e+000	
 -9.6991295e-001	  1.2199475e-001	  1.1606198e+000	  9.7816592e-001	  1.4016169e+000	 -8.5440286e-001	  1.6518087e-001	 -1.1052723e+000	  8.7507119e-001	 -4.8769817e-001	 -2.9901188e-001	
  1.2068015e+000	  1.1897131e+000	  3.7482049e-001	  3.5604664e-001	  1.7315996e-001	  1.0777246e+000	  1.1387744e+000	  1.5083353e+000	  5.0866407e-001	  1.5468814e+000	  1.4527399e+000	
 -3.7818476e-001	 -1.2114903e-001	 -2.6927733e-001	 -2.9847468e-001	 -5.2104617e-001	 -3.3111834e-001	 -3.9587304e-001	 -6.1414765e-001	 -7.1480533e-002	 -3.5892731e-001	 -2.1229150e-001	
 -1.7004155e+000	 -4.3829310e-001	  8.2568896e-001	  8.5503814e-001	  7.6499469e-001	 -1.4903948e+000	 -7.0115237e-001	 -1.5435067e+000	  8.8728476e-001	 -1.0113663e+000	 -1.1315276e+000	
  1.5014398e-001	  8.7256904e-001	  9.8671341e-001	  1.0559308e+000	  1.1009009e+000	  4.0953051e-001	  8.0874270e-001	 -7.8375259e-002	  9.6667297e-001	  6.6265485e-001	  5.1615973e-001	
  1.3617779e+000	  1.2108560e+000	  4.7787614e-001	  5.3101769e-001	  3.1072155e-001	  1.1823815e+000	  1.2130315e+000	  1.4911631e+000	  5.5751835e-001	  1.1348147e+000	  1.3660195e+000	
 -3.3009980e-002	 -1.1360100e+000	 -1.5252681e+000	 -1.4552277e+000	 -1.3576126e+000	 -4.5992684e-001	 -1.0971904e+000	 -2.9474488e-001	 -1.6287108e+000	 -1.1057983e+000	 -1.0621513e+000	
  1.0787769e-001	  9.4656932e-001	  9.7383145e-001	  1.0753721e+000	  1.1808785e+000	  4.4978317e-001	  6.9323161e-001	  1.0920140e-002	  9.6667297e-001	  4.8237564e-001	  6.2022419e-001	
  5.8567002e-002	  7.5628288e-001	  1.1992657e+000	  1.3345884e+000	  1.4943910e+000	  4.4173264e-001	  9.7375856e-001	 -1.4019515e-001	  9.7277976e-001	  5.3388399e-001	  6.2022419e-001	
  9.8842559e-001	 -5.4400779e-001	 -1.6064244e+000	 -1.5291044e+000	 -1.4155164e+000	  8.0400653e-001	  1.5693008e-001	  1.1820636e+000	 -1.6287108e+000	  6.1724166e-002	  1.9529430e-001	
  8.7571546e-001	  1.0522840e+000	  8.1280700e-001	  8.2911651e-001	  9.2175091e-001	  1.0213709e+000	  1.1387744e+000	  9.4852183e-001	  7.5904227e-001	  1.1176452e+000	  1.0885143e+000	
 -1.9857130e+000	 -1.1571530e+000	  1.4294527e-001	  2.5545773e-002	 -2.3632568e-001	 -2.0217299e+000	 -1.8892665e+000	 -1.7109699e+000	  2.2164516e-001	 -1.6037123e+000	 -1.5911456e+000	
 -1.6968933e+000	 -5.8629366e-001	  1.0704461e+000	  1.0235288e+000	  1.1616839e+000	 -1.4742937e+000	 -5.1963493e-001	 -1.4500900e+000	  7.8346941e-001	 -8.6542603e-001	 -1.0274631e+000	
 -1.5102171e+000	 -5.1229338e-001	  8.1280700e-001	  9.0040101e-001	  7.8738843e-001	 -1.3857379e+000	 -3.3811749e-001	 -1.3594208e+000	  7.6514906e-001	 -8.6542603e-001	 -8.4535030e-001	
 -1.4348422e+000	 -8.4000892e-001	 -1.2113483e-001	 -1.4294486e-001	 -3.5469263e-001	 -1.3535358e+000	 -1.2374539e+000	 -1.2872976e+000	  1.1782981e-001	 -1.1401372e+000	 -1.1922318e+000	
 -1.0755787e+000	 -4.8628757e-003	  9.2230363e-001	  9.7168551e-001	  1.1584848e+000	 -8.6245339e-001	  1.4867929e-001	 -1.0812313e+000	  9.6667297e-001	 -2.1298700e-001	 -2.8166781e-001	
 -5.4143130e-002	 -8.8229479e-001	 -1.3365474e+000	 -1.4513395e+000	 -1.3073866e+000	 -3.1501728e-001	 -8.4141584e-001	 -2.9817932e-001	 -1.3050512e+000	 -7.2807045e-001	 -8.8003846e-001	
 -1.8420076e+000	 -5.7572220e-001	  8.3857091e-001	  8.0319487e-001	  8.3217593e-001	 -1.6192033e+000	 -7.0115237e-001	 -1.5627395e+000	  8.2011012e-001	 -1.0886289e+000	 -1.0361351e+000	
  8.7571546e-001	  2.2770944e-001	 -1.0035488e+000	 -1.0113197e+000	 -1.0552970e+000	  7.5570335e-001	  1.9818404e-001	  9.4852183e-001	 -9.2032369e-001	  4.4803675e-001	  4.3811138e-001	
 -1.5165571e+000	 -3.3454470e+000	 -1.7661606e+000	 -1.8732141e+000	 -1.5546775e+000	 -2.4081553e+000	 -3.2588981e+000	 -1.3285108e+000	 -2.1087041e+000	 -3.0287765e+000	 -3.0653921e+000	
 -3.9931791e-001	  3.7571000e-001	  9.1586265e-001	  9.1336182e-001	  9.7613572e-001	 -1.2180453e-001	  3.7970148e-001	 -5.7293439e-001	  8.8117798e-001	  2.5917282e-001	  1.8662227e-001	
 -4.8324469e-003	 -1.2945821e+000	 -1.5922542e+000	 -1.5025347e+000	 -1.3940824e+000	 -2.6671409e-001	 -8.3316505e-001	 -2.0201504e-001	 -1.5676429e+000	 -8.6542603e-001	 -8.4535030e-001	
  6.6438396e-001	  4.0742441e-001	 -6.7505895e-001	 -6.3545596e-001	 -7.5778006e-001	  7.0740016e-001	  3.3844752e-001	  7.8366879e-001	 -3.6460623e-001	  5.4246871e-001	  5.0748769e-001	
  9.3788919e-002	  3.3342413e-001	 -4.6250667e-001	 -5.6417146e-001	 -6.5220954e-001	  1.7606511e-001	 -2.2260639e-001	 -1.9171173e-001	 -2.4247052e-001	 -1.0138559e-001	 -7.3538886e-002	
  7.6300533e-001	 -2.6005813e-002	 -9.2625710e-001	 -8.6227028e-001	 -9.6572199e-001	  7.9595600e-001	  2.9719355e-001	  8.5922643e-001	 -7.9818799e-001	  4.3086730e-001	  4.5545546e-001	
  6.4325081e-001	  5.8713938e-001	 -3.4012809e-001	 -3.0495509e-001	 -5.4024081e-001	  7.1545069e-001	  4.1270465e-001	  6.3255350e-001	 -5.9266962e-002	  7.0557847e-001	  5.9420807e-001	
 -1.4968328e+000	 -2.9754456e+000	 -1.6824279e+000	 -1.6431596e+000	 -1.4551853e+000	 -2.3034984e+000	 -3.1763902e+000	 -1.3697241e+000	 -1.8577152e+000	 -2.8227431e+000	 -2.6317902e+000	
  5.1645191e-001	 -6.8143688e-001	 -1.6173741e+000	 -1.4144011e+000	 -1.3608117e+000	  3.2902520e-001	 -3.9587304e-001	  3.6123286e-001	 -1.5065751e+000	 -4.3618983e-001	 -4.4643654e-001	
 -1.7617016e+000	 -9.4572361e-001	  3.5549755e-001	  4.0788991e-001	  2.0835014e-001	 -1.6433549e+000	 -1.1136920e+000	 -1.4926770e+000	  5.4530478e-001	 -1.2173997e+000	 -1.2009039e+000	
 -1.9617621e+000	 -1.9922990e+000	 -7.9099656e-001	 -6.4193637e-001	 -9.2413361e-001	 -2.2471447e+000	 -2.4668220e+000	 -1.5898716e+000	 -6.4551835e-001	 -2.0587027e+000	 -2.0681077e+000	
  1.4309960e-001	 -1.1571530e+000	 -1.4434676e+000	 -1.4500434e+000	 -1.3636909e+000	 -2.5198162e-002	 -6.5989840e-001	  6.9305594e-002	 -1.6103904e+000	 -5.5637596e-001	 -7.2394177e-001	
 -2.3729709e-001	 -1.5434345e-002	  7.2094512e-002	 -3.9258319e-002	 -1.8194087e-001	  1.5054493e-002	 -7.4092119e-002	 -4.3212242e-001	  2.0332481e-001	 -3.2707799e-002	 -2.2963558e-001	
  6.1507328e-001	 -1.6011547e+000	 -1.8621312e+000	 -1.8641415e+000	 -1.5559572e+000	  3.9206086e-002	 -7.3415554e-001	  3.6466730e-001	 -2.1764894e+000	 -8.7401075e-001	 -8.8871050e-001	
 -6.8109324e-001	 -1.6857264e+000	 -1.4338062e+000	 -1.4655964e+000	 -1.3496148e+000	 -1.1039693e+000	 -1.8232602e+000	 -8.5112391e-001	 -1.5432158e+000	 -1.6208817e+000	 -1.7125541e+000	
  9.1798176e-001	  1.0945699e+000	  5.2940396e-001	  5.0509605e-001	  4.0989385e-001	  8.7646131e-001	  7.6748874e-001	  8.0084098e-001	  5.6973193e-001	  1.0747216e+000	  9.5843369e-001	
