  1.1170415e+000	  2.4159783e-001	 -7.6545983e-001	 -6.3171807e-001	 -8.6281759e-001	  9.7106175e-001	  4.4018979e-001	  1.1151326e+000	 -4.9115632e-001	  7.7986951e-001	  6.0034997e-001	
  1.8997959e-003	 -1.3035728e+000	 -1.5329182e+000	 -1.4948586e+000	 -1.3333068e+000	 -4.1311150e-001	 -7.6741663e-001	 -1.2924383e-001	 -1.6838653e+000	 -8.4786264e-001	 -8.5324637e-001	
  1.2995192e+000	  1.1361703e+000	  8.1286075e-001	  7.7023920e-001	  7.5185981e-001	  1.1422997e+000	  1.0474433e+000	  1.4017776e+000	  7.5073651e-001	  1.3967726e+000	  1.2170272e+000	
 -5.3877495e-001	  4.0424737e-001	  1.0890668e+000	  1.0351251e+000	  1.1078007e+000	 -2.0691250e-002	  5.5059952e-001	 -5.9462038e-001	  8.9828813e-001	  1.0350593e-001	  2.9201135e-001	
 -1.3301876e+000	 -3.4574775e-001	  1.0298798e+000	  9.8344007e-001	  1.1692814e+000	 -9.1969037e-001	 -8.4256425e-002	 -1.1746549e+000	  8.8599216e-001	 -4.7623429e-001	 -4.1276263e-001	
  1.0327631e-001	  8.4701557e-001	  9.9699815e-001	  8.0254236e-001	  1.0560275e+000	  2.6470530e-001	  5.7820196e-001	 -4.1564196e-002	  9.7821193e-001	  5.1229711e-001	  5.3427741e-001	
  1.1237999e+000	  1.1723147e+000	  8.3916609e-001	  6.9271161e-001	  7.3244485e-001	  1.2207837e+000	  1.1164494e+000	  1.4152667e+000	  8.0606837e-001	  1.2035258e+000	  1.2977826e+000	
  3.5691968e-002	 -6.5629091e-002	 -7.3257816e-001	 -5.9295427e-001	 -8.4340263e-001	  1.2200702e-001	 -1.9466616e-001	 -1.0226548e-001	 -4.2967647e-001	 -7.9825768e-003	 -5.3034242e-002	
  4.5471490e-001	  9.5544860e-001	  1.3060859e+000	  1.1191134e+000	  1.4993357e+000	  7.5701434e-001	  1.0267415e+000	  4.0020629e-001	  9.7206394e-001	  9.9541395e-001	  7.8388486e-001	
  1.3333114e+000	  5.5786083e-001	 -4.6952473e-001	 -5.6065111e-001	 -7.2367705e-001	  1.1351648e+000	  5.5059952e-001	  1.5805091e+000	 -3.0671679e-001	  1.0548745e+000	  1.0848821e+000	
  4.6147333e-001	 -1.6502604e-001	 -9.2329189e-001	 -9.6121033e-001	 -1.0116656e+000	  2.2189581e-001	 -1.8776555e-001	  2.0798555e-001	 -7.8011158e-001	 -3.0280278e-002	  4.9745297e-002	
  1.1440752e+000	  8.3797949e-001	  3.4594091e-001	  4.4720757e-001	  1.8882601e-001	  1.1422997e+000	  9.7153662e-001	  1.3714269e+000	  5.4785303e-001	  1.1663630e+000	  1.1289305e+000	
 -1.1673093e+000	 -2.3764906e-003	  1.1022195e+000	  1.0997315e+000	  1.2210546e+000	 -7.9126192e-001	  1.0896060e-001	 -1.1712826e+000	  9.2902805e-001	 -4.2420632e-001	 -4.8617659e-001	
  1.3400698e+000	  7.6569080e-001	 -2.5908198e-001	 -2.2469822e-001	 -5.0040503e-001	  1.2635932e+000	  7.3691594e-001	  1.6277212e+000	 -6.0797417e-002	  1.1737956e+000	  1.2243686e+000	
 -1.1470340e+000	 -1.7406212e-001	  2.8017755e-001	  2.1462480e-001	  1.2087365e-001	 -8.5547615e-001	 -5.3969656e-001	 -1.1038367e+000	  4.1259737e-001	 -6.1002050e-001	 -5.6693194e-001	
  1.2522101e+000	  8.1990732e-001	 -2.9854000e-001	 -2.7638328e-001	 -4.9069755e-001	  1.1422997e+000	  6.8171108e-001	  1.3242148e+000	 -1.1613542e-002	  8.8392545e-001	  1.1803202e+000	
  1.3535867e+000	  1.2536394e+000	  1.0561852e+000	  9.7697944e-001	  1.0171976e+000	  1.3064027e+000	  1.1509524e+000	  1.5737645e+000	  8.3066031e-001	  1.3967726e+000	  1.3124653e+000	
  6.9126010e-001	 -1.3791778e-001	 -9.3644456e-001	 -1.0710411e+000	 -1.0213731e+000	  5.0015745e-001	  1.3656304e-001	  4.7439676e-001	 -1.0383269e+000	  1.9269673e-001	  1.5252484e-001	
  3.3306308e-001	  8.7412383e-001	  1.0759142e+000	  1.0932708e+000	  1.1628098e+000	  5.4296693e-001	  8.8872932e-001	  2.0798555e-001	  1.0704317e+000	  7.7986951e-001	  7.6186067e-001	
 -7.4828641e-001	 -5.2646947e-001	 -4.2349038e-001	 -5.1542668e-001	 -6.8808296e-001	 -6.4856365e-001	 -6.7770873e-001	 -7.1265066e-001	 -3.2516074e-001	 -5.5799253e-001	 -5.6693194e-001	
 -3.0898818e-001	 -6.5297467e-001	 -1.1074293e+000	 -1.0968836e+000	 -1.1249195e+000	 -3.7743693e-001	 -8.2952211e-001	 -4.0914422e-001	 -9.8914304e-001	 -6.8434616e-001	 -5.2288356e-001	
 -6.1987616e-001	  3.5906694e-001	  1.1745592e+000	  1.0609677e+000	  1.2954787e+000	 -2.7754814e-001	  3.7808432e-001	 -7.2276754e-001	  9.5361999e-001	  1.1093849e-001	  5.6969230e-003	
  5.1554081e-001	  3.5906694e-001	 -3.1826900e-001	 -4.1851719e-001	 -5.3599912e-001	  5.5010184e-001	  2.8837641e-001	  3.7997253e-001	 -1.5301718e-001	  4.6770170e-001	  4.1681508e-001	
  8.1291192e-001	  9.1930426e-001	  9.8384548e-001	  1.1255740e+000	  1.1175082e+000	  8.2836348e-001	  8.8872932e-001	  6.8685127e-001	  9.4747201e-001	  1.0177117e+000	  1.0188095e+000	
 -1.4687355e+000	 -9.3309333e-001	  3.6853128e-002	 -2.4418607e-002	 -2.6095387e-001	 -1.4690787e+000	 -1.2090556e+000	 -1.3264081e+000	  4.9866301e-002	 -1.0634071e+000	 -1.1395608e+000	
 -1.1808262e+000	 -1.1412576e-002	  7.8655540e-001	  8.2838489e-001	  7.2273737e-001	 -8.4120632e-001	 -2.2916920e-001	 -1.1038367e+000	  7.8762442e-001	 -4.4650402e-001	 -4.6415240e-001	
 -1.7113633e+000	 -1.6740524e+000	 -8.9698655e-001	 -7.9969451e-001	 -9.8254317e-001	 -1.8186895e+000	 -2.2027431e+000	 -1.4609627e+000	 -6.4485592e-001	 -1.6580124e+000	 -1.5800445e+000	
 -1.7381950e-001	 -4.3610861e-001	 -7.6545983e-001	 -9.4182843e-001	 -9.2106247e-001	 -1.5625461e-001	 -4.0168440e-001	 -2.9448623e-001	 -6.0796802e-001	 -2.5325728e-001	 -4.4212821e-001	
  1.8997959e-003	  6.7532994e-001	  5.1034930e-001	  4.6658947e-001	  3.6032481e-001	  1.6481651e-001	  3.8498493e-001	 -2.6076329e-001	  5.7244497e-001	  2.9675267e-001	  2.4796298e-001	
  2.5196187e-001	  1.9641740e-001	 -6.2078045e-001	 -6.3817870e-001	 -7.1720540e-001	  2.6470530e-001	  7.4457562e-002	  8.9955263e-002	 -3.4360469e-001	  1.3323619e-001	  1.8923181e-001	
  7.8587818e-001	  7.8948282e-002	 -1.0285133e+000	 -7.9969451e-001	 -9.6636404e-001	  7.9982382e-001	  2.2627094e-001	  8.3185990e-001	 -7.2477972e-001	  3.1161780e-001	  4.8288764e-001	
  1.0089065e+000	 -5.4454164e-001	 -1.7157404e+000	 -1.8676371e+000	 -1.5216319e+000	  6.2145098e-001	  5.4514804e-003	  1.1117603e+000	 -1.9439250e+000	  1.4315124e-002	 -7.5058429e-002	
 -7.6180328e-001	 -3.3671167e-001	 -2.9854000e-001	 -3.1514707e-001	 -5.5864990e-001	 -6.5569857e-001	 -6.2940447e-001	 -8.2393636e-001	 -1.0383331e-001	 -6.8434616e-001	 -4.2010402e-001	
  1.0832493e+000	  1.0367734e+000	  7.4709739e-001	  7.5731793e-001	  8.0686886e-001	  9.8533158e-001	  9.9913905e-001	  1.0982711e+000	  7.0770062e-001	  1.2183910e+000	  1.0848821e+000	
 -1.9606144e+000	 -6.0779424e-001	  1.1679829e+000	  1.0868102e+000	  1.5090432e+000	 -1.6403167e+000	 -3.9478379e-001	 -1.5348159e+000	  9.6591596e-001	 -8.5529520e-001	 -9.3400172e-001	
  3.8713055e-001	  4.6749997e-001	  8.9463814e-002	  2.0816417e-001	  1.7327203e-002	  4.7161779e-001	  5.9200317e-001	  2.9566518e-001	  1.7897397e-001	  4.5283657e-001	  5.7098439e-001	
  8.3994565e-001	  1.1723147e+000	  8.9835311e-001	  9.8344007e-001	  9.7836766e-001	  1.0852204e+000	  9.9223845e-001	  9.5663477e-001	  9.0443612e-001	  1.1069025e+000	  1.0334923e+000	
  8.8049626e-001	 -3.0056732e-001	 -1.4875415e+000	 -1.4360668e+000	 -1.3168040e+000	  6.9993503e-001	  1.0896060e-001	  9.8024083e-001	 -1.4871298e+000	  2.4472470e-001	  2.2593879e-001	
  1.2860023e+000	 -4.4514469e-001	 -1.7190285e+000	 -1.7474693e+000	 -1.4400890e+000	  8.1409365e-001	  3.0217763e-001	  1.4928295e+000	 -1.8596976e+000	  3.4134807e-001	  3.2871833e-001	
 -1.2213768e+000	 -1.9213429e-001	  6.4845235e-001	  5.5703832e-001	  5.2211613e-001	 -9.1969037e-001	 -2.5677163e-001	 -1.2016333e+000	  6.7696070e-001	 -5.8772279e-001	 -6.4034589e-001	
 -2.4816227e-001	  2.6870608e-001	  3.0276792e-002	  4.0187719e-002	 -1.6387908e-001	 -2.2046883e-001	  1.9252697e-002	 -4.3949486e-001	  3.1422963e-001	  1.1837106e-001	  2.7721110e-002	
  7.5884444e-001	  8.3797949e-001	  3.0276792e-002	  1.3063657e-001	 -6.3568458e-002	  8.3549839e-001	  6.5410865e-001	  6.5312833e-001	  2.6504575e-001	  7.3527411e-001	  7.9122626e-001	
 -7.9559546e-001	 -1.4695386e-001	  3.5909358e-001	  3.8906188e-001	  1.7264687e-001	 -5.5580977e-001	 -1.8776555e-001	 -8.9138223e-001	  3.7570947e-001	 -3.0528525e-001	 -3.9807984e-001	
  5.8312515e-001	  4.8557214e-001	 -5.2213541e-001	 -5.9295427e-001	 -7.8839358e-001	  6.2145098e-001	  3.1597885e-001	  5.2160887e-001	 -3.1901276e-001	  4.4540400e-001	  3.3605973e-001	
 -5.7932556e-001	 -3.8520834e-002	  4.5116228e-001	  5.0535326e-001	  3.2149489e-001	 -3.6316711e-001	  2.6153305e-002	 -6.9916149e-001	  4.8637319e-001	 -8.2308246e-002	 -1.7049657e-001	
  1.3603451e+000	 -2.9484748e-002	 -1.4158594e+000	 -1.3288203e+000	 -1.2737675e+000	  1.1422997e+000	  4.8849405e-001	  1.7187732e+000	 -1.3334302e+000	  7.6500438e-001	  6.7376393e-001	
  3.1954621e-001	  6.8436603e-001	  9.9699815e-001	  9.4467628e-001	  1.0754425e+000	  4.4307814e-001	  7.9212081e-001	  2.2509387e-002	  8.3066031e-001	  5.6432507e-001	  4.7554624e-001	
  1.1237999e+000	  5.6689692e-001	 -1.8016595e-001	 -2.3761948e-001	 -4.2274519e-001	  8.9257770e-001	  7.0931351e-001	  1.1218772e+000	 -4.8501448e-002	  7.7243695e-001	  1.0555165e+000	
 -1.9102640e+000	 -1.3035728e+000	 -3.6430335e-001	 -4.5082036e-001	 -5.3599912e-001	 -1.8829037e+000	 -1.8025079e+000	 -1.5627722e+000	 -2.6982888e-001	 -1.5390914e+000	 -1.7268724e+000	
  2.3168656e-001	  8.1990732e-001	  1.1811355e+000	  1.2418654e+000	  1.3699027e+000	  3.3605443e-001	  7.7831959e-001	  9.3327557e-002	  1.0273958e+000	  6.2378561e-001	  6.4439834e-001	
  5.9664202e-001	  9.5544860e-001	  8.8520044e-001	  8.8006995e-001	  9.9454679e-001	  7.8555399e-001	  8.7492811e-001	  4.9125823e-001	  9.7821193e-001	  8.5419518e-001	  9.7476115e-001	
 -1.3673590e+000	 -2.6228414e+000	 -1.6999571e+000	 -1.8405024e+000	 -1.4960688e+000	 -2.0826813e+000	 -2.6650839e+000	 -1.2680675e+000	 -1.9801981e+000	 -2.5573530e+000	 -2.5270846e+000	
  1.1237999e+000	  4.9460823e-001	 -6.4708579e-001	 -4.0559593e-001	 -7.0749792e-001	  1.0424109e+000	  6.6100925e-001	  1.3343317e+000	 -3.7434462e-001	  9.4338599e-001	  7.3249509e-001	
  5.9664202e-001	  6.3918560e-001	  7.4052105e-001	  8.0900299e-001	  7.0979406e-001	  6.4285572e-001	  7.3691594e-001	  4.5079070e-001	  7.0155264e-001	  7.8730208e-001	  6.3705695e-001	
 -1.5354419e-001	  4.3135563e-001	  8.6547143e-001	  7.5085730e-001	  8.3599129e-001	  1.2914194e-001	  4.2638858e-001	 -4.0239963e-001	  7.6303248e-001	  1.4810133e-001	  2.1859740e-001	
  1.3468282e+000	  9.8255686e-001	  4.2485694e-001	  4.6658947e-001	  2.6001419e-001	  1.3064027e+000	  1.0612445e+000	  1.6850502e+000	  4.6792923e-001	  1.1886607e+000	  1.2830998e+000	
  8.6582302e-003	  4.9460823e-001	  9.2465846e-001	  6.6040844e-001	  7.1302989e-001	  3.1464969e-001	  5.4369892e-001	 -1.7645595e-001	  7.0155264e-001	  3.1161780e-001	  4.3149787e-001	
 -1.5228030e+000	 -1.8309821e-001	  1.3389676e+000	  1.3646174e+000	  1.5964105e+000	 -1.2193567e+000	  5.4514804e-003	 -1.3061744e+000	  1.1380595e+000	 -6.0258793e-001	 -5.1554217e-001	
 -1.8375507e-002	  6.9340212e-001	  1.0890668e+000	  1.1255740e+000	  1.3569594e+000	  2.5043547e-001	  7.3001534e-001	 -2.8774164e-001	  9.5361999e-001	  3.2648293e-001	  3.6542531e-001	
 -1.2651046e-001	  6.2111343e-001	  1.0627615e+000	  1.2095622e+000	  1.2469413e+000	 -4.9230904e-002	  4.5399101e-001	 -3.9902734e-001	  1.0150998e+000	  3.1905037e-001	  2.9935275e-001	
  1.4382692e-001	  3.2292260e-001	  6.3158471e-002	 -8.9024932e-002	 -2.5448222e-001	  3.0751478e-001	  2.6767459e-001	 -8.2031721e-002	  2.4045381e-001	  2.8932010e-001	  2.6998717e-001	
 -8.4966293e-001	 -1.3758615e+000	 -1.1731927e+000	 -1.1485687e+000	 -1.1864002e+000	 -1.1266029e+000	 -1.5471854e+000	 -9.6557270e-001	 -1.1981745e+000	 -1.4053052e+000	 -1.4699236e+000	
 -8.4966293e-001	  1.2412871e-001	  8.0628441e-001	  8.0900299e-001	  8.6834956e-001	 -5.0586538e-001	  7.4457562e-002	 -9.9592334e-001	  6.8310868e-001	 -2.9785269e-001	 -3.1732449e-001	
  2.6547873e-001	  1.0819538e+000	  1.2205936e+000	  1.2031016e+000	  1.5802314e+000	  6.7853029e-001	  9.0943115e-001	  2.0124096e-001	  1.0028039e+000	  6.9811128e-001	  8.1325044e-001	
 -1.1875846e+000	 -1.1861037e+000	 -7.5888350e-001	 -7.4154882e-001	 -9.0811916e-001	 -1.3192455e+000	 -1.4781793e+000	 -1.1847718e+000	 -6.7559585e-001	 -1.2194910e+000	 -1.3524613e+000	
  1.0156649e+000	  1.3259281e+000	  8.6547143e-001	  9.1883375e-001	  8.0686886e-001	  1.0923553e+000	  9.0253054e-001	  1.0814096e+000	  7.9992038e-001	  1.1366327e+000	  1.1215891e+000	
  1.1643505e+000	 -8.6984073e-001	 -1.8268804e+000	 -1.9189345e+000	 -1.5881281e+000	  7.5701434e-001	 -4.9753385e-002	  1.2129291e+000	 -2.1707856e+000	 -1.6406648e-001	 -1.6444726e-003	
 -1.1470340e+000	 -1.7192328e+000	 -1.3750862e+000	 -1.2260963e+000	 -1.1799286e+000	 -1.4833485e+000	 -1.9819237e+000	 -1.1712826e+000	 -1.2227664e+000	 -1.7620684e+000	 -1.7856036e+000	
 -1.8614005e+000	 -6.2586641e-001	  7.4709739e-001	  8.0900299e-001	  7.0655824e-001	 -1.5118882e+000	 -6.9150994e-001	 -1.5439211e+000	  7.1999659e-001	 -1.0039465e+000	 -9.3400172e-001	
  1.0359402e+000	  1.0187012e+000	  1.0233035e+000	  9.6405818e-001	  1.1175082e+000	  1.0923553e+000	  1.2268591e+000	  1.1185049e+000	  8.6140023e-001	  1.1886607e+000	  1.1803202e+000	
 -5.9284243e-001	 -2.1020646e-001	 -3.8403236e-001	 -3.5391087e-001	 -5.7806486e-001	 -4.2738133e-001	 -5.6039839e-001	 -7.1265066e-001	 -2.2064501e-001	 -4.0934119e-001	 -4.2744542e-001	
  1.2860023e+000	  1.0096651e+000	  1.8810885e-001	  1.3063657e-001	 -6.6804284e-002	  1.1779742e+000	  9.5083480e-001	  1.3039810e+000	  4.3104133e-001	  1.0623071e+000	  1.2243686e+000	
  2.4520343e-001	 -3.0056732e-001	 -9.4302090e-001	 -9.4182843e-001	 -1.0149014e+000	  2.4330056e-001	 -3.4647953e-001	  3.2626268e-002	 -7.9855553e-001	 -1.8636418e-001	 -2.1454495e-001	
  1.1711089e+000	  1.2355673e+000	  9.5096380e-001	  1.0932708e+000	  1.1628098e+000	  1.1922441e+000	  1.1992567e+000	  1.2129291e+000	  9.1673209e-001	  1.2406887e+000	  1.2830998e+000	
  4.1416429e-001	  1.0187012e+000	  1.2468989e+000	  1.2224835e+000	  1.5025715e+000	  5.0729236e-001	  8.1972324e-001	  1.0344444e-001	  1.0028039e+000	  7.9473465e-001	  6.3705695e-001	
 -3.8650810e-002	 -1.1409233e+000	 -1.6046003e+000	 -1.4664318e+000	 -1.3682537e+000	 -5.3440503e-001	 -1.0848446e+000	 -4.0239963e-001	 -1.5854975e+000	 -1.1525979e+000	 -9.7805009e-001	
  1.2995192e+000	  9.5544860e-001	  1.0547785e-002	  1.4345189e-002	 -1.8005821e-001	  1.1066251e+000	  9.3703358e-001	  1.6681888e+000	  1.0519816e-001	  1.1589304e+000	  1.0408337e+000	
 -1.8857309e+000	 -6.2586641e-001	  1.0627615e+000	  1.1514165e+000	  1.1822247e+000	 -1.4904835e+000	 -4.1548562e-001	 -1.5263852e+000	  1.0519877e+000	 -7.2894157e-001	 -8.8261195e-001	
 -6.3339303e-001	 -2.2613979e+000	 -1.9215139e+000	 -1.9432265e+000	 -1.5916228e+000	 -1.0980632e+000	 -1.6782969e+000	 -6.5532167e-001	 -2.3041969e+000	 -2.0073431e+000	 -1.9397729e+000	
 -7.4828641e-001	 -2.2975423e+000	 -1.8439789e+000	 -1.8101374e+000	 -1.5494600e+000	 -1.3691899e+000	 -1.8991164e+000	 -8.0370259e-001	 -2.2045995e+000	 -2.0147756e+000	 -1.9471143e+000	
 -1.8309876e+000	 -3.3339813e+000	 -1.8748877e+000	 -1.7978622e+000	 -1.5245441e+000	 -2.7533632e+000	 -3.4586538e+000	 -1.4518575e+000	 -2.1400457e+000	 -2.9334409e+000	 -3.0747527e+000	
  1.2319348e+000	  8.5605166e-001	  1.0261649e-001	  1.4355784e-001	  1.1480712e-003	  1.1351648e+000	  8.4042507e-001	  1.3680546e+000	  2.1586188e-001	  9.8054882e-001	  1.0848821e+000	
  1.2116595e+000	  1.0006290e+000	  5.9584167e-001	  6.9917224e-001	  4.2827716e-001	  1.1708393e+000	  1.0267415e+000	  1.3680546e+000	  6.6466473e-001	  1.0548745e+000	  1.2317100e+000	
 -3.8650810e-002	  3.4099477e-001	  1.7495618e-001	  1.5001847e-001	 -3.1210193e-002	  1.2914194e-001	  1.8486729e-001	 -2.0006200e-001	  2.5274978e-001	  3.0418523e-001	  2.4796298e-001	
 -1.3403253e+000	 -1.9993515e+000	 -1.3652217e+000	 -1.4263759e+000	 -1.2608242e+000	 -1.7687451e+000	 -2.2027431e+000	 -1.2353562e+000	 -1.3641701e+000	 -1.9924779e+000	 -1.9911627e+000	
  8.3318722e-001	  1.0187012e+000	  5.8268900e-001	  6.4102655e-001	  5.6094605e-001	  8.4976822e-001	  8.5422628e-001	  8.1162614e-001	  7.1384860e-001	  1.1589304e+000	  9.5273696e-001	
  2.4520343e-001	  7.1147429e-001	  9.3781113e-001	  1.0932708e+000	  1.2210546e+000	  3.5032426e-001	  6.4030743e-001	 -4.1564196e-002	  8.6754821e-001	  4.8999941e-001	  5.2693601e-001	
  5.6960828e-001	  5.9400517e-001	 -8.8097251e-002	 -8.2564300e-002	 -2.5448222e-001	  5.9291133e-001	  4.4018979e-001	  4.4067382e-001	  6.8310253e-002	  5.3459481e-001	  6.2237416e-001	
  1.0089065e+000	  8.6508775e-001	  1.4865084e-001	  9.8333412e-002	 -6.0332631e-002	  1.0281411e+000	  8.7492811e-001	  1.1994399e+000	  2.8348970e-001	  1.0697396e+000	  9.3071277e-001	
 -1.3355944e+000	 -1.7373050e+000	 -1.3047194e+000	 -1.4160389e+000	 -1.2575884e+000	 -1.7687451e+000	 -2.0992340e+000	 -1.2663813e+000	 -1.2780983e+000	 -1.8958546e+000	 -1.9617971e+000	
 -1.1299359e-001	 -1.1680316e+000	 -1.5368640e+000	 -1.5058417e+000	 -1.4087015e+000	 -5.6294469e-001	 -1.0434410e+000	 -3.6867669e-001	 -1.6838653e+000	 -1.1228676e+000	 -1.0220985e+000	
  1.3706848e-001	  5.7593300e-001	  4.4458594e-001	  5.8288085e-001	  3.1825906e-001	  3.8599883e-001	  4.5399101e-001	  1.2392505e-002	  5.3555706e-001	  4.0824117e-001	  3.5074252e-001	
 -1.8418011e+000	 -1.0776707e+000	 -5.5215573e-002	 -5.6721770e-002	 -2.3830309e-001	 -1.7758800e+000	 -1.2780616e+000	 -1.4619743e+000	  2.0356591e-001	 -1.2120584e+000	 -1.1469022e+000	
  2.5872030e-001	  7.1147429e-001	  1.3126623e+000	  1.2806292e+000	  1.5964105e+000	  2.7897512e-001	  9.5773540e-001	 -2.1330433e-002	  1.0335438e+000	  4.7513427e-001	  5.2693601e-001	
 -7.5504485e-001	  1.4220088e-001	  1.0627615e+000	  1.0028220e+000	  9.8483931e-001	 -4.7019081e-001	  2.7457520e-001	 -8.1381948e-001	  8.6140023e-001	 -1.7149905e-001	 -2.0720355e-001	
 -5.6580869e-001	  4.9460823e-001	  9.9699815e-001	  1.1191134e+000	  1.1110365e+000	 -2.1333392e-001	  2.8837641e-001	 -7.4300131e-001	  8.2451232e-001	 -4.5145411e-002	 -1.6327264e-002	
 -9.5779788e-001	 -2.7041661e+000	 -1.9689293e+000	 -1.9432265e+000	 -1.6031747e+000	 -1.8757688e+000	 -2.4649662e+000	 -9.9255105e-001	 -2.3355516e+000	 -2.4755948e+000	 -2.4096222e+000	
  8.9401313e-001	 -9.5116550e-001	 -1.7959716e+000	 -1.8521316e+000	 -1.5465477e+000	  5.0729236e-001	  5.4514804e-003	  9.4314559e-001	 -2.0527443e+000	 -2.9042012e-001	 -2.9530030e-001	
 -1.8424769e+000	 -6.3490250e-001	  4.7746762e-001	  3.6321935e-001	  2.6325001e-001	 -1.5618326e+000	 -9.8133548e-001	 -1.5577138e+000	  5.6629698e-001	 -1.1674630e+000	 -1.0588054e+000	
 -9.0373040e-001	 -1.1080952e-001	  5.6953632e-001	  6.7332971e-001	  5.0270117e-001	 -5.4867486e-001	 -1.1185886e-001	 -9.9592334e-001	  7.9377240e-001	 -3.7217835e-001	 -2.8795890e-001	
