  6.4753050e-001	 -6.7069219e-001	 -8.6603609e-001	 -8.1885197e-001	 -1.5638813e+000	 -5.9909424e-001	 -4.1780322e-001	 -7.5976214e-001	 -7.3912485e-001	  4.9170233e-002	 -5.2271193e-001	
 -1.6197484e-001	  2.1658293e-001	 -1.0623983e+000	 -8.3510192e-001	 -4.8161576e-001	  3.5300267e-001	  4.5732424e-001	  1.9189762e-001	  2.1357452e-001	 -4.9059921e-001	  8.0607815e-002	
 -7.1087575e-001	  5.9752244e-001	 -2.4841539e-001	  3.8229780e-001	 -2.5021415e-001	  5.6161553e-001	  4.4965941e-001	  6.0922043e-001	  6.7749035e-001	  1.7792867e-001	  6.5095778e-001	
  1.3474968e-001	  1.0748587e-001	 -5.5283358e-001	 -5.5258237e-001	 -4.0568803e-002	  1.1825184e-001	  1.3513546e-001	 -4.8027676e-002	 -2.8932899e-001	 -2.9050933e-001	 -1.7742345e-001	
 -5.4753269e-001	  6.4531446e-001	  2.9833773e-001	  4.6595216e-001	 -4.7668214e-001	  5.9647525e-001	  6.1647199e-001	  6.4494615e-001	  6.4631579e-001	 -9.2149140e-001	  6.0490007e-001	
 -4.8828545e-001	  3.9327739e-001	 -4.7475795e-001	  1.9869492e-002	 -1.9422649e-002	  6.1125069e-001	  7.4151826e-001	  3.4316762e-001	  2.5660938e-001	 -1.2278602e+000	  2.7375740e-001	
  1.8878684e+000	 -1.9149025e+000	 -1.5415595e+000	 -1.8598329e+000	 -2.2150889e+000	 -1.9813245e+000	 -1.9346658e+000	 -1.9650812e+000	 -1.8178788e+000	  2.3139715e+000	 -1.9023577e+000	
 -1.6141773e+000	  1.7118904e+000	  1.9024837e+000	  2.3155057e+000	  1.6523436e+000	  1.4630354e+000	  1.2686685e+000	  1.8241820e+000	  2.0180761e+000	 -2.0419444e+000	  1.9070502e+000	
  4.0873541e-001	 -2.2934168e-001	 -1.3604449e+000	 -1.0730634e+000	 -1.1047488e+000	 -1.6791766e-001	  7.4951916e-003	 -2.7013742e-001	 -7.3112480e-001	 -1.4553726e+000	 -4.2773609e-001	
 -8.0765276e-001	  7.7148927e-001	  1.5500083e+000	  1.2356129e+000	  1.1588358e+000	  9.9038801e-001	  1.2261192e+000	  6.8788500e-001	  7.1215424e-001	 -3.7162738e-001	  7.6873442e-001	
 -8.3914597e-001	  9.9085920e-001	 -1.8316360e-001	  1.0764912e-001	  3.0894310e-002	  1.1530336e+000	  1.2221574e+000	  8.7424916e-001	  6.6129542e-001	 -8.7048607e-001	  7.7871271e-001	
 -2.2231054e-003	  1.4587073e-001	 -2.7701478e-001	 -3.0759782e-001	 -1.9203284e-001	  1.5050328e-001	  1.1796798e-001	  1.8629256e-001	 -1.6993906e-001	 -9.9554935e-001	 -5.4835569e-002	
  3.6449575e-001	 -3.0198046e-001	 -5.4342622e-002	 -2.2145442e-001	 -1.1700909e-001	 -4.4747957e-001	 -5.2941895e-001	 -2.0178148e-001	 -4.9326309e-001	 -3.2563196e-001	 -4.1003008e-001	
 -8.5827523e-001	  9.0137564e-001	  8.9222146e-001	  6.0707972e-001	  1.2029917e+000	  9.3588480e-001	  9.6432222e-001	  5.9134074e-001	  4.9769339e-001	  1.5551673e-001	  6.7312437e-001	
 -1.5141266e+000	  1.5322918e+000	  1.7838036e+000	  1.7119400e+000	  1.7800043e+000	  1.6183065e+000	  1.6367260e+000	  1.2882171e+000	  1.2650415e+000	 -6.7763031e-001	  1.3772102e+000	
 -1.9681009e-001	  2.1430820e-001	  4.7604755e-001	  5.4135149e-001	  4.4234963e-001	  1.8727135e-001	  2.1471697e-001	  2.0601944e-001	  3.9831664e-001	 -1.0702934e-001	  2.3172667e-001	
  1.5791975e+000	 -1.5586013e+000	 -1.1455950e+000	 -1.5717935e+000	 -4.6224021e-001	 -1.5147465e+000	 -1.4334783e+000	 -1.6058014e+000	 -1.7851290e+000	  5.8242516e-001	 -1.6787855e+000	
  8.1617219e-001	 -8.2439557e-001	 -1.7154003e+000	 -1.4920327e+000	 -1.9474537e+000	 -8.4524510e-001	 -7.1716307e-001	 -8.1764788e-001	 -8.9003004e-001	  5.6115921e-001	 -9.2409531e-001	
  3.6791804e-001	 -4.8292518e-001	  4.7518840e-001	 -4.6996647e-002	 -4.1213248e-002	 -5.0970427e-001	 -4.3022647e-001	 -3.6331454e-001	 -2.9852494e-001	  3.4210698e-001	 -2.9257870e-001	
  1.0359469e+000	 -1.0789924e+000	 -1.8934165e+000	 -1.4707279e+000	 -1.2955978e+000	 -1.2218521e+000	 -1.2731945e+000	 -7.9675247e-001	 -8.3261420e-001	 -7.6316946e-002	 -7.6076892e-001	
 -7.4301854e-001	  8.1530925e-001	  2.3143208e-001	  1.8799875e-001	  1.7088101e-001	  7.8224699e-001	  7.8505181e-001	  9.8321543e-001	  7.9424864e-001	 -7.9378309e-001	  8.9561529e-001	
  1.0935657e+000	 -1.0941426e+000	 -2.4577750e-002	 -3.3373084e-001	 -8.8723924e-001	 -1.4148919e+000	 -1.6145861e+000	 -6.4595891e-001	 -5.4874556e-001	  1.5743130e+000	 -4.4044649e-001	
  8.0871180e-001	 -9.4092930e-001	  6.5516163e-001	  4.5079543e-001	  4.7596105e-001	 -1.2316509e+000	 -1.4236724e+000	 -8.4257988e-001	 -4.5473873e-001	  5.7988788e-001	 -7.8475262e-001	
  3.3311677e-001	 -3.5791864e-001	 -1.3625309e+000	 -1.1301391e+000	 -1.1207121e+000	 -5.3011334e-001	 -6.2595989e-001	 -4.8662584e-002	 -2.7320399e-001	  1.8554306e-001	 -1.3401077e-001	
 -1.4654714e-001	  4.8514596e-002	 -1.8755060e-001	  2.9756453e-001	  5.0411144e-001	  3.5537676e-002	 -6.0485765e-002	  4.6272260e-002	  3.3911084e-001	 -1.8949583e-001	  1.1629830e-001	
  9.9076671e-001	 -9.2081644e-001	 -9.6127315e-001	 -1.2134644e+000	 -1.2585578e+000	 -5.9982859e-001	 -3.4828164e-001	 -1.2289792e+000	 -1.2522057e+000	  5.0665559e-001	 -1.3371180e+000	
  4.0435043e-001	 -4.5161787e-001	 -1.5163765e+000	 -1.5119207e+000	 -1.1182572e+000	 -6.0197275e-002	  3.5382790e-001	 -9.8128919e-001	 -1.0073043e+000	  6.3926251e-001	 -1.0330435e+000	
 -4.0185093e-001	  6.4395437e-001	 -2.0324164e-001	  3.3158615e-001	  1.4523431e-001	  5.0770838e-001	  3.7606702e-001	  5.7154256e-001	  9.9461845e-002	 -2.3830939e+000	  3.3591963e-001	
 -5.0724185e-001	  4.3261621e-001	  1.0574601e+000	  9.6249820e-001	  1.0837918e+000	  3.3302120e-001	  1.8439455e-001	  5.9899753e-001	  5.1356919e-001	 -1.1717961e+000	  5.7166402e-001	
 -2.7552278e-001	  1.6753960e-001	 -4.9623041e-001	 -4.0065435e-001	  2.5581807e-002	  2.7856678e-001	  3.0809944e-001	 -4.8583191e-003	 -3.0387652e-002	  3.4325185e-001	  4.3684671e-002	
 -1.2405656e+000	  1.3753397e+000	  8.1205677e-001	  1.0591329e+000	  1.0731630e+000	  1.4312211e+000	  1.5172213e+000	  1.2959335e+000	  1.2220732e+000	 -7.6895948e-001	  1.3268904e+000	
  8.5621636e-001	 -1.0731729e+000	 -1.0278992e+000	 -8.7514197e-001	 -8.8675227e-001	 -1.0890264e+000	 -1.1065173e+000	 -7.8892699e-001	 -4.9706133e-001	  1.0715585e+000	 -5.5002240e-001	
  2.2892368e+000	 -2.1924299e+000	 -7.7941143e-001	 -1.8736984e+000	 -1.4647646e+000	 -2.1230075e+000	 -2.0893389e+000	 -2.2317684e+000	 -2.1862000e+000	  1.6955288e+000	 -2.2272163e+000	
  6.7216857e-001	 -7.0896489e-001	 -7.5702873e-001	 -7.8932748e-001	 -9.7684795e-001	 -5.9017810e-001	 -5.1438933e-001	 -5.5830136e-001	 -6.0279996e-001	 -2.8293592e-002	 -6.4646105e-001	
 -4.7588809e-002	  3.1012146e-002	  2.6747838e-001	  1.6964217e-001	 -4.4977970e-002	  1.0235617e-001	  9.5485335e-002	  7.7063238e-002	  3.3885703e-001	  1.9081719e+000	  4.1754219e-002	
 -2.4362121e-001	  5.5146261e-001	  1.7811950e+000	  1.1772389e+000	 -9.8259680e-002	  4.3199856e-001	  3.7991783e-001	  6.7461018e-001	  2.9228449e-001	 -2.2253655e+000	  4.0507591e-001	
  4.2722375e-001	 -2.8235484e-001	  1.1011466e-001	 -7.5306640e-002	  3.5233488e-001	 -1.2697358e-001	 -1.1301178e-001	 -3.5303147e-001	 -4.8547282e-001	 -9.2215415e-001	 -4.8684539e-001	
 -2.3843669e+000	  2.3739945e+000	  1.4711322e+000	  1.7404488e+000	  1.1972828e+000	  2.0689397e+000	  1.9036533e+000	  2.4728531e+000	  2.1760929e+000	 -2.0656780e+000	  2.2176406e+000	
  7.4492492e-001	 -7.2419584e-001	 -3.2069195e-001	 -2.3637568e-001	  2.3126710e-002	 -8.0164267e-001	 -7.9270479e-001	 -6.7648693e-001	 -6.5222185e-001	 -2.6818373e-001	 -6.2982845e-001	
 -1.1632398e-001	  5.3461103e-003	 -3.1920556e-002	  1.0056328e-001	 -2.1207783e-001	 -2.8566213e-001	 -4.8551061e-001	  4.4738631e-001	  6.4702372e-001	  7.1930634e-001	  3.4697696e-001	
  9.1921382e-001	 -9.1459375e-001	 -3.7935634e-001	 -6.4618077e-001	  7.0390827e-001	 -8.4495500e-001	 -7.1723946e-001	 -1.0751329e+000	 -1.1498357e+000	  2.8287503e-001	 -1.0880265e+000	
  7.5725924e-001	 -7.1294698e-001	  7.4113546e-001	  3.2647733e-001	  4.1344741e-001	 -8.3690479e-001	 -9.7700684e-001	 -5.0154154e-001	 -5.9721540e-001	 -2.1450442e-001	 -5.0015505e-001	
  1.5852647e+000	 -1.5561625e+000	 -1.0353247e-001	 -5.7010638e-001	 -2.0813763e-001	 -1.7016999e+000	 -1.8545821e+000	 -1.4350090e+000	 -1.2412183e+000	  2.4204754e+000	 -1.2772991e+000	
 -2.4501306e+000	  2.3476387e+000	  3.1316220e+000	  2.6816739e+000	  1.8374624e+000	  2.3508356e+000	  2.2928102e+000	  2.2137075e+000	  2.3620313e+000	 -1.1393045e+000	  2.3814440e+000	
  6.5151353e-001	 -6.0895166e-001	 -7.8867974e-001	 -9.7397537e-001	 -1.5466834e+000	 -3.3762967e-001	 -6.7899805e-002	 -8.0900400e-001	 -8.8396569e-001	  6.2510811e-001	 -8.8075471e-001	
 -1.0907370e+000	  9.1277448e-001	  1.3110189e+000	  1.4612933e+000	  5.4337771e-001	  7.2173178e-001	  5.2613615e-001	  1.1401212e+000	  1.5180308e+000	  6.2743341e-001	  1.2431467e+000	
  1.2417744e+000	 -1.0915154e+000	 -1.1125601e+000	 -1.1913726e+000	 -1.7907512e+000	 -9.2621657e-001	 -6.8407606e-001	 -1.0710258e+000	 -1.3998918e+000	 -6.2891700e-001	 -1.2749794e+000	
 -1.6086184e-001	  1.4640837e-001	 -2.1774735e-001	  1.5284341e-001	  7.5647242e-002	 -9.6327176e-003	  6.3715027e-003	  1.3510189e-001	  2.4239872e-001	  8.0820020e-001	  1.4578846e-001	
  3.2491720e-001	 -4.7820280e-001	 -8.9791360e-001	 -6.9981827e-001	 -6.4030328e-001	 -5.4289022e-001	 -5.1938201e-001	 -5.0183379e-001	 -6.7180540e-001	  7.4637383e-001	 -3.9231535e-001	
  7.2854463e-001	 -7.9214573e-001	  8.3976216e-002	 -2.6087447e-001	 -9.0388731e-001	 -8.9963145e-001	 -9.8767858e-001	 -4.4750262e-001	 -3.5972934e-001	  3.4514123e-001	 -4.4128794e-001	
  6.2396508e-001	 -8.1351158e-001	 -1.5742439e-001	 -3.9173009e-001	  1.6841172e-001	 -9.1839790e-001	 -9.0056509e-001	 -8.2338545e-001	 -4.9377858e-001	  5.9412122e-001	 -5.8186587e-001	
  1.3991356e+000	 -1.2993575e+000	 -7.4095230e-002	 -4.8346641e-001	 -1.4841021e-001	 -1.0400598e+000	 -9.5515780e-001	 -1.4019940e+000	 -1.2299306e+000	  1.5298962e+000	 -1.3329825e+000	
 -4.6097241e-001	  3.4740756e-001	  1.4188507e-001	  4.2980746e-001	  8.2953020e-002	  2.0321114e-001	  3.8745018e-002	  6.1619446e-001	  7.7199471e-001	  2.1999880e-001	  7.9441973e-001	
  2.0421626e-001	 -2.8765151e-001	 -4.3008499e-001	 -3.1306674e-002	  1.0734634e-001	 -2.8006860e-001	 -2.2589676e-001	 -3.8073196e-001	 -1.0927246e-002	  9.6528679e-001	 -1.6537731e-001	
 -1.1203090e+000	  1.3822412e+000	  9.9061931e-001	  9.8613584e-001	  8.3726613e-001	  1.3583489e+000	  1.3075026e+000	  1.3375203e+000	  1.1715704e+000	 -1.6712181e+000	  1.1535666e+000	
 -2.6050787e+000	  2.7407240e+000	  2.0935466e+000	  2.3135385e+000	  2.2873773e+000	  2.7565516e+000	  2.6525627e+000	  2.7050591e+000	  2.6795793e+000	 -1.5477229e+000	  2.7348005e+000	
  1.8572552e-001	 -3.9055214e-001	  1.3396309e+000	  8.4023744e-001	  1.1700838e+000	 -5.4668951e-001	 -6.4963430e-001	 -3.0721818e-001	 -1.8354911e-002	  1.0331773e+000	 -6.0385691e-002	
 -6.7631338e-001	  6.7021281e-001	  1.4770564e+000	  1.2880655e+000	  1.2763210e+000	  5.8505695e-001	  5.1012324e-001	  5.8798083e-001	  9.5249497e-001	 -5.5828683e-001	  7.5103152e-001	
  1.0967539e+000	 -1.1052952e+000	 -6.0974521e-001	 -4.2148082e-001	 -2.2530935e-001	 -1.2770683e+000	 -1.4497469e+000	 -8.7501766e-001	 -1.0817978e+000	  3.5623994e-001	 -1.0262469e+000	
 -1.8320247e-001	 -1.5731822e-002	  1.2301976e+000	  7.8201793e-001	  1.2437440e-001	 -1.5488969e-001	 -3.4875291e-001	  2.8331440e-001	  3.4110189e-001	 -3.8687440e-001	  1.9805634e-001	
  9.9696222e-001	 -9.5880566e-001	 -1.8956249e-002	 -5.3090609e-001	 -8.0774353e-001	 -8.8518034e-001	 -7.2936692e-001	 -9.1818086e-001	 -1.0397870e+000	  1.2458222e+000	 -9.6575143e-001	
 -3.5275549e-001	  5.1819358e-001	  5.8665534e-001	  4.9429801e-001	  4.1410549e-001	  5.5676303e-001	  5.9491081e-001	  3.9500842e-001	  3.0377021e-001	 -5.8981421e-001	  3.2118110e-001	
  1.6947914e+000	 -1.6866680e+000	 -7.0788732e-001	 -1.1811195e+000	 -1.3361720e-001	 -1.5218996e+000	 -1.5129369e+000	 -1.9174686e+000	 -1.7253299e+000	  2.0395906e+000	 -1.7703548e+000	
  2.0143441e+000	 -1.9352753e+000	 -1.7363267e+000	 -2.0195904e+000	 -2.4508670e+000	 -1.5919426e+000	 -1.2767755e+000	 -2.2422161e+000	 -2.0362897e+000	  1.7546764e+000	 -2.1329980e+000	
  9.2815799e-002	 -8.8419069e-003	 -6.7027600e-001	 -7.3573594e-001	 -1.0106001e+000	  2.0783432e-001	  3.6189683e-001	 -1.9933434e-001	 -6.9128220e-001	 -1.5931905e+000	 -3.6900720e-001	
 -1.1090245e+000	  9.5741952e-001	  7.0345302e-001	  8.8016215e-001	  1.2236090e+000	  1.1620628e+000	  1.2245926e+000	  9.3053090e-001	  1.2911956e+000	  7.2834224e-001	  1.0346069e+000	
 -8.0314168e-001	  7.4539218e-001	 -4.5504373e-001	 -1.0211829e-001	  1.0437759e-001	  9.3465533e-001	  1.1422559e+000	  4.7533569e-001	  4.7357373e-001	  2.8189099e-001	  4.5975432e-001	
 -7.0504553e-001	  8.2718125e-001	  8.5938939e-001	  9.9892370e-001	  1.3768717e+000	  1.1685713e+000	  1.2673058e+000	  5.6380882e-001	  5.3605619e-001	 -7.2697759e-001	  5.0128653e-001	
  6.1459546e-001	 -6.2769215e-001	 -8.2505493e-002	 -3.7896337e-001	 -5.3118303e-001	 -5.8578808e-001	 -3.9821585e-001	 -7.2911513e-001	 -4.7868874e-001	 -6.3270700e-002	 -5.7001496e-001	
  1.1165840e+000	 -1.1230918e+000	 -1.1964946e+000	 -1.6097970e+000	 -1.7653486e+000	 -1.2173489e+000	 -1.2429901e+000	 -9.4530321e-001	 -9.5964574e-001	  1.0439143e+000	 -9.4335537e-001	
 -1.2594943e+000	  1.1442002e+000	  5.6106095e-001	  1.1036664e+000	  1.5515727e+000	  1.0031187e+000	  7.3682173e-001	  1.2375026e+000	  1.2149404e+000	 -9.1326849e-001	  1.2092191e+000	
  4.8768401e-001	 -5.7382339e-001	  4.2892360e-001	 -3.9232254e-001	  3.5769327e-001	 -4.9006610e-001	 -5.2575228e-001	 -7.5971976e-001	 -6.6231499e-001	  8.9772347e-001	 -8.5615535e-001	
  1.3840448e+000	 -1.3098340e+000	 -1.7690232e+000	 -1.6738260e+000	 -1.2093126e+000	 -1.1417176e+000	 -1.0218214e+000	 -1.4401980e+000	 -1.5744369e+000	  6.7687905e-001	 -1.5121927e+000	
  3.1179824e-001	 -2.7160893e-001	  6.1199354e-001	  1.1884600e-001	  3.6865199e-002	 -5.1330108e-001	 -7.2638473e-001	  6.5806523e-002	 -3.1069077e-001	 -1.6650302e+000	 -2.1779524e-001	
 -6.1225616e-002	 -3.9981803e-002	  1.3512890e+000	  1.1159453e+000	  1.8212568e+000	 -1.9444941e-001	 -4.7878070e-001	  1.6861642e-001	  2.3804669e-001	  4.9007937e-002	  2.4948551e-001	
  7.5778599e-001	 -9.3421194e-001	 -1.4351075e+000	 -9.1196516e-001	 -7.1089636e-001	 -1.0746703e+000	 -1.0286362e+000	 -9.2900647e-001	 -1.0066821e+000	  4.7038196e-001	 -9.2819992e-001	
 -8.9347715e-001	  7.6548643e-001	  1.0215830e+000	  1.1946267e+000	  9.2180993e-001	  8.8077050e-001	  1.0384197e+000	  5.1416796e-001	  6.4945334e-001	 -7.2671319e-002	  6.5023143e-001	
  8.0332515e-002	 -1.2276427e-001	  3.2173082e-001	  2.0435239e-001	  4.4944406e-001	 -5.9611931e-002	 -3.6391154e-002	 -9.7198210e-002	  1.8417720e-001	  4.1642893e-003	  7.7888081e-003	
  8.3927185e-001	 -8.5881943e-001	 -6.7776013e-001	 -3.8664034e-001	 -4.5749190e-001	 -1.1633239e+000	 -1.3917692e+000	 -5.4151794e-001	 -6.6532354e-001	  9.1443248e-001	 -4.6791591e-001	
  6.0012431e-001	 -4.5522168e-001	 -3.9941293e-001	 -7.6153497e-001	 -7.0313242e-001	 -3.0937559e-001	 -2.7001691e-001	 -5.6075334e-001	 -6.7123483e-001	  8.4875670e-001	 -6.8970936e-001	
 -1.2801892e+000	  1.3415041e+000	  6.3686207e-001	  1.0500221e+000	  1.3951792e+000	  1.3939887e+000	  1.3603371e+000	  1.1321284e+000	  1.0570381e+000	 -3.3722133e-001	  1.0056927e+000	
 -1.3596414e+000	  1.4245427e+000	  3.0194376e-001	  7.6779893e-001	  6.2849341e-001	  1.3913006e+000	  1.3372931e+000	  1.4239837e+000	  1.4163291e+000	 -2.6244212e-001	  1.4097002e+000	
  1.0452193e+000	 -9.6984488e-001	 -9.5919617e-001	 -1.1079045e+000	 -1.1161932e+000	 -8.3935448e-001	 -7.0660967e-001	 -1.1709695e+000	 -8.1206722e-001	  1.4099511e+000	 -9.9504728e-001	
  5.0373852e-002	  9.3334399e-002	 -7.4118802e-001	 -4.4906751e-001	 -2.1786266e-001	  2.8836134e-001	  5.1679771e-001	 -1.4397137e-001	 -1.5505516e-001	  1.0184692e+000	 -1.1957777e-001	
 -6.7907359e-001	  7.2914929e-001	 -2.9006681e-001	  3.0231719e-001	  4.4324800e-001	  6.0973081e-001	  4.5927332e-001	  9.3417803e-001	  9.3570143e-001	 -5.1523772e-001	  1.1680714e+000	
 -8.6086558e-001	  7.8278141e-001	  1.2548441e+000	  9.2417049e-001	  1.2711746e+000	  9.2960192e-001	  1.0730747e+000	  5.6101365e-001	  8.2958934e-001	  8.0548871e-003	  6.4948023e-001	
 -1.3786031e+000	  1.4046348e+000	  1.6873705e+000	  1.4721711e+000	  1.6263997e+000	  1.4317423e+000	  1.3006241e+000	  1.2521980e+000	  1.1532363e+000	 -1.0313541e+000	  1.0955339e+000	
 -1.6515850e-001	  1.6126188e-001	  1.5413040e-001	 -1.2842937e-001	 -1.2702732e-002	  2.3415309e-001	  2.0487362e-001	  7.2196523e-002	 -2.5750612e-001	 -1.1079785e+000	 -2.7320453e-002	
 -9.9060159e-001	  1.0088125e+000	  3.0762700e-001	  6.3907820e-001	  2.1274566e-001	  1.1429411e+000	  1.2478414e+000	  9.6172210e-001	  8.7928483e-001	 -1.8551855e-001	  1.0034828e+000	
  8.3282292e-001	 -8.1640996e-001	 -1.0477417e+000	 -9.7736825e-001	 -1.2125452e+000	 -1.1458256e+000	 -1.3897358e+000	 -5.6567788e-001	 -6.6887379e-001	  4.7860822e-001	 -7.9046321e-001	
 -1.3200653e+000	  1.1434185e+000	 -5.5191427e-001	  1.6273163e-001	  1.3709274e-001	  8.8351185e-001	  7.5633649e-001	  1.2884969e+000	  1.4501640e+000	 -1.9935611e-001	  1.4833732e+000	
  9.7323689e-001	 -8.5416013e-001	  1.1670615e-001	 -4.3716068e-002	  8.9057338e-001	 -6.6600095e-001	 -6.5262482e-001	 -1.0107468e+000	 -7.6001647e-001	  5.1131108e-001	 -1.0371083e+000	
 -1.1253412e+000	  1.0077125e+000	  3.8674906e-001	  8.2666418e-001	  6.5124026e-001	  5.6556859e-001	  2.4605090e-001	  1.4278584e+000	  1.2762776e+000	 -9.1456806e-001	  1.3643505e+000	
 -1.7253271e+000	  1.6202362e+000	  7.1869991e-001	  1.1811999e+000	  1.3846502e+000	  1.7568074e+000	  1.8239063e+000	  1.3929356e+000	  1.3969907e+000	 -8.5238382e-001	  1.4198868e+000	
  8.1619864e-001	 -9.9928922e-001	  1.2527592e-001	 -5.0083429e-001	 -4.7621543e-001	 -1.1621599e+000	 -1.3533554e+000	 -7.5286290e-001	 -8.2162934e-001	 -2.9462981e-001	 -9.3751627e-001	
 -6.3289679e-001	  5.0650171e-001	 -6.6433553e-001	  3.0929635e-001	 -2.5513098e-001	  4.5353046e-001	  3.9862698e-001	  4.8810608e-001	  5.3050953e-001	 -8.5687678e-001	  4.8719378e-001	
  2.0159101e-001	 -1.7356769e-001	 -7.2418697e-001	 -6.7344051e-001	 -5.8968495e-001	  7.6799465e-002	  2.7556003e-001	 -4.2261305e-001	 -5.4373298e-001	  7.4361045e-002	 -4.2123150e-001	
  4.8200295e-001	 -4.9605812e-001	 -1.7009177e+000	 -1.4806318e+000	 -1.5019548e+000	 -2.9048787e-001	 -4.0342565e-002	 -6.4325323e-001	 -5.7683311e-001	  9.1189945e-001	 -4.6298769e-001	
 -6.5569002e-001	  7.3061824e-001	 -3.6230368e-001	  3.8831563e-002	 -2.7794922e-001	  6.2344319e-001	  5.4971589e-001	  8.0020470e-001	  8.5226420e-001	 -7.2708030e-001	  7.9308567e-001	
 -1.0208097e+000	  9.5781750e-001	  1.5647977e+000	  1.4940988e+000	  1.3348629e+000	  9.2816637e-001	  8.1776571e-001	  1.0885619e+000	  1.1160813e+000	  3.9622737e-001	  1.2934867e+000	
