  8.9434268e-001	 -8.5084295e-001	 -1.1828571e+000	 -1.5355733e+000	 -9.5104713e-001	  8.7323701e-001	 -8.9527160e-001	  8.4249203e-001	  8.9071827e-001	 -8.7201501e-001	 -8.7205860e-001	
  4.5331129e-001	 -4.6119113e-001	 -4.5773398e-001	 -2.3114568e-001	  3.3102580e-001	  4.9175871e-001	 -4.4325089e-001	  5.2241726e-001	  3.4567851e-001	 -4.5744571e-001	 -4.3545992e-001	
  1.0591715e+000	 -9.7251574e-001	 -1.2134582e+000	 -9.0450970e-001	 -2.1273250e-001	  9.9320728e-001	 -9.3441904e-001	  1.1092135e+000	  1.0228441e+000	 -1.1140942e+000	 -1.1172260e+000	
  1.3996587e+000	 -1.3059370e+000	 -1.6334658e+000	 -1.5547121e+000	 -1.1140669e+000	  1.3104577e+000	 -1.2861752e+000	  1.4661311e+000	  1.3854697e+000	 -1.3798454e+000	 -1.4006415e+000	
 -2.4490686e-001	  2.0021920e-001	  1.5288491e-001	  5.3640522e-001	  8.0193332e-001	 -2.3144545e-001	  2.3412482e-001	 -2.9512887e-001	 -2.7711386e-001	  3.0020227e-001	  3.7258023e-001	
 -1.4973146e+000	  1.5649661e+000	  1.3963937e+000	  9.7976918e-001	  7.1628722e-001	 -1.5487110e+000	  1.5154952e+000	 -1.5454251e+000	 -1.4655128e+000	  1.5186587e+000	  1.5279956e+000	
  7.5750302e-001	 -7.6655854e-001	 -6.3622127e-001	 -8.4585184e-001	 -6.0390128e-001	  7.1926945e-001	 -7.2340071e-001	  6.9160300e-001	  8.0674836e-001	 -7.4545966e-001	 -7.3236823e-001	
  1.1984156e+000	 -1.2189096e+000	 -6.9612245e-001	 -1.0569269e+000	 -1.4207454e+000	  1.2080096e+000	 -1.2339140e+000	  1.1868970e+000	  1.1446231e+000	 -1.1623331e+000	 -1.1460113e+000	
  3.3150593e-001	 -3.8080988e-001	 -5.5106066e-001	 -4.0945581e-001	 -1.4064286e+000	  3.4566265e-001	 -3.9506900e-001	  2.8732303e-001	  3.7138876e-001	 -3.1464649e-001	 -3.2055311e-001	
  5.1681619e-001	 -5.1375810e-001	 -7.3433496e-001	 -7.0563346e-001	 -3.5940579e-001	  5.0514574e-001	 -5.2250233e-001	  4.9011699e-001	  4.8577845e-001	 -4.1118787e-001	 -5.6563296e-001	
  1.0166058e+000	 -1.0175541e+000	 -1.2245367e+000	 -1.0021115e+000	 -5.5242352e-001	  1.0102753e+000	 -9.9469855e-001	  1.0441540e+000	  1.0454736e+000	 -1.0637576e+000	 -9.3945277e-001	
  1.4541234e+000	 -1.4083316e+000	 -1.4899318e+000	 -1.3358418e+000	 -1.1657952e+000	  1.4260796e+000	 -1.4241396e+000	  1.4312984e+000	  1.3973099e+000	 -1.4392515e+000	 -1.3543712e+000	
  1.1342193e+000	 -1.1251711e+000	 -1.2513995e+000	 -1.2571526e+000	 -8.8605127e-001	  1.1497963e+000	 -1.1275513e+000	  1.2038257e+000	  1.1068227e+000	 -1.1217205e+000	 -1.1830208e+000	
  2.2838720e-001	 -1.8958371e-001	  1.1712903e-002	 -3.9324245e-001	 -7.6507672e-001	  2.2592307e-001	 -2.3393698e-001	  2.5221850e-001	  2.7781918e-001	 -2.6119475e-001	 -3.0673599e-001	
 -1.4600733e+000	  1.3877893e+000	  1.1997864e+000	  1.3546902e+000	  7.8626618e-001	 -1.4456181e+000	  1.3872330e+000	 -1.5252745e+000	 -1.3796064e+000	  1.4795557e+000	  1.4920480e+000	
  1.2498952e+000	 -1.2402708e+000	 -1.1328434e+000	 -1.1815217e+000	 -1.2754756e+000	  1.2362431e+000	 -1.2603951e+000	  1.1811868e+000	  1.2476035e+000	 -1.1332263e+000	 -1.2716878e+000	
 -1.2850961e+000	  1.1996174e+000	  1.4065960e+000	  1.5963339e+000	  1.7793030e+000	 -1.2268589e+000	  1.2401008e+000	 -1.3445059e+000	 -1.3057937e+000	  1.3797298e+000	  1.3739601e+000	
  2.1076441e+000	 -2.1772791e+000	 -2.1614681e+000	 -2.1504334e+000	 -2.4098744e+000	  2.1210578e+000	 -2.1274119e+000	  2.0860932e+000	  2.0388800e+000	 -2.0768177e+000	 -2.1433021e+000	
 -3.0505147e-001	  2.8115325e-001	  2.2599304e-001	  2.2609693e-001	 -2.3025592e-002	 -2.8285674e-001	  2.4134565e-001	 -3.3722505e-001	 -2.7301304e-001	  2.5650296e-001	  2.8563680e-001	
 -8.0044990e-001	  8.0325718e-001	  8.7377940e-001	  9.5303004e-001	  1.2611449e-001	 -8.1801271e-001	  8.0041935e-001	 -8.3235922e-001	 -7.1902507e-001	  8.1311059e-001	  8.4285373e-001	
 -3.1747408e-001	  3.1333383e-001	  7.3313129e-001	  2.5671904e-001	  5.7603589e-001	 -3.3497933e-001	  3.5662485e-001	 -3.4796506e-001	 -4.1546594e-001	  2.9948166e-001	  4.3010413e-001	
  1.2376120e+000	 -1.1508358e+000	 -1.2916322e+000	 -8.2975663e-001	 -1.4061470e+000	  1.1633271e+000	 -1.1558717e+000	  1.2203871e+000	  1.1576023e+000	 -1.2213576e+000	 -1.1873490e+000	
 -1.9563734e-003	 -6.2298930e-003	  5.9993583e-002	 -2.7834556e-001	 -6.7405291e-001	 -3.4585624e-002	 -1.2459701e-002	 -1.0060255e-001	  3.6010459e-002	  7.1127094e-002	  6.3098064e-002	
 -6.0748639e-001	  5.3248786e-001	  6.6318138e-001	  6.8842924e-001	  8.8134295e-001	 -5.5524727e-001	  6.0268842e-001	 -5.9766517e-001	 -6.3358216e-001	  6.7353070e-001	  5.8979731e-001	
 -1.0590159e+000	  1.1159959e+000	  9.1216262e-001	  1.0908785e+000	  9.8153873e-001	 -1.0612459e+000	  1.0828025e+000	 -9.9472404e-001	 -1.0400779e+000	  9.5993449e-001	  9.9578771e-001	
 -1.2112076e+000	  1.1586352e+000	  1.3112405e+000	  8.5575193e-001	  1.1921345e+000	 -1.1667188e+000	  1.1544773e+000	 -1.1819689e+000	 -1.1879165e+000	  1.2193680e+000	  1.1374728e+000	
 -1.3500430e+000	  1.3337557e+000	  1.3507026e+000	  1.3889352e+000	  2.2770174e+000	 -1.3202411e+000	  1.3501135e+000	 -1.3232601e+000	 -1.3476312e+000	  1.3037513e+000	  1.2876419e+000	
 -1.0720817e-001	  1.7450340e-001	  3.8376496e-001	  4.0590688e-001	  4.5880297e-001	 -1.7655679e-001	  2.1150024e-001	 -1.3082247e-001	 -2.3745578e-001	  2.0636030e-001	  1.2577195e-001	
 -1.1167290e+000	  1.1259279e+000	  9.9811362e-001	  1.5253630e+000	  1.7016967e+000	 -1.1050348e+000	  1.1452601e+000	 -1.0779559e+000	 -1.1876245e+000	  1.0643868e+000	  1.1543632e+000	
  1.8493032e-001	 -2.3609786e-001	  2.1620418e-001	  9.7212139e-002	  1.1331441e+000	  2.5593922e-001	 -2.4218601e-001	  1.8460804e-001	  2.0319628e-001	 -1.7891924e-001	 -1.5547412e-001	
  7.8379659e-001	 -7.1514003e-001	 -5.3603524e-001	 -4.7243350e-001	  4.2427183e-001	  7.5517658e-001	 -7.2988444e-001	  8.0420651e-001	  7.0069401e-001	 -7.7876939e-001	 -8.3304142e-001	
 -1.0884170e+000	  1.0015907e+000	  1.0924675e+000	  1.3353406e+000	  1.2493546e+000	 -9.9655703e-001	  9.8528706e-001	 -1.0512915e+000	 -1.1242891e+000	  1.0419531e+000	  1.0332460e+000	
  2.6459894e-001	 -2.6746686e-001	 -3.2386627e-001	 -3.8797715e-001	 -5.8672402e-002	  2.7369625e-001	 -2.9078812e-001	  2.1889756e-001	  1.9776964e-001	 -2.6925096e-001	 -2.1146502e-001	
 -9.6623560e-002	 -1.9156659e-002	  2.2774468e-001	  1.2596160e-001	  4.2606008e-001	 -4.4637003e-002	  6.0201497e-002	 -1.0287808e-001	 -7.5727429e-003	  2.7514271e-002	  5.8086330e-002	
 -9.8603445e-001	  1.0024812e+000	  1.2502222e+000	  1.1721250e+000	  8.3003537e-001	 -9.6983143e-001	  9.6392012e-001	 -9.6903939e-001	 -9.7902952e-001	  1.0171292e+000	  9.9285965e-001	
 -4.0980780e-001	  2.8603160e-001	  4.7742672e-001	  1.8394781e-001	 -8.0843815e-001	 -3.7784353e-001	  2.8680283e-001	 -5.3796806e-001	 -4.3939075e-001	  5.3599153e-001	  5.0559004e-001	
  7.0177686e-001	 -7.3706412e-001	 -7.9665532e-001	 -5.8104206e-001	  3.1400671e-001	  7.2797282e-001	 -7.0194819e-001	  6.9745626e-001	  7.5449737e-001	 -7.4494343e-001	 -7.4450416e-001	
  1.2483913e+000	 -1.1849664e+000	 -1.0610137e+000	 -8.6748034e-001	 -8.1985521e-001	  1.1924247e+000	 -1.1781901e+000	  1.2606931e+000	  1.2487455e+000	 -1.2464180e+000	 -1.2972023e+000	
  2.0057410e+000	 -2.0363999e+000	 -1.8852465e+000	 -2.2174609e+000	 -1.8901268e+000	  2.0078236e+000	 -2.0199414e+000	  1.8767093e+000	  2.1425451e+000	 -1.9469422e+000	 -1.9740385e+000	
 -5.8475516e-001	  5.9244447e-001	  6.9047457e-001	  8.3858874e-001	  5.7950589e-001	 -5.7425749e-001	  5.7723923e-001	 -5.0403080e-001	 -5.0946441e-001	  4.5720995e-001	  5.2710081e-001	
 -3.0549729e-001	  2.9295834e-001	  4.6622113e-001	  5.4689118e-001	  7.2939141e-001	 -3.0276500e-001	  2.9894372e-001	 -2.7847773e-001	 -3.4423293e-001	  3.2782467e-001	  3.5234524e-001	
  5.0595541e-001	 -4.5461305e-001	 -9.0655261e-001	 -7.0102477e-001	 -5.9499629e-001	  4.7407880e-001	 -4.4881667e-001	  5.5291165e-001	  5.1713629e-001	 -5.0792237e-001	 -5.5658102e-001	
  1.3081446e+000	 -1.2889438e+000	 -9.7049850e-001	 -1.1186280e+000	 -9.0048213e-001	  1.3255090e+000	 -1.3413816e+000	  1.3335856e+000	  1.2983165e+000	 -1.3226420e+000	 -1.2516250e+000	
 -3.1831471e-001	  2.5205626e-001	 -9.7321753e-003	  1.0059786e-001	 -5.0873650e-001	 -3.2147825e-001	  2.7464596e-001	 -3.9462685e-001	 -2.6781189e-001	  3.9070702e-001	  3.8351852e-001	
  1.5943973e+000	 -1.6033659e+000	 -1.6586662e+000	 -1.5329122e+000	 -1.7314418e+000	  1.6395066e+000	 -1.6803265e+000	  1.6396007e+000	  1.4859918e+000	 -1.5771618e+000	 -1.6759670e+000	
 -9.7694228e-002	  4.2006481e-002	  7.8954034e-002	  4.8568549e-001	  1.1344345e+000	 -9.9054498e-002	  1.2928341e-001	 -2.2366793e-001	 -1.1138052e-001	  1.8344923e-001	  1.8278609e-001	
  8.4230753e-001	 -8.3711701e-001	 -1.1102567e+000	 -8.7900476e-001	 -4.0049587e-001	  8.4236633e-001	 -8.4852853e-001	  8.1270557e-001	  9.0817511e-001	 -8.7921912e-001	 -8.2915151e-001	
  1.0726853e+000	 -1.0554952e+000	 -1.0406345e+000	 -1.0909231e+000	 -1.0727070e+000	  1.0365583e+000	 -1.0638206e+000	  1.0356349e+000	  1.1029252e+000	 -1.1273269e+000	 -1.0833146e+000	
 -1.5070277e+000	  1.4966019e+000	  1.3549160e+000	  1.4759354e+000	  1.6830806e+000	 -1.5044061e+000	  1.4749252e+000	 -1.4633236e+000	 -1.4964189e+000	  1.4520611e+000	  1.4832508e+000	
 -6.8711330e-001	  7.0821974e-001	  7.9856618e-001	  6.6050212e-001	  6.0696500e-001	 -7.0717516e-001	  7.2133207e-001	 -6.6566770e-001	 -7.8421215e-001	  6.2409463e-001	  7.4359189e-001	
 -4.6806544e-001	  5.4295305e-001	  5.7444600e-001	  3.0965785e-001	  1.0400319e-001	 -4.9550680e-001	  4.8793497e-001	 -4.6447932e-001	 -4.9084246e-001	  4.7786307e-001	  4.9018365e-001	
 -4.8757524e-001	  4.5984221e-001	  4.7828016e-001	  6.0184462e-001	  3.6054995e-001	 -4.7719913e-001	  4.4729252e-001	 -5.3329378e-001	 -4.4186104e-001	  5.6144589e-001	  5.2228971e-001	
 -9.4313616e-001	  9.8623472e-001	  9.7092187e-001	  9.7512483e-001	  1.0059062e+000	 -9.8915517e-001	  1.0040466e+000	 -1.0227816e+000	 -9.0487944e-001	  9.0840958e-001	  1.0186535e+000	
  1.1889095e+000	 -1.2136140e+000	 -1.3508535e+000	 -1.4577398e+000	 -1.1402625e+000	  1.1830080e+000	 -1.1825970e+000	  1.1322521e+000	  1.1807899e+000	 -1.1957654e+000	 -1.1563104e+000	
  5.2953825e-001	 -5.2408867e-001	 -8.4319768e-001	 -5.6935081e-001	 -9.4986381e-001	  5.5988996e-001	 -5.9388899e-001	  5.2910748e-001	  7.2094811e-001	 -6.2330402e-001	 -6.0548361e-001	
 -1.0459362e+000	  1.1414640e+000	  1.3256335e+000	  9.9068603e-001	  2.6166764e-001	 -1.0610748e+000	  1.0980360e+000	 -9.7421257e-001	 -1.0823166e+000	  9.8255792e-001	  1.0386840e+000	
  1.2264012e-001	 -4.3631700e-002	 -4.1152674e-001	 -9.0470489e-002	  5.7190895e-001	  6.8774812e-002	  9.3531595e-003	  2.1648277e-001	  7.5834846e-002	 -1.9353214e-001	 -1.9251298e-001	
  4.2333508e-002	  2.8006570e-003	  2.9408781e-003	  6.7766976e-002	 -1.9632340e-001	 -2.1862714e-002	  1.4556104e-002	  4.6453479e-003	  5.6374821e-002	  5.9892663e-003	  6.2451837e-003	
  3.8150431e-001	 -3.8481266e-001	 -7.5499392e-001	 -3.8578018e-001	  1.2688041e-001	  3.7765079e-001	 -3.3174825e-001	  4.1909979e-001	  4.1417869e-001	 -3.8899002e-001	 -4.2249955e-001	
 -6.3510245e-001	  5.8767938e-001	  5.4036137e-001	  6.4990284e-001	  6.1006412e-001	 -5.9360937e-001	  5.8897871e-001	 -6.2146083e-001	 -6.4565703e-001	  6.4340728e-001	  6.6117258e-001	
  8.9601055e-001	 -9.8722658e-001	 -1.0413440e+000	 -8.7093277e-001	 -7.6204682e-001	  9.2059409e-001	 -9.2790386e-001	  8.3933681e-001	  1.0032897e+000	 -9.0648977e-001	 -8.4248264e-001	
 -3.8453153e-001	  4.5467939e-001	  4.5485562e-001	  3.8724350e-001	  3.9580519e-001	 -4.1476574e-001	  4.1963437e-001	 -3.5466958e-001	 -4.4417055e-001	  3.5803867e-001	  3.3611172e-001	
 -4.4343221e-001	  4.2641236e-001	  4.0905896e-001	  5.0777589e-001	 -2.1960778e-002	 -4.4560177e-001	  4.1633450e-001	 -4.8904485e-001	 -3.3154037e-001	  5.1716790e-001	  4.4924563e-001	
  9.0243165e-001	 -8.4260373e-001	 -7.3681326e-001	 -6.7424640e-001	 -1.0209748e+000	  8.5286235e-001	 -8.5770993e-001	  8.7806588e-001	  7.2510010e-001	 -8.6749715e-001	 -7.8381824e-001	
 -7.2451699e-001	  6.8071605e-001	  1.4762279e-001	  6.2718305e-001	  8.4703219e-001	 -6.3960441e-001	  6.4990481e-001	 -6.4607551e-001	 -6.4789351e-001	  6.8486887e-001	  6.7740151e-001	
 -3.1160408e-001	  3.8186480e-001	  3.4513669e-001	  3.7099630e-001	  6.3338210e-001	 -3.6028082e-001	  4.1147765e-001	 -1.9654331e-001	 -3.7285515e-001	  2.6279226e-001	  2.6419441e-001	
  2.5776057e-001	 -2.4224531e-001	  7.9310242e-002	 -4.4303735e-001	 -6.5248378e-001	  2.4332146e-001	 -2.2117852e-001	  2.7336278e-001	  2.7724288e-001	 -3.2958596e-001	 -2.9250141e-001	
  4.0553001e-002	 -3.4843872e-002	  1.0663710e-001	  2.1827996e-002	  3.9078677e-001	  4.9768320e-002	 -6.0234384e-002	  3.8311040e-002	 -2.4631699e-002	 -9.5688279e-003	 -2.3964748e-002	
 -2.4591964e-001	  2.0924492e-001	  1.6349651e-001	  1.9626480e-001	 -1.4202540e-001	 -2.0967404e-001	  2.3124210e-001	 -1.4327833e-001	 -2.2568408e-001	  1.6207545e-001	  1.5846320e-001	
  2.0852244e+000	 -2.1370039e+000	 -1.7874987e+000	 -1.9834883e+000	 -1.7813144e+000	  2.1471406e+000	 -2.1424409e+000	  2.1687954e+000	  2.0453209e+000	 -2.1623393e+000	 -2.1070679e+000	
 -2.3708790e-001	  2.3018303e-001	  5.4690053e-001	  3.3516932e-001	  7.3544725e-001	 -2.3907242e-001	  2.6753163e-001	 -2.2090013e-001	 -2.5052609e-001	  2.7354761e-001	  1.9048841e-001	
 -2.8530943e+000	  2.8764213e+000	  2.4633516e+000	  2.8848321e+000	  2.4415706e+000	 -2.8780882e+000	  2.8955531e+000	 -2.8187221e+000	 -2.8834688e+000	  2.8617832e+000	  2.8134655e+000	
 -3.3862935e-001	  3.0384725e-001	  6.5126942e-001	  3.3918923e-001	 -2.7267396e-001	 -3.5982893e-001	  3.8831827e-001	 -3.4285809e-001	 -3.0314429e-001	  3.5723545e-001	  3.4051377e-001	
 -6.0387689e-001	  6.6659994e-001	  9.1419368e-001	  8.3610992e-001	  1.2648398e+000	 -6.5165357e-001	  6.9945931e-001	 -6.8033987e-001	 -5.9081912e-001	  6.3633729e-001	  6.4540899e-001	
 -1.3238898e+000	  1.3988040e+000	  1.3996933e+000	  9.2572286e-001	 -6.4744937e-002	 -1.3594553e+000	  1.2902052e+000	 -1.2844894e+000	 -1.2520281e+000	  1.3177311e+000	  1.2295592e+000	
 -1.0434941e+000	  9.6935621e-001	  6.4047862e-001	  7.0898775e-001	  9.0321931e-001	 -1.0127136e+000	  9.9079519e-001	 -1.1094824e+000	 -8.8941253e-001	  1.0723486e+000	  1.0495046e+000	
 -1.1191448e-001	  1.5342990e-001	  3.6308828e-001	  1.1553813e-001	 -1.5244275e-001	 -1.3839086e-001	  1.3386793e-001	 -4.6729624e-002	 -1.9885295e-001	  3.7555121e-002	  8.9551384e-002	
 -4.4945939e-001	  4.5379374e-001	  6.0321923e-001	  5.7551723e-001	  9.6252825e-001	 -4.1512015e-001	  4.3852027e-001	 -4.2041244e-001	 -4.6169369e-001	  4.3685516e-001	  4.4707590e-001	
  4.0587267e-001	 -4.1483427e-001	 -6.5116564e-001	 -6.2422006e-001	 -2.5502320e-001	  4.2423490e-001	 -4.5405202e-001	  3.8867047e-001	  4.0002961e-001	 -3.7921996e-001	 -3.5936472e-001	
  7.4054411e-001	 -7.3101316e-001	 -7.1483065e-001	 -8.9382907e-001	 -8.6647092e-001	  7.2156025e-001	 -7.0720983e-001	  7.1198551e-001	  9.1899950e-001	 -7.4173089e-001	 -8.3381514e-001	
 -2.2508017e-001	  2.7481005e-001	  4.2890770e-001	  2.5449164e-001	  7.4221564e-001	 -2.8159538e-001	  3.2705002e-001	 -2.3011234e-001	 -3.6021359e-001	  2.5392303e-001	  2.6167368e-001	
  2.4815884e-001	 -2.8299770e-001	 -2.5778268e-001	 -2.1381845e-001	 -5.2893734e-001	  2.4068576e-001	 -2.4819245e-001	  2.4076746e-001	  3.9450384e-001	 -2.8981089e-001	 -2.9964399e-001	
 -7.3869338e-001	  8.1933412e-001	  6.4573775e-001	  7.8044491e-001	 -8.1057810e-002	 -7.4333097e-001	  7.3999268e-001	 -6.3361590e-001	 -8.2034449e-001	  7.0455350e-001	  7.3354092e-001	
  2.1365583e-001	 -1.6208868e-001	 -2.6055903e-001	 -3.8560602e-001	 -6.8316471e-001	  2.0136408e-001	 -1.9093526e-001	  2.5717528e-001	  2.4682749e-001	 -2.9233725e-001	 -2.3912829e-001	
  1.5231556e+000	 -1.5061750e+000	 -1.3320387e+000	 -1.1789377e+000	 -9.6517254e-001	  1.5291918e+000	 -1.5128006e+000	  1.5073828e+000	  1.5062251e+000	 -1.4952109e+000	 -1.5219018e+000	
 -1.2324391e+000	  1.1849083e+000	  1.0842293e+000	  1.1405538e+000	  1.4713424e+000	 -1.2051243e+000	  1.2053630e+000	 -1.2269580e+000	 -1.3040579e+000	  1.2525772e+000	  1.2443474e+000	
  7.3164518e-001	 -8.2045336e-001	 -9.0401143e-001	 -6.4922908e-001	 -8.6107903e-001	  8.1331078e-001	 -8.6370773e-001	  7.1930287e-001	  7.9828218e-001	 -7.0195762e-001	 -7.4865376e-001	
  2.2006211e-001	 -3.2002188e-001	 -4.4837982e-001	 -1.7857033e-001	 -2.1520904e-001	  2.6738881e-001	 -2.8438722e-001	  9.6141714e-002	  2.3729443e-001	 -9.1934483e-002	 -1.8967641e-001	
 -6.7310558e-001	  7.4648270e-001	  5.1482446e-001	  6.2614275e-001	  8.6150958e-001	 -7.1964226e-001	  7.6738737e-001	 -7.3765908e-001	 -7.5787102e-001	  7.0015906e-001	  7.2791480e-001	
 -1.5281619e+000	  1.4830373e+000	  1.0056058e+000	  1.4189741e+000	  2.1183277e+000	 -1.5364658e+000	  1.5582306e+000	 -1.5926767e+000	 -1.4465678e+000	  1.6182278e+000	  1.5264813e+000	
 -3.5884882e-001	  3.0915902e-001	  5.8615026e-001	  1.0248859e-001	  1.8816618e-001	 -3.2565926e-001	  3.2261083e-001	 -3.6520410e-001	 -3.2361598e-001	  3.4864726e-001	  3.6784627e-001	
  7.3325971e-001	 -8.1812921e-001	 -3.0328118e-001	 -1.0448684e+000	 -1.0430592e+000	  7.7976589e-001	 -8.1467827e-001	  7.0872059e-001	  7.3132546e-001	 -7.0209428e-001	 -6.9380526e-001	
 -1.9463455e+000	  1.9468627e+000	  2.1216451e+000	  1.7383754e+000	  9.0409474e-001	 -1.9205212e+000	  1.8836532e+000	 -1.9227306e+000	 -2.0656189e+000	  1.9943179e+000	  1.9667646e+000	
 -9.0082762e-001	  9.2249953e-001	  1.1862974e+000	  8.6076897e-001	 -1.5301692e-001	 -9.2064170e-001	  8.9482296e-001	 -8.2875058e-001	 -8.6540889e-001	  8.0897430e-001	  7.9988186e-001	
  2.7162499e+000	 -2.7631500e+000	 -2.6414310e+000	 -2.8423305e+000	 -2.5874351e+000	  2.8258890e+000	 -2.8165009e+000	  2.8549632e+000	  2.7094393e+000	 -2.7734425e+000	 -2.7541325e+000	
 -1.5314992e+000	  1.5178512e+000	  1.3246483e+000	  1.2880154e+000	  7.4030633e-001	 -1.4992500e+000	  1.5025144e+000	 -1.4990663e+000	 -1.4925962e+000	  1.4640350e+000	  1.4735789e+000	
 -8.0882593e-001	  7.9040356e-001	  7.6816750e-001	  7.6108954e-001	  3.8415145e-001	 -8.1025894e-001	  7.8130698e-001	 -7.8487163e-001	 -7.7323105e-001	  7.5493918e-001	  7.5503992e-001	
  4.4729512e-001	 -3.8111678e-001	 -5.5856899e-001	 -2.3068764e-001	 -6.5583986e-001	  4.1396767e-001	 -4.1884600e-001	  4.8289091e-001	  4.6451482e-001	 -4.9945650e-001	 -5.2045782e-001	
  6.6098362e-001	 -6.1551403e-001	 -9.7593562e-001	 -7.3334486e-001	 -8.5955707e-001	  6.3755925e-001	 -6.4992393e-001	  6.6211272e-001	  6.5538488e-001	 -6.6198338e-001	 -6.5990362e-001	
 -5.9933463e-001	  6.5946231e-001	  7.5069232e-001	  6.9180596e-001	  1.7888697e-001	 -6.3716562e-001	  6.3447462e-001	 -5.4466613e-001	 -6.9724492e-001	  5.9812126e-001	  6.0859142e-001	
