 -3.3721676e-001	  7.7623139e-001	 -1.1787194e+000	 -1.3462933e+000	 -7.7366202e-001	 -6.7163278e-001	  8.3646255e-001	 -1.0409980e+000	 -8.8988729e-001	  1.0758474e+000	 -8.3122480e-001	
  3.0465154e-001	  2.0358804e-002	 -3.2081368e-001	 -3.3350250e-001	 -3.6254472e-001	  4.0371393e-002	  1.4024794e-003	 -2.2720917e-001	 -1.1608744e-001	  2.0954057e-001	  1.1272986e-001	
 -3.1203726e-001	  1.0917368e-001	 -4.0124093e-001	  7.4614757e-002	 -1.5792362e-001	 -3.2949450e-001	  2.0474357e-001	  1.1261573e-001	  1.2997755e-001	 -6.7238162e-002	  2.7671964e-001	
 -4.0136292e-001	  2.1211822e-001	  6.0615254e-001	 -7.3327521e-002	 -4.4455239e-001	 -2.4114500e-001	  1.2434986e-002	 -1.2021371e-002	  1.0516771e-001	 -2.1666717e-001	  1.6412219e-001	
 -5.2084965e-002	  3.1437527e-001	 -6.4422445e-001	 -9.5604038e-001	  2.4254728e-001	 -2.1204101e-002	  4.1782572e-001	 -8.2598369e-001	 -6.5268429e-001	  7.1437831e-001	 -8.7336811e-001	
 -2.0534538e+000	  2.5287234e+000	 -2.0416982e+000	 -2.4216048e+000	 -2.4675058e+000	 -2.1742645e+000	  2.4027829e+000	 -2.4324066e+000	 -2.4591937e+000	  2.5861474e+000	 -2.1690252e+000	
  6.9983450e-002	  2.5700859e-001	 -5.0935876e-001	 -3.4578518e-001	  1.3819837e-001	  2.6345185e-003	  2.2124166e-001	 -5.9551784e-001	 -4.6373027e-001	  5.7874655e-001	 -3.4660513e-001	
 -4.8005963e-001	  4.4520380e-001	  5.1956431e-001	 -7.3413326e-001	 -2.1494856e+000	 -3.0330161e-001	  2.4736711e-001	 -4.6931034e-001	 -3.2121574e-001	  3.1742274e-001	 -1.2345970e-001	
 -5.6878431e-001	 -3.0623179e-002	  4.0215331e-001	  4.9335289e-001	  1.1455046e+000	 -2.1837342e-001	 -2.9932136e-002	  4.3823973e-001	  3.8159587e-001	 -1.8695779e-001	  3.5467102e-001	
 -9.7542673e-001	  1.0366697e+000	 -9.8231918e-001	 -1.3090464e+000	 -9.3596880e-001	 -9.9146258e-001	  1.0229191e+000	 -7.4328350e-001	 -9.3751493e-001	  1.1618208e+000	 -7.1474603e-001	
  2.0729113e+000	 -2.2734634e+000	  1.7112810e+000	  1.7506223e+000	  2.0490774e+000	  2.3068519e+000	 -2.2466327e+000	  1.9313962e+000	  2.0744001e+000	 -2.0958575e+000	  1.7889015e+000	
  5.4956412e-001	 -5.2567887e-001	  5.9824903e-002	  5.8250989e-001	  8.2486288e-001	  5.4203355e-001	 -5.0615300e-001	  3.9628325e-001	  6.2929340e-001	 -6.4306335e-001	  9.0341396e-001	
  1.7191996e+000	 -1.8727509e+000	  1.9010137e+000	  1.9972579e+000	  2.0539264e+000	  1.4432370e+000	 -1.6382080e+000	  1.9950314e+000	  1.9877276e+000	 -2.0513752e+000	  1.7240477e+000	
 -1.5638294e+000	  7.9210648e-001	  2.0984326e-001	 -2.6681483e-001	 -8.0173704e-001	 -1.3175392e+000	  1.0565253e+000	  7.0627925e-002	 -3.8089321e-001	  6.9096392e-001	 -6.6057101e-001	
  1.6544604e+000	 -1.0893421e+000	  8.0381838e-001	  7.8971792e-001	  6.3183653e-001	  1.5427120e+000	 -1.2482618e+000	  3.9970008e-001	  8.5016577e-001	 -1.1992775e+000	  1.2213169e+000	
 -1.5501891e+000	  1.2503308e+000	 -7.6658296e-001	 -1.1144144e+000	 -1.0937019e+000	 -1.4908071e+000	  1.3439498e+000	 -9.0469407e-001	 -1.1608357e+000	  1.5531449e+000	 -8.3026184e-001	
 -1.3755473e-001	  5.7217918e-001	 -9.1265200e-001	 -7.6262126e-001	 -2.0524187e-001	 -3.0289095e-001	  4.6782795e-001	 -7.7730740e-001	 -6.6539025e-001	  6.1532921e-001	 -5.7920900e-001	
 -1.4749364e-001	 -2.4445882e-001	  5.0034335e-001	  3.9094242e-001	  2.8409491e-001	 -4.2061595e-002	 -3.1876234e-001	  7.1460618e-001	  5.2123574e-001	 -4.2161304e-001	  5.5331812e-001	
 -1.4289368e-001	 -1.9002202e-001	  3.6499347e-001	  2.6637162e-001	  3.8756354e-001	  6.7374236e-002	 -7.6905434e-002	  5.7036309e-002	  1.7019684e-001	 -2.7448082e-001	  3.3112167e-001	
 -7.0356937e-001	  2.1447157e-001	  4.9945171e-002	  5.1037671e-001	 -6.2989167e-002	 -4.4390441e-001	  2.0888277e-001	  2.8580339e-001	  2.4788018e-001	 -5.3352797e-002	 -4.5366971e-002	
 -1.8211466e-001	 -9.5562343e-002	  4.6476938e-001	  5.9798129e-001	  7.7590511e-001	 -1.3339536e-001	 -3.7924607e-002	  6.1892813e-001	  3.8674955e-001	 -3.6678001e-001	  4.5376238e-001	
 -1.0678313e+000	  4.6826499e-001	 -4.2648230e-001	 -6.7584272e-001	 -5.9007670e-001	 -7.4252053e-001	  5.1683986e-001	  4.2957641e-002	 -3.1747096e-001	  3.8135184e-001	 -4.4023939e-001	
  1.2249431e+000	  4.7938693e-001	 -1.3087788e+000	 -1.0027849e+000	 -5.8746193e-001	  4.2491624e-001	  2.9071155e-001	 -1.6959482e+000	 -1.1442298e+000	  7.8664920e-001	 -8.8962408e-001	
 -5.2096843e-001	  1.0131659e+000	 -1.0346876e+000	 -6.4377339e-001	 -3.5413841e-001	 -7.7134006e-001	  9.0994188e-001	 -1.1169359e+000	 -9.2191257e-001	  7.7690240e-001	 -7.6478005e-001	
  2.9516892e-001	 -2.7874625e-001	 -7.8552646e-002	  3.4301521e-001	 -1.6569428e-003	  4.7685040e-001	 -3.0224454e-001	  2.5636933e-002	  2.6683806e-001	 -5.0490220e-001	  7.1425342e-001	
  1.3204115e+000	 -1.6172750e+000	  1.2138167e+000	  1.3888609e+000	  8.2709110e-001	  1.8178752e+000	 -1.8444882e+000	  1.2245077e+000	  1.3612061e+000	 -1.6230597e+000	  1.4370366e+000	
  1.1235157e+000	 -7.0059059e-001	  5.9869228e-001	  8.6689348e-001	  8.3592712e-001	  9.2812005e-001	 -7.2569882e-001	  1.5228059e-001	  5.6647037e-001	 -1.0306558e+000	  7.9527859e-001	
  3.0504449e-001	 -4.3163403e-002	  6.6261002e-002	 -1.0183713e-001	 -3.0589057e-001	  3.3497615e-002	  5.4376370e-002	  1.1989060e-002	 -3.1219795e-002	 -4.2377318e-002	 -4.3663430e-001	
  5.4011930e-002	  1.5957023e-001	  2.7069193e-001	  5.8443124e-003	 -6.3302405e-001	 -2.3898230e-001	  5.4338699e-002	 -8.1627991e-002	 -1.0902354e-001	  2.4912513e-002	 -7.2826425e-001	
 -4.0915371e-001	 -8.2163651e-002	  5.7903066e-001	  3.4253649e-001	 -1.1824584e-001	 -3.1886975e-001	  1.7495625e-001	  4.8598810e-001	  4.1087725e-001	 -5.2080729e-001	  5.4373806e-001	
 -1.2752761e+000	  3.9015995e-001	  6.9212946e-001	  4.9106236e-001	  1.3927750e+000	 -1.0603135e+000	  8.0717445e-001	  7.8485660e-001	  2.9182566e-001	 -8.0915966e-002	 -1.5292892e-001	
 -1.4611225e+000	  1.9519620e+000	 -1.9165510e+000	 -1.7618105e+000	 -1.5806697e+000	 -1.5666595e+000	  1.6878045e+000	 -2.1434459e+000	 -2.1032789e+000	  2.0934727e+000	 -1.8717779e+000	
  1.9554823e+000	 -1.3352728e+000	  6.3862067e-001	  3.4589032e-001	  1.1347406e-001	  1.8785127e+000	 -1.6677575e+000	  2.3922988e-001	  8.7998900e-001	 -1.3007239e+000	  1.6019267e+000	
  6.7901416e-001	 -3.2455896e-001	  1.2019224e-001	 -2.2896679e-001	 -7.8030938e-002	  4.4320219e-001	 -4.8515676e-001	  1.9108196e-001	  6.8350170e-002	 -3.5497939e-001	  1.0975248e-001	
  5.4002948e-001	 -5.5206850e-001	  2.8225886e-001	  1.1817138e-001	  8.8284542e-001	  8.4981827e-001	 -6.7495357e-001	  1.3443634e-001	  1.2511965e-001	  1.2948330e-001	  3.3943274e-001	
 -8.3555419e-001	  2.4633954e-001	 -1.0644231e-001	 -2.9231896e-001	 -6.0521393e-001	 -4.2799693e-001	  2.0730620e-001	  1.5431054e-001	 -6.4469690e-002	  5.2680194e-002	  3.0155721e-001	
  1.4391306e-001	  6.1604474e-001	 -1.1706621e+000	 -1.1692859e+000	 -1.2742851e-001	 -2.2718175e-001	  6.5774888e-001	 -1.1383918e+000	 -9.4855270e-001	  6.1812667e-001	 -5.4758347e-001	
  1.2646984e+000	 -1.3525837e+000	  9.1484469e-001	  1.7483965e+000	  2.0894127e+000	  1.2517238e+000	 -1.1925579e+000	  1.2659070e+000	  1.4256630e+000	 -1.6090620e+000	  1.2400605e+000	
 -3.7925400e-001	 -1.7890818e-002	  4.9439699e-001	 -4.8069064e-002	 -4.7423224e-001	 -1.8977755e-001	  6.3010475e-002	  1.6932076e-001	  2.0802972e-001	 -1.3194374e-001	  6.8918700e-002	
  9.3849685e-001	 -7.2030248e-001	  1.2394000e+000	  5.7700604e-001	 -9.2263833e-002	  1.1496526e+000	 -1.0415309e+000	  3.7916049e-001	  5.6937783e-001	 -4.6536470e-001	  4.6316684e-001	
 -1.6201009e-002	  4.5368107e-002	 -4.0656428e-001	 -2.8152602e-001	 -2.4000684e-002	  1.8547890e-002	  1.8903296e-001	 -3.4890830e-001	 -3.2474470e-001	  3.5544649e-001	 -3.0034742e-001	
 -1.0209960e+000	  9.2085489e-001	 -9.6621810e-001	 -9.6095520e-001	 -1.4645157e+000	 -6.2524968e-001	  7.8079647e-001	 -8.1598060e-001	 -1.0464573e+000	  7.0270666e-001	 -1.1787398e+000	
  3.7749430e-001	 -3.7412773e-001	  6.8116295e-001	  9.4594815e-001	  1.0290016e+000	  4.7677963e-001	 -5.5920382e-001	  2.3017157e-001	  4.7578425e-001	 -6.4916516e-001	  5.3774053e-001	
 -1.5558017e+000	  7.8174223e-001	 -2.8135710e-001	  9.3357528e-003	 -1.5425025e-002	 -1.6545248e+000	  1.0089314e+000	  5.9210487e-001	 -2.2686489e-001	  6.6912334e-001	 -5.4245458e-001	
 -5.1243447e-001	 -2.1225094e-001	  7.9389050e-001	  7.1670299e-001	  1.0515983e-001	 -3.3310947e-001	  3.2277203e-002	  8.5734386e-001	  6.8209526e-001	 -2.8976724e-001	  3.8943728e-001	
 -1.1134096e+000	  1.2330861e+000	 -1.0824411e+000	 -1.2780435e+000	 -1.1341607e+000	 -1.1504851e+000	  1.2592814e+000	 -1.1780675e+000	 -1.3680932e+000	  1.5320871e+000	 -1.1955759e+000	
 -1.8197682e-001	 -1.2628939e-002	  3.1455976e-001	 -2.6367770e-001	 -7.9158477e-001	  5.3292204e-002	 -3.0694314e-002	 -1.0964019e-001	 -1.5059561e-001	  9.6653051e-002	 -1.8154017e-001	
  1.7066117e-001	 -2.6057081e-001	 -5.3940967e-002	  2.2048968e-001	 -6.1121338e-004	  3.2501815e-001	 -3.5580214e-001	  5.0770141e-002	  1.6656774e-001	  2.5713733e-001	  3.0953679e-001	
 -7.3783331e-001	  4.8995862e-001	 -4.7327185e-001	 -2.3421640e-001	 -1.0860942e-001	 -6.5591591e-001	  5.0325715e-001	  6.1993631e-003	 -2.5851358e-001	  1.3810296e-001	 -7.0090213e-001	
 -8.3075225e-001	  1.3626204e+000	 -1.5038478e+000	 -1.7435611e+000	 -7.5771453e-001	 -1.1076469e+000	  1.2977392e+000	 -1.5688373e+000	 -1.4020580e+000	  1.0605644e+000	 -1.4229909e+000	
 -7.8803572e-001	  1.6723161e+000	 -1.8442529e+000	 -2.0714100e+000	 -2.0749113e+000	 -1.0871639e+000	  1.3971447e+000	 -2.3751557e+000	 -2.2673655e+000	  1.9389213e+000	 -2.1877107e+000	
  1.0101480e-001	  9.5922564e-001	 -1.5255114e+000	 -1.4200294e+000	 -1.5436146e+000	 -3.0202765e-001	  7.5691022e-001	 -1.8708488e+000	 -1.4263446e+000	  1.1866120e+000	 -1.3734496e+000	
 -1.6049421e+000	  1.0139350e+000	 -4.3094013e-001	 -4.0358926e-001	  2.7830715e-001	 -1.3034770e+000	  1.0970971e+000	 -3.2567386e-001	 -7.4432579e-001	  9.4472880e-001	 -1.2230492e+000	
  5.3823427e-002	 -1.7823320e-001	  3.5007055e-001	  2.0353571e-001	  4.1408496e-001	 -6.9598776e-003	 -1.7791013e-001	  4.5028528e-001	  2.5656125e-001	 -8.0132175e-002	  1.4608404e-002	
  1.1552010e+000	 -5.3057490e-001	  1.7699180e-001	  8.6297733e-002	 -2.8410419e-001	  1.1058975e+000	 -8.1315247e-001	 -3.9335659e-001	  1.0304371e-001	  8.9362894e-002	  6.1621212e-001	
 -1.7367049e+000	  1.8197146e+000	 -2.2763185e+000	 -1.9393395e+000	 -1.0925968e+000	 -1.7610439e+000	  1.8716635e+000	 -1.5745903e+000	 -1.6838192e+000	  1.7023977e+000	 -1.6267407e+000	
  9.1136131e-001	 -1.5373192e+000	  1.8090634e+000	  1.5060548e+000	  9.6385998e-001	  1.1666611e+000	 -1.3848299e+000	  1.6494357e+000	  1.6302246e+000	 -1.6114143e+000	  1.5255440e+000	
  2.0877628e+000	 -1.5143910e+000	  6.4334969e-001	  1.2024467e+000	  1.3115991e+000	  1.9837466e+000	 -1.6129905e+000	  6.7691109e-001	  1.0494982e+000	 -1.2189564e+000	  1.2232240e+000	
  9.0978111e-002	  7.2451914e-002	  2.1832194e-001	 -1.5220790e-001	 -8.1401023e-001	 -1.7000068e-001	  1.0119896e-001	  7.9137754e-002	  9.4548085e-003	 -1.0733213e-001	  2.8613034e-001	
 -2.2719484e+000	  2.9660639e+000	 -2.9293516e+000	 -2.5921017e+000	 -2.5607981e+000	 -2.5933054e+000	  2.8085607e+000	 -2.9078695e+000	 -2.9985531e+000	  2.8099567e+000	 -3.0093654e+000	
 -7.3811493e-001	  5.4721167e-001	 -2.5267873e-001	  4.9601563e-002	  3.0052852e-001	 -9.7113581e-001	  9.0154675e-001	 -9.1048409e-002	 -3.8248013e-001	  4.5413384e-001	 -3.4049286e-001	
  1.6658607e+000	 -1.6586825e+000	  1.9567906e+000	  1.5940352e+000	  5.4356861e-001	  1.4018158e+000	 -1.5642874e+000	  1.6309424e+000	  1.9210765e+000	 -1.5850987e+000	  2.0414198e+000	
  1.4250413e+000	 -7.7463914e-001	  5.4620632e-001	  4.7232158e-001	 -1.6481643e-001	  1.0821364e+000	 -1.1094050e+000	  3.1140824e-001	  6.6566340e-001	 -1.1042401e+000	  3.4943015e-001	
  3.4630724e-001	 -5.9329273e-001	  9.6661473e-001	  6.7455622e-001	  4.7236588e-001	  2.5897015e-001	 -3.6730272e-001	  7.3439738e-001	  6.9067324e-001	 -6.3916607e-001	  3.8352815e-001	
  9.7452452e-001	 -5.2535538e-001	  4.0025089e-001	  5.4352344e-001	  1.3783702e+000	  7.5321817e-001	 -5.7850792e-001	  2.9958844e-001	  2.4940448e-001	 -2.6235041e-001	 -1.0648441e-001	
  7.4864938e-001	 -1.3289470e+000	  1.5905571e+000	  1.4634598e+000	  1.5320559e+000	  9.2175004e-001	 -1.0205696e+000	  1.3995853e+000	  1.3696767e+000	 -1.2116938e+000	  1.4352373e+000	
  3.8889787e-001	 -8.6672980e-001	  1.4913840e+000	  1.0538926e+000	  6.8873361e-001	  3.1481619e-001	 -6.8512191e-001	  1.2383082e+000	  1.1077815e+000	 -1.2785876e+000	  9.4989566e-001	
  1.8014538e-001	  2.4945802e-001	 -4.8366463e-001	 -5.1798213e-001	 -8.4900332e-001	  2.0065077e-001	 -1.4700402e-001	 -7.2240218e-001	 -5.7116408e-001	  5.3393081e-001	 -4.6783174e-001	
  4.3657609e-001	 -1.3232864e-001	 -2.4979776e-002	  1.7359597e-001	  8.1796392e-001	  1.5361115e-001	 -2.5927526e-002	 -7.4998088e-002	 -1.2101942e-002	  2.4885560e-001	  3.0130973e-001	
  1.2198575e-001	  3.6190241e-001	 -7.6355618e-001	 -7.7810554e-001	 -4.9156706e-001	 -2.2311230e-001	  3.6026557e-001	 -5.9254591e-001	 -4.7025264e-001	  1.9780179e-001	 -2.2538407e-001	
  1.0004295e+000	 -1.8363422e+000	  1.6979797e+000	  2.0208146e+000	  1.6386962e+000	  1.3563057e+000	 -1.6713537e+000	  2.0946312e+000	  1.8878990e+000	 -1.7002330e+000	  1.4645368e+000	
 -2.2686781e-001	  3.5865350e-001	 -3.2949044e-001	 -5.0429565e-002	  1.8657541e-001	 -4.3018855e-001	  3.4146198e-001	 -1.0280846e-001	 -2.2827739e-001	  3.5429031e-001	 -3.7613170e-002	
 -6.5362968e-001	 -1.2139125e-001	 -3.0352008e-001	  3.3062187e-001	  8.1383226e-001	 -5.0577088e-002	 -3.4151791e-003	  4.6831570e-001	  1.5385096e-001	  1.1476236e-002	  7.3582284e-004	
 -8.0078538e-001	  6.2890376e-001	 -6.3537873e-001	 -7.0357487e-001	 -6.6786211e-001	 -5.8121188e-001	  7.5110841e-001	 -5.8793492e-001	 -9.3786178e-001	  8.4485436e-001	 -8.5766231e-001	
 -3.0372663e-001	 -1.3522922e-001	  3.5064495e-001	  6.6127397e-001	  6.1395582e-001	 -2.8480811e-001	  4.3638881e-002	  6.8831113e-001	  6.0352019e-001	 -4.7021890e-001	  1.1239979e-001	
 -7.8031360e-001	  1.1752320e+000	 -2.5775939e-001	 -1.1688249e+000	 -1.1379203e+000	 -1.1857247e+000	  1.2499295e+000	 -1.1156584e+000	 -1.0836506e+000	  9.3560850e-001	 -1.3873361e+000	
 -7.9131269e-001	  8.2262270e-001	 -7.9093944e-001	 -6.2521001e-001	 -3.5112346e-002	 -7.4061489e-001	  7.8141953e-001	 -7.0540259e-001	 -7.4661876e-001	  7.1963370e-001	 -8.1151017e-001	
  4.2039272e-001	 -6.0768450e-002	 -2.1890075e-001	  3.2445396e-001	  5.1203781e-001	  5.0886879e-001	 -3.2119333e-001	 -3.8258161e-001	 -1.7959962e-001	 -1.0437389e-001	 -3.0929238e-001	
  3.6588875e-004	 -4.2724726e-001	  7.4168410e-001	  6.2864553e-001	 -2.2548489e-001	  9.9495085e-003	 -1.8258694e-001	  8.3246424e-001	  5.6054271e-001	 -3.0616109e-001	  6.5531238e-001	
 -8.4271298e-001	  4.9985860e-001	 -5.9806071e-001	 -6.4581986e-001	 -5.0647997e-001	 -7.3173425e-001	  5.7459734e-001	 -4.6122678e-002	 -1.5531066e-001	 -5.2287848e-002	 -2.4869210e-001	
  2.0543756e+000	 -1.9983709e+000	  1.9140723e+000	  1.3102748e+000	  5.6960510e-001	  1.7688159e+000	 -1.9464918e+000	  1.7913574e+000	  1.9884659e+000	 -2.0266767e+000	  2.0181085e+000	
  8.6218051e-001	 -7.8080812e-001	  5.4834776e-001	  1.2896944e+000	  2.3110765e+000	  8.1890379e-001	 -6.7644334e-001	  5.1307054e-001	  7.3354054e-001	 -1.0130830e+000	  1.3014235e+000	
  1.9550463e+000	 -1.4917314e+000	  1.0265144e+000	  1.5886484e+000	  1.0017702e+000	  1.9234415e+000	 -1.5931275e+000	  5.5460461e-001	  1.0013482e+000	 -1.1509857e+000	  1.4267823e+000	
  1.5489341e+000	 -1.4425150e+000	  1.1727471e+000	  1.2530436e+000	  1.1315177e+000	  1.6817451e+000	 -1.6096437e+000	  8.6473438e-001	  1.1309397e+000	 -1.3835041e+000	  1.1841798e+000	
 -1.5224598e-002	 -2.1860497e-001	  3.9726536e-001	  5.8755529e-001	  1.3234301e+000	 -2.3040419e-001	 -1.8632680e-002	  6.7262070e-001	  4.5521562e-001	 -1.4068212e-001	  4.0474704e-001	
 -6.7924049e-001	  3.6551149e-001	 -1.2065971e+000	 -4.4248136e-001	  3.0785148e-001	 -1.5018057e-001	  2.5888574e-001	 -3.8079822e-001	 -4.3037484e-001	  4.9752494e-001	 -4.2316212e-001	
 -1.5044437e+000	  2.1032949e+000	 -2.2901382e+000	 -1.9648772e+000	 -1.9024217e+000	 -1.8644720e+000	  2.0123994e+000	 -2.0798559e+000	 -2.0638784e+000	  1.9526881e+000	 -2.1286434e+000	
 -1.3372891e-002	 -6.0929690e-001	  7.9368175e-001	  6.6571143e-001	  8.3004027e-001	  3.9737199e-001	 -4.9260253e-001	  8.8963032e-001	  6.9067239e-001	 -6.1799393e-001	  4.4095025e-001	
 -1.0804981e+000	  9.0897686e-001	 -1.0397015e+000	 -8.5225021e-001	 -1.0667299e+000	 -1.1768102e+000	  1.0309405e+000	 -3.6631067e-001	 -6.3411277e-001	  8.5425503e-001	 -9.3099186e-001	
  9.7015597e-001	 -1.0276396e+000	  6.4179353e-001	  8.3638753e-001	 -3.5281622e-001	  1.2220758e+000	 -1.1039520e+000	  6.6070350e-001	  6.9127293e-001	 -6.4248537e-001	  3.2881543e-001	
  1.5558723e+000	 -1.8406601e+000	  1.7252927e+000	  1.5571670e+000	  1.0208408e+000	  1.5518979e+000	 -1.9076082e+000	  2.0110260e+000	  1.9039758e+000	 -1.6396399e+000	  2.0042229e+000	
  3.4498994e-001	 -4.4410079e-001	  7.8568946e-002	  4.1300843e-001	  5.7194471e-002	  1.9952932e-001	 -3.0483265e-001	  7.2648219e-001	  5.7973081e-001	 -3.5642982e-001	  2.7277782e-001	
 -2.3513057e-002	  2.1015404e-001	 -1.6789276e-001	 -5.0490624e-001	 -1.7197651e-001	 -1.8981833e-001	  8.7124892e-002	 -7.9155932e-002	 -1.5994052e-001	  5.2809866e-002	 -1.8553640e-001	
 -1.5800346e+000	  7.1211676e-001	  4.1525228e-001	  5.2468395e-003	 -6.9854552e-001	 -1.3356899e+000	  1.0117416e+000	  1.5676950e-001	 -3.7294463e-001	  6.1625781e-001	 -5.5016596e-001	
  7.5727264e-001	 -7.6105234e-001	  2.5741892e-001	  8.0903928e-001	  5.5104784e-001	  9.6163858e-001	 -8.8149522e-001	  3.6653684e-001	  6.4205067e-001	 -7.6142537e-001	  4.1578388e-001	
  3.3570099e-001	 -1.1057319e+000	  1.1786199e+000	  1.0008000e+000	  1.4283007e+000	  5.8959369e-001	 -1.0233038e+000	  1.6290632e+000	  1.2703286e+000	 -8.7313045e-001	  1.2980299e+000	
 -7.4536675e-002	  5.1816064e-001	 -7.2181741e-001	 -8.7916062e-001	 -1.6970782e+000	 -5.3944819e-002	  2.8629041e-001	 -8.8479097e-001	 -7.0903480e-001	  7.4431484e-001	 -6.9088342e-001	
 -3.0281050e-001	  7.2696906e-001	 -8.7219299e-001	 -8.8406476e-001	 -8.2780381e-001	 -6.7067928e-001	  7.8264476e-001	 -6.7283604e-001	 -7.2042647e-001	  4.6008031e-001	 -5.3203402e-001	
 -1.1055677e+000	  9.6367776e-001	 -6.8498999e-001	 -5.8727742e-001	  1.2623270e-001	 -1.0462492e+000	  1.0210696e+000	 -6.3694998e-001	 -7.0889313e-001	  8.6184509e-001	 -6.1758590e-001	
  1.8747165e-001	 -1.9580642e-001	 -3.6709512e-001	 -3.4571398e-001	 -4.6872497e-001	  4.8695230e-001	 -2.6097066e-001	 -2.1263178e-001	 -1.7674730e-001	  3.2758811e-001	 -3.9146787e-001	
