 -1.0513743e-001	 -1.4279872e+000	 -3.3579505e-001	 -8.4270000e-002	 -2.9870135e-001	 -1.2892495e+000	  1.1113848e+000	  1.1734796e+000	  1.2085347e+000	  1.2250639e+000	 -1.0698840e+000	
 -5.1377245e-001	 -1.2043778e-001	 -1.0214059e-001	  2.1104894e-001	  6.7806286e-001	  1.3616624e-003	  2.6419431e-001	 -2.6757478e-001	 -5.0769208e-001	 -4.1338100e-001	  8.8624980e-001	
  1.7791538e+000	  1.1303672e-001	 -2.7810928e+000	  2.7692851e+000	  1.5298455e+000	 -6.0547429e-001	  6.6730382e-001	  9.0064933e-001	  1.1306092e+000	  9.9734401e-001	 -9.2973121e-001	
 -1.6573012e+000	 -8.4916348e-001	  3.0013755e-001	 -7.0266934e-002	 -1.3413774e+000	 -4.1162311e-001	  3.6336315e-001	  3.5530115e-001	  7.3766193e-001	  5.1960891e-001	 -8.7084115e-001	
  1.2864726e+000	 -7.2177043e-001	  2.8893950e-001	 -7.6290142e-001	 -1.5907160e-002	 -6.2007419e-001	  6.3292381e-001	  8.6631892e-001	  6.1472151e-001	  7.7109499e-001	  5.4346226e-001	
 -2.2513930e-001	 -7.5253620e-001	  5.4070440e-001	 -4.5027796e-001	  5.4382427e-001	 -5.4758740e-001	  4.8023650e-001	  5.5412203e-001	  2.4864466e-001	  4.7969929e-001	  1.7734933e-001	
 -1.0707618e+000	  3.4709655e-001	  1.8091692e-001	  2.0330892e-002	  6.0689342e-002	  8.1105596e-001	 -7.6284915e-001	 -1.0527106e+000	 -7.5496868e-001	 -9.7355531e-001	  5.6747224e-001	
 -2.8980015e-001	 -3.8000715e-001	 -3.6248571e-001	  3.0835096e-002	  2.3226550e-001	 -3.8487173e-001	  2.4200671e-001	  3.7970670e-001	  7.9756688e-001	  5.2484514e-001	 -9.4275643e-001	
 -1.0431505e+000	  2.5950494e-001	  1.7550607e-001	  5.9958476e-001	 -4.7173608e-001	  4.8269972e-001	 -3.2601280e-001	 -7.8388667e-001	 -7.5572319e-001	 -8.3134419e-001	  2.3607399e-001	
  3.2519653e-001	 -1.4237283e-001	  1.7576976e+000	 -2.3044235e+000	 -2.0332078e+000	 -1.6250467e-001	 -2.1248713e-001	  1.0574005e-001	 -1.6876914e-001	 -8.1589034e-002	  5.7687620e-001	
  1.3056164e+000	 -2.6182946e+000	 -1.0796327e+000	  5.3694138e-001	  4.7269637e-001	 -2.5344100e+000	  2.2070192e+000	  2.4426581e+000	  2.1068320e+000	  2.3329046e+000	 -1.6456400e+000	
  1.1009550e+000	  3.1052469e-001	  1.4454350e+000	 -1.3091219e+000	 -1.9087534e+000	  1.9911528e-001	 -3.0329695e-001	 -3.0077383e-001	 -5.7364343e-001	 -4.5641198e-001	 -6.8761473e-002	
  1.6217114e+000	 -1.0584016e+000	 -1.4875503e+000	 -1.5608815e-001	  3.0883882e+000	 -1.7600907e+000	  1.5738152e+000	  1.9210549e+000	  2.1019387e+000	  1.9530396e+000	 -2.7402197e+000	
 -1.9897938e+000	  1.3409280e+000	  1.3373198e+000	  3.4812223e-002	 -2.0827537e+000	  1.6026210e+000	 -1.5174251e+000	 -1.8402723e+000	 -1.6296204e+000	 -1.9701166e+000	  1.6036225e+000	
  8.2769853e-002	 -2.8624345e-001	 -8.6740129e-001	  8.5535502e-003	  1.1783528e+000	 -6.3824391e-001	  3.9181632e-001	  7.1989075e-001	  7.6897679e-001	  6.0737403e-001	 -1.0107610e+000	
 -4.2332371e-002	 -2.4379670e-001	  8.7731097e-001	 -2.2281045e-001	 -9.1725213e-001	 -3.0210489e-001	  2.8104651e-001	  2.8355021e-001	  5.2607524e-001	  3.9996288e-001	 -6.6044636e-001	
  1.7103017e+000	 -1.1342606e-001	 -3.9880544e-001	  1.0769639e-001	  8.7611409e-001	 -3.1923865e-001	  3.3585176e-001	  6.7214852e-001	  3.5846009e-001	  6.7739384e-001	  6.0541601e-001	
 -1.1910218e+000	  2.4600026e-001	 -8.8915734e-001	  1.3734747e+000	  6.2838933e-001	  2.1350694e-001	  6.7224060e-004	 -2.6512107e-001	  1.0948523e-001	 -3.1156351e-001	 -9.4384270e-001	
 -1.3014799e+000	  6.9543728e-001	  1.3200170e+000	 -1.0367654e+000	 -7.0883134e-001	  1.1890262e+000	 -1.2218911e+000	 -1.2811595e+000	 -9.3706875e-001	 -1.2402693e+000	  5.9161825e-001	
 -6.6583438e-001	 -8.6815380e-001	  2.4484538e-001	 -5.0863320e-001	 -5.3327670e-001	 -3.0269044e-001	  3.3725359e-001	  1.1376929e-001	  1.5006236e-001	  2.1110599e-001	 -1.8887381e-001	
 -5.1194277e-001	 -5.0245767e-001	 -1.2294658e+000	  8.9021597e-001	  9.3191835e-001	 -2.6532157e-001	  5.7762169e-001	  2.4802562e-001	  4.6083403e-001	  3.9899084e-001	 -6.4974333e-001	
  1.4664116e+000	  3.5569317e-001	 -7.6695461e-001	  9.0944627e-001	  3.0992967e-001	 -1.8402103e-002	  9.2278224e-003	 -2.9570657e-002	 -4.4538365e-001	 -1.5543648e-001	 -7.4321717e-002	
  2.0118708e+000	  2.0817788e-001	  2.0609771e-002	 -8.3485120e-001	  9.2642749e-001	 -4.4362651e-001	  6.1349239e-001	  8.3480972e-001	  6.0662716e-001	  7.5091228e-001	 -2.4623305e-001	
 -1.9065118e+000	 -1.0561144e+000	 -2.5302705e-001	  2.4540525e-003	 -1.8519540e-001	 -3.8774118e-001	  7.0551669e-001	 -1.0094208e-001	  8.7505093e-002	  4.3539936e-002	  9.6329564e-002	
 -4.2260015e-001	  1.0285997e+000	  3.4886225e-001	 -3.3963188e-001	 -6.7215769e-001	  9.2460640e-001	 -8.2252115e-001	 -1.1408170e+000	 -8.7303516e-001	 -1.0293016e+000	  1.0324037e+000	
 -1.8594335e-001	  9.8933951e-001	  5.8078335e-001	  3.7359322e-001	 -5.6482089e-001	  1.0446146e+000	 -9.4014136e-001	 -1.2487741e+000	 -1.2903943e+000	 -1.2548961e+000	  1.3822476e+000	
 -6.6603343e-001	 -6.6344632e-001	 -9.1544247e-001	  3.0720653e-001	  3.4056889e-001	 -5.5493624e-001	  5.4312604e-001	  4.0833023e-001	  5.1989881e-001	  4.2036939e-001	 -5.2052369e-001	
 -9.7639407e-001	 -1.5301451e+000	 -2.6584855e-001	 -6.5919392e-001	  5.8654119e-001	 -1.2795422e+000	  1.3805102e+000	  1.0021338e+000	  1.1220346e+000	  9.6816213e-001	 -3.2809220e-001	
  7.3722869e-001	  8.2816949e-001	 -1.4907854e-001	  9.9520013e-001	 -1.1412909e-001	  9.2516150e-001	 -8.8566425e-001	 -5.1604813e-001	 -8.1044621e-001	 -6.2428726e-001	  1.0736102e+000	
 -3.2832246e-001	  4.1052755e-001	 -2.2393951e-001	  1.0551617e+000	 -3.7075079e-002	  3.2958140e-001	 -1.9790898e-001	 -3.5798589e-001	 -3.0391510e-001	 -2.0075903e-001	  4.2277993e-001	
  2.4137129e-001	 -1.4801194e+000	 -9.8503645e-001	 -2.1474390e-001	  7.7687603e-001	 -1.6032266e+000	  1.3420678e+000	  1.7233764e+000	  1.7272623e+000	  1.8258817e+000	 -1.7399818e+000	
  1.1504531e+000	  5.7230234e-001	  2.5720151e-001	 -1.0204667e-001	 -2.3959092e-001	  5.1439872e-001	 -5.0037685e-001	 -4.6118686e-001	 -6.6417033e-001	 -3.6905905e-001	  1.6081812e+000	
  9.4582353e-001	 -8.4420242e-002	 -5.3958102e-001	  3.3513691e-001	  5.6767679e-001	 -2.9846005e-001	  1.7819450e-001	  4.5690113e-001	  2.5920656e-001	  4.1927832e-001	 -2.8701725e-001	
 -3.6744087e-001	 -7.6558217e-001	  1.5572295e-001	 -5.1062401e-001	  9.9984275e-002	 -5.3604974e-001	  4.3404590e-001	  3.2206538e-001	  2.6522502e-001	  3.0848561e-001	 -4.5712059e-001	
 -8.6681415e-001	 -6.7149171e-002	  1.1110049e+000	 -6.7434056e-001	  1.2582286e+000	  1.5636433e-001	  1.6681945e-001	 -3.4532370e-001	 -1.8868016e-001	 -1.2985769e-001	 -4.5418192e-001	
  4.7394619e-001	  5.7164080e-001	 -1.1124001e+000	  1.1235205e+000	  9.4758664e-001	  1.7920195e-001	 -3.5161443e-002	 -1.2840798e-001	 -1.7522524e-001	 -3.0065531e-001	 -5.0096286e-001	
  3.5975034e+000	  4.4678016e-001	  7.7488279e-001	 -9.0487281e-001	 -7.3599878e-001	  2.0966094e-002	 -9.5678755e-002	  5.5348965e-001	 -4.4568028e-001	  1.0628461e-001	  1.1488622e+000	
  2.3066801e-001	 -2.9509930e-001	  6.5404562e-001	 -8.5199387e-001	  3.8021190e-001	 -1.1012957e-001	  2.1910697e-001	  3.5057013e-002	  6.8052396e-002	  1.8558404e-001	  8.8856839e-001	
 -4.1025119e-001	 -4.6091758e-001	 -8.4168220e-001	  1.2837680e+000	  5.4319975e-001	 -3.7380088e-001	  4.1156283e-001	  2.4409104e-001	  3.0811445e-002	  1.6758258e-001	  1.7108396e-001	
 -5.1257977e-001	  9.0658627e-001	  5.1165791e-001	  3.1317089e-001	 -9.8202264e-001	  7.7810286e-001	 -8.5177154e-001	 -8.5625908e-001	 -8.7229427e-001	 -8.6517451e-001	  3.7988912e-001	
  4.9785920e-001	 -8.8405801e-001	  9.2488021e-002	 -4.5103705e-001	  3.0220168e-001	 -7.3464916e-001	  1.2568070e+000	  3.9360903e-001	  1.5277921e-001	  1.1416876e-001	  6.0945345e-001	
  2.4936335e-001	 -1.8059088e+000	 -1.7880496e+000	  2.3519254e-001	  1.7218893e+000	 -1.8684935e+000	  2.0213138e+000	  2.0897991e+000	  2.0587647e+000	  2.0910463e+000	 -2.0691623e+000	
  2.4688209e-001	  2.6340100e+000	  3.0459781e+000	 -1.7177142e+000	 -2.2162259e+000	  2.7973660e+000	 -2.9801761e+000	 -2.8008773e+000	 -3.0341429e+000	 -2.8103452e+000	  3.6492924e+000	
  5.9522673e-001	 -1.2751099e+000	 -6.3066986e-004	 -6.9757170e-001	  2.8956048e-001	 -1.5374745e+000	  1.5821467e+000	  1.3558368e+000	  1.3931281e+000	  1.4627965e+000	 -8.9417690e-001	
 -6.2110442e-001	  6.8503230e-001	 -4.2705981e-001	  7.0853903e-001	 -5.8228091e-001	  7.9005977e-001	 -8.9520621e-001	 -7.6465756e-001	 -6.7316453e-001	 -7.7445307e-001	  3.6915918e-001	
 -8.5312093e-002	 -2.1081974e-001	 -9.2445410e-004	 -1.5918445e+000	  6.7748919e-001	 -5.9434802e-001	  6.6050380e-001	  5.8535631e-001	  1.0282966e+000	  8.2595817e-001	 -1.0686810e+000	
  2.8112454e-002	  1.9252008e+000	 -3.2616434e-002	  1.8332009e-001	  5.6103529e-002	  1.6524791e+000	 -1.7816968e+000	 -1.2639273e+000	 -8.7644767e-001	 -1.1639067e+000	  3.1121601e-001	
  1.9425469e-001	 -1.2718778e+000	 -1.8886578e+000	  1.2220973e+000	  1.3655101e+000	 -1.4638895e+000	  1.3430838e+000	  1.6315532e+000	  1.7520310e+000	  1.6391289e+000	 -1.1508267e+000	
  1.7672480e+000	  4.6261975e-001	 -1.3274428e+000	  1.5222557e+000	  1.6830576e+000	 -1.0951726e-001	  7.2405232e-002	  2.2348913e-001	 -1.4073100e-002	  6.1801428e-002	  1.0598604e-001	
  7.4544703e-001	  1.2712820e+000	  1.0816154e+000	 -9.5622304e-001	 -1.0830776e+000	  9.3476426e-001	 -1.1253848e+000	 -9.6286787e-001	 -1.1094353e+000	 -9.5851794e-001	  8.6087308e-001	
  1.5881225e-001	  3.2865849e-001	  4.1552732e-001	  1.1460592e+000	 -6.2613739e-001	  4.2401663e-001	 -4.3144265e-001	 -5.5918479e-001	 -9.3407003e-001	 -6.8471490e-001	  3.6894422e-001	
 -2.2222924e-002	  9.7434175e-001	  3.9968807e-001	  3.4210335e-001	 -5.6828838e-001	  1.3755600e+000	 -1.3898851e+000	 -1.4454728e+000	 -1.7431770e+000	 -1.6388847e+000	  2.2656532e+000	
  4.9252117e-001	  5.1251620e-001	  5.8001665e-002	  4.5397464e-002	  4.8134781e-001	  3.5285303e-001	 -4.6592434e-001	 -1.5693302e-001	 -8.8692699e-002	 -3.3635567e-001	 -4.5591034e-001	
 -9.3705686e-001	  8.9100513e-001	 -1.2839975e+000	  2.0853614e+000	  1.0819700e+000	  1.1066672e+000	 -7.9599969e-001	 -1.0093004e+000	 -9.2022800e-001	 -8.4114464e-001	  6.7214647e-001	
  2.5607603e-002	 -3.0892773e-001	  6.1008220e-001	 -7.2252092e-001	 -9.5016551e-001	 -3.3403152e-001	  1.9074401e-001	  5.1230156e-001	  4.5960582e-001	  6.1851742e-001	 -4.4377064e-001	
  6.5779437e-001	 -2.4695508e-001	  1.3356664e-001	 -7.6004706e-003	 -8.3800864e-001	 -2.9260020e-001	  2.7602846e-001	  3.9263356e-001	  2.8311719e-001	  4.3848329e-001	 -1.9179061e-001	
  1.2379898e+000	 -7.3389029e-003	  1.0146184e+000	 -1.5361745e+000	 -4.7073199e-001	 -3.6180854e-001	  2.5248697e-001	  5.9343928e-001	  5.1414498e-001	  6.3192064e-001	 -4.9291675e-001	
 -3.2570191e-001	 -5.2497733e-001	 -8.6461535e-001	  1.1911761e+000	  6.3703136e-001	 -1.5087932e-001	  3.4992480e-001	 -7.6473941e-002	 -5.7822303e-001	 -1.7269070e-001	  6.5812093e-001	
 -6.0659073e-001	 -8.4648667e-001	  1.3078954e+000	 -1.4069716e+000	 -1.0936399e+000	 -3.4518270e-001	  2.5117304e-001	 -1.7695055e-002	 -2.5361224e-001	  5.9717149e-002	  1.0925733e+000	
  1.3902016e+000	  1.7043467e-001	 -4.1913207e-001	 -5.5372106e-002	  6.3826477e-001	 -7.4350159e-002	 -1.0003391e-001	  4.8882964e-001	  1.9993019e-001	  3.8050899e-001	 -7.2695875e-002	
  2.4401863e-001	  3.8947162e-001	 -9.5241441e-001	  1.2774501e+000	  2.7568579e-001	  1.4339452e-001	 -1.6817770e-001	 -5.9112676e-002	 -9.6631924e-003	 -1.1096974e-001	 -9.3477312e-002	
  6.8116111e-001	  4.2761806e-001	 -5.2720371e-001	  4.7835001e-001	 -3.5542055e-001	  2.2584262e-001	 -2.4541054e-001	 -8.5709697e-002	 -5.9518660e-002	 -1.8774978e-002	  3.4897871e-001	
  5.2101439e-001	  1.5499615e-002	 -3.5675790e-001	  2.7611763e-001	  5.6884839e-001	  3.3065157e-001	 -4.3802606e-001	  7.8897882e-002	 -2.9503019e-001	 -7.3698697e-002	  6.5641141e-001	
  4.6633547e-001	 -1.1337243e+000	 -1.6332614e+000	  1.3866553e+000	  1.4300758e+000	 -1.2132794e+000	  1.0969011e+000	  1.4343157e+000	  1.2080872e+000	  1.2988183e+000	 -8.5298417e-001	
  1.3253640e+000	  6.0811764e-001	  1.1422592e+000	 -1.5703021e+000	 -5.4662959e-001	 -1.5837726e-001	 -7.0164906e-002	  4.5512777e-001	  4.6619735e-001	  2.8248044e-001	 -2.1519525e-001	
  7.2411268e-001	  2.1617994e-001	 -6.0993514e-001	  7.2100091e-001	  3.7067537e-001	 -6.0380516e-002	  1.5130963e-001	  3.8219760e-001	  6.7224113e-001	  5.9198870e-001	 -9.2476540e-001	
 -6.1223640e-001	  8.9321389e-001	  4.2994124e-001	  8.1618265e-001	 -1.1400560e+000	  1.2268891e+000	 -1.0734324e+000	 -1.3810970e+000	 -1.7454292e+000	 -1.6149312e+000	  1.6666660e+000	
  6.6037265e-001	 -9.1875413e-001	  7.4245622e-001	 -8.6987202e-001	 -6.6052056e-002	 -9.0055713e-001	  7.6082949e-001	  6.0677835e-001	  2.0553595e-001	  3.0805833e-001	 -1.0136365e+000	
 -2.2073777e+000	 -3.5251010e-001	 -7.5575442e-001	  3.2047604e-001	  1.2334776e+000	 -1.2191246e-001	  1.5927572e-001	 -5.9973585e-002	  8.4956812e-001	  3.6172607e-001	 -1.7548299e+000	
 -8.8745565e-001	 -3.8419115e-001	  1.7520595e+000	 -1.7544336e+000	 -7.2673770e-001	  1.3585263e-001	  1.7061901e-004	 -4.7011176e-001	 -1.3830369e-001	 -2.7320563e-001	  1.1734835e-001	
 -6.0462761e-001	  1.3810016e+000	 -6.6887582e-001	  1.5866453e+000	  2.9989443e-001	  1.5543990e+000	 -1.4482806e+000	 -1.6658697e+000	 -1.7203601e+000	 -1.6843727e+000	  1.5955132e+000	
  5.4756105e-001	 -6.3293200e-001	 -7.2610986e-001	 -5.2160189e-001	  1.9593836e+000	 -1.0146022e+000	  1.1500530e+000	  1.0811874e+000	  1.2602147e+000	  1.2381847e+000	 -1.0421450e+000	
 -3.0522179e-001	 -2.9495206e-001	 -1.9759661e+000	  2.2766079e+000	  1.4740472e-001	 -2.1294311e-001	  2.9388566e-001	  1.7729156e-001	  8.1001585e-002	  1.5161556e-001	 -3.0163446e-002	
  6.2134734e-002	 -6.6114799e-001	 -1.8736007e-001	  1.1292056e-001	 -1.0865030e-001	 -2.7492465e-001	  2.6293812e-001	  1.8300536e-001	  6.1569338e-002	  1.1946083e-001	  3.7911206e-001	
  3.5243154e-001	 -2.0843398e+000	 -1.8231307e+000	  1.4403928e+000	  1.5635485e+000	 -2.0459494e+000	  2.0991220e+000	  1.9135842e+000	  1.6764467e+000	  1.7597631e+000	 -1.8632630e-001	
  8.3210399e-001	  1.2131216e+000	  8.3118525e-001	 -6.5727057e-001	  6.3052028e-002	  1.1759559e+000	 -1.1992614e+000	 -8.5892847e-001	 -7.1297153e-001	 -7.2338616e-001	  4.2007655e-001	
 -2.6595286e+000	  9.1690244e-002	  2.6489089e-001	  6.1389562e-001	 -6.8746729e-001	  6.1860839e-001	 -3.3984065e-001	 -8.5693050e-001	 -5.6306041e-001	 -8.0841361e-001	 -1.5321877e-001	
 -8.9706759e-001	  1.0547868e+000	  1.3160023e+000	 -8.8756587e-001	 -1.4497781e+000	  1.0141168e+000	 -1.3214466e+000	 -9.0461371e-001	 -3.6191700e-001	 -6.3269945e-001	 -1.7844708e-001	
 -7.4890246e-001	  1.1400583e+000	  1.0131921e+000	  1.9511299e-001	 -1.2975978e+000	  1.4543814e+000	 -1.4243590e+000	 -1.1628352e+000	 -1.2412041e+000	 -1.2614139e+000	  7.6983094e-001	
 -1.3337126e+000	 -1.5784472e+000	 -1.5054026e+000	  4.9815515e-001	 -1.5824559e-001	 -1.2644807e+000	  1.2308147e+000	  9.2782685e-001	  9.4064730e-001	  8.9747729e-001	 -1.2310987e+000	
  6.6369244e-001	 -3.7540699e-001	  9.7273157e-001	 -1.5944616e+000	 -4.8947542e-001	 -5.0939373e-001	  5.4816492e-001	  3.9588635e-001	 -4.3203108e-002	  2.0814273e-001	 -6.8826769e-002	
  1.1689463e-001	 -1.3178404e+000	 -1.4730784e+000	  7.1735023e-001	  1.5532411e+000	 -1.4358222e+000	  1.4976805e+000	  1.3246034e+000	  1.4793775e+000	  1.3999019e+000	 -1.1949178e+000	
  7.5815863e-001	 -8.1241875e-001	 -2.0562330e-001	 -4.8987107e-001	 -1.9711994e-001	 -1.1689513e+000	  9.9615021e-001	  1.1368990e+000	  1.3799053e+000	  1.3094876e+000	 -1.4374305e+000	
 -3.3010230e-001	  7.7080492e-001	 -4.5385416e-001	  8.1199011e-001	 -4.1085394e-001	  3.7951498e-001	 -4.5592013e-001	 -3.0350069e-001	  2.3231794e-001	  3.2667432e-002	  1.1576464e-001	
  1.3777118e+000	 -1.1790686e+000	 -1.4785596e-001	 -1.1720932e+000	  9.9552980e-001	 -1.5063304e+000	  1.3469364e+000	  1.7300591e+000	  1.6286127e+000	  1.5452566e+000	 -1.1717255e+000	
 -5.2643701e-001	 -7.1309588e-002	 -3.1120415e-001	  1.3192583e-002	  5.1436280e-001	 -3.7376178e-001	  4.5081823e-001	  2.7064029e-001	  2.1230802e-001	  1.9522838e-001	 -5.9018863e-001	
 -9.2175053e-001	 -9.2179425e-001	  2.1019822e+000	 -2.9464039e+000	 -1.3467069e+000	 -5.1087897e-001	  4.0235486e-001	  3.9482572e-001	  7.2726816e-001	  6.2472689e-001	 -6.3325014e-001	
 -1.5398954e+000	  2.3362102e+000	  1.4039435e+000	 -8.9886955e-001	  2.6260579e-001	  2.5360795e+000	 -2.5331910e+000	 -2.4252962e+000	 -2.0853979e+000	 -2.3830952e+000	  1.8056678e+000	
  4.2705711e-001	  1.9473032e+000	  6.2039102e-002	  1.0841268e+000	 -3.8231665e-001	  1.6139134e+000	 -1.6459890e+000	 -1.2059486e+000	 -1.2579779e+000	 -1.1143522e+000	  1.0866901e+000	
 -1.4429234e+000	  2.1971087e+000	  9.3678892e-001	  8.9797678e-001	 -1.1749743e+000	  2.2034489e+000	 -2.2829958e+000	 -2.2451582e+000	 -1.9792370e+000	 -2.0884796e+000	  1.2463430e+000	
 -2.9398901e-001	 -1.6673499e-001	  4.3824235e-001	 -4.6825554e-001	 -8.8827180e-003	  2.3046652e-001	 -2.7186483e-002	 -2.3324958e-001	 -4.9425592e-002	 -2.4459605e-001	 -6.9680667e-001	
 -1.4674731e-001	  1.4808723e+000	  2.4255980e-001	  2.6850362e-001	 -1.1425307e+000	  1.2262113e+000	 -1.3292221e+000	 -1.1628589e+000	 -1.1060369e+000	 -1.2463347e+000	  2.4514419e-001	
 -2.5970086e-001	 -2.2773041e-001	  1.2932436e+000	 -8.3289339e-001	 -6.6862547e-002	 -5.2274085e-002	  9.4638630e-002	 -2.9705872e-001	 -7.4446837e-001	 -5.0585400e-001	  1.1294302e+000	
  4.4668946e-001	 -2.8799477e-001	 -6.3582353e-001	 -5.5336199e-001	  1.0421449e+000	 -6.4270354e-001	  7.0699075e-001	  6.6195251e-001	  8.9277584e-001	  7.3382777e-001	 -1.3048102e+000	
 -7.5195457e-001	  1.3047859e+000	  2.5434265e-002	  8.5431963e-001	 -5.9265196e-001	  1.2536226e+000	 -1.3958010e+000	 -1.3090719e+000	 -1.1610541e+000	 -1.3552117e+000	  7.0166256e-001	
 -7.1589033e-001	 -3.3023569e-001	  2.9735630e-001	  1.4774848e-001	 -4.8292240e-001	  9.2798556e-002	 -1.5439047e-002	 -3.3337827e-002	 -2.3444391e-001	 -1.4213448e-001	 -1.9762359e-001	
 -3.0675403e-002	  7.4751699e-001	  5.8772999e-001	 -1.1818496e+000	 -4.1045553e-001	  5.1559951e-001	 -3.8996768e-001	 -2.0335449e-001	 -9.5298168e-003	 -6.2119384e-002	  4.8410518e-001	
 -2.4050699e-001	  3.8497783e-002	  1.0662813e-001	  4.8272168e-001	 -1.1041304e+000	  1.8403889e-001	 -3.0349003e-001	 -2.3873332e-001	 -1.9488322e-001	 -1.2562449e-001	 -8.2689059e-002	
 -1.1293752e+000	 -1.8305159e+000	 -3.1753461e-001	 -8.3819092e-001	  1.2629951e+000	 -1.3450988e+000	  1.3390129e+000	  9.7883782e-001	  1.0730965e+000	  9.3419328e-001	 -8.0995873e-001	
 -1.2716179e-001	  1.6932457e+000	  1.8830614e+000	 -8.6264751e-001	 -2.8172669e+000	  1.5073096e+000	 -1.5683068e+000	 -1.5204794e+000	 -1.5609032e+000	 -1.5532228e+000	  1.3101231e+000	
