 -5.7532538e-001	 -1.2173985e-001	  2.6890095e-001	 -1.3092111e-001	  1.2175234e-001	  3.4039200e-002	 -4.7569869e-003	 -2.2750717e-001	  2.3372100e-001	  1.4275111e-001	  9.9014583e-002	
 -9.1458515e-001	 -5.7541820e-001	  8.8940122e-001	 -1.0527474e+000	  4.5149342e-001	  4.1076798e-001	  4.3205028e-001	  3.5407584e-001	 -4.1000672e-001	  8.5131915e-002	 -2.1735877e-001	
  2.0704783e-001	  4.1885545e-001	 -7.1138973e-001	  7.7050860e-001	 -1.7818167e+000	 -3.7175448e-001	  1.8206600e-002	 -3.5122481e-001	  1.0351464e-001	 -5.1243757e-001	 -7.2213216e-001	
  1.2016148e+000	 -6.9362797e-001	 -1.6386710e+000	  1.5446047e+000	 -1.6603561e+000	  6.4992697e-001	  6.8769515e-001	  6.8045117e-001	 -7.0897996e-001	  9.0016970e-002	 -9.2245110e-001	
 -7.0734014e-001	 -8.2088586e-002	  3.1363682e-001	  7.0870244e-002	  3.0235230e-001	  2.9033311e-001	  3.0837798e-001	  2.7476674e-002	  4.7120583e-002	  9.5175087e-001	 -3.5522218e-002	
  5.8710500e-001	  6.0458228e-001	 -7.4731665e-001	  6.5844419e-001	 -3.1801123e-001	 -6.8748321e-001	 -6.7001231e-001	 -4.0096559e-001	 -1.3666214e-001	 -2.7214489e-001	 -3.9489601e-001	
 -4.2815496e-001	 -1.0764170e+000	 -6.7250239e-001	  5.7517696e-001	 -6.1693039e-001	  9.2843979e-001	  9.6364565e-001	  1.2582430e+000	 -6.1593836e-001	 -5.3097879e-001	  9.2370625e-001	
  1.3641172e+000	  1.2573191e+000	 -4.0657308e-001	  3.4790931e-001	 -7.3478385e-001	 -1.4408935e+000	 -1.2408187e+000	 -7.2342449e-001	  6.4513596e-001	 -5.0061238e-001	 -2.5174170e-001	
  7.2100176e-001	 -7.2725956e-001	 -7.2413047e-001	  6.2721486e-001	  3.1734640e-001	  6.4947504e-001	  4.1292711e-001	  1.0495011e+000	 -1.0555166e+000	 -9.1392836e-001	 -9.8122765e-001	
 -2.4412672e+000	 -4.0752842e-001	 -6.4520540e-001	  7.0589753e-001	 -6.6680253e-001	  4.4935437e-001	  7.5004761e-001	 -1.2307200e-001	  1.0845707e+000	 -2.2329505e+000	  8.7399995e-001	
  9.4739286e-001	  1.3916828e+000	 -1.6671466e+000	  2.0302183e+000	 -2.1305624e+000	 -1.4154184e+000	 -8.8829865e-001	 -1.0803856e+000	  8.1588725e-001	 -4.0542096e-001	 -4.3487056e-002	
  2.0858340e-001	  9.2890193e-001	  2.9943900e+000	 -2.8375331e+000	  2.8018811e+000	 -1.0718980e+000	 -1.6125729e+000	 -5.3618236e-001	  1.0138680e+000	 -1.1493513e+000	  7.4286930e-001	
 -7.6391289e-003	 -1.2081373e+000	 -4.2233621e-001	  6.7743046e-001	 -5.9626294e-001	  1.1647572e+000	  1.2871459e+000	  1.1868940e+000	 -7.1465698e-001	 -1.0073595e+000	 -3.8757089e-001	
  4.4233791e-001	 -1.1740586e-001	  1.6707057e+000	 -1.7584670e+000	  1.0449467e+000	 -5.0505557e-002	 -4.1940965e-001	  2.2139960e-001	 -4.8272949e-001	 -8.2077482e-002	 -1.2738472e+000	
  3.9252181e-001	  3.1221711e-001	  1.1040695e+000	 -1.0071441e+000	 -1.6522907e-001	 -2.1531545e-001	 -1.2375496e-001	 -2.4021235e-001	  1.4839826e-001	 -3.8477323e-001	 -1.4045322e+000	
 -1.5032931e+000	 -8.3614628e-001	  2.0960498e-002	 -1.6497136e-001	 -1.4918053e-001	  9.3498806e-001	  7.5814253e-001	  6.7179190e-001	  3.6106426e-002	 -2.2451817e+000	  1.6082680e+000	
 -1.8136196e+000	  3.7088918e-001	 -2.8832505e-001	  3.4350047e-001	 -2.1770684e-001	 -3.6945537e-001	 -1.9253276e-001	 -9.3439579e-001	  1.5900388e+000	 -1.9478666e+000	  7.7713258e-001	
  1.0343179e-001	  1.2587374e-001	 -3.2500471e-001	  4.6876277e-001	  4.8391426e-001	 -3.4578703e-001	 -4.6146062e-001	 -2.4392780e-001	  1.3573354e-001	 -7.7432861e-001	 -4.4937309e-001	
 -6.0625626e-001	 -9.9405480e-001	 -1.6569478e+000	  1.1479395e+000	 -1.4267334e+000	  1.3160192e+000	  1.4603696e+000	  8.2747083e-001	 -9.5796990e-001	  5.2540369e-001	  6.3542386e-001	
  4.9670131e-001	  1.0422709e+000	  5.3074468e-001	 -3.7015655e-001	 -2.6134604e-001	 -9.7810061e-001	 -8.7926704e-001	 -8.8973867e-001	  1.7628639e+000	 -1.4589513e+000	  1.6657326e+000	
 -7.5138639e-001	  7.8645900e-001	  1.5916497e+000	 -1.4027752e+000	  9.4217363e-001	 -6.7140500e-001	 -7.0216005e-001	 -7.9080521e-001	  1.4152875e+000	 -1.2862552e+000	  1.8527619e+000	
  4.5328389e-001	  9.4559734e-001	 -1.1040010e-001	  4.8278965e-001	 -5.2442786e-001	 -7.5349909e-001	 -5.4498216e-001	 -9.4223979e-001	  8.6426823e-001	  3.3440672e-002	 -2.9549301e-001	
  8.7779949e-001	 -4.5344074e-001	  6.3515201e-002	 -1.3374266e-001	  8.7835313e-001	  4.7492215e-001	  2.3745611e-001	  5.3501253e-001	 -4.7353536e-001	  1.1148886e+000	 -9.6860853e-001	
  7.8461923e-001	  6.9045716e-001	  1.8434914e+000	 -1.6612936e+000	  1.4441596e+000	 -7.4208901e-001	 -9.9149849e-001	 -8.3032019e-001	 -1.8227196e-002	  6.7654685e-001	 -1.7277958e-001	
  1.4214829e-001	  8.1340666e-001	  6.4663845e-001	 -6.4101364e-001	  2.5369852e-001	 -5.5915249e-001	 -5.7404325e-001	 -5.2884707e-001	  4.2118630e-001	 -3.8120559e-001	  4.2874266e-001	
 -1.1031472e+000	  5.9512445e-001	  2.3787638e-001	  3.0187839e-001	 -8.7149530e-001	 -4.3837800e-001	 -1.7037161e-001	 -6.1919100e-001	  1.2849174e+000	  3.2399196e-001	  1.5689495e+000	
 -3.2121318e-001	 -3.4076606e-001	 -2.0126363e-001	 -3.5226366e-001	  2.9328594e-001	  5.1734745e-001	  4.5294817e-001	  3.1214263e-001	  9.7913811e-003	 -1.0511103e+000	  3.4464087e-001	
 -8.2563084e-001	  1.4414328e+000	  4.7199376e-001	 -1.6606339e-001	 -3.5522112e-001	 -1.2822732e+000	 -8.4744817e-001	 -1.8330098e+000	  1.5608559e+000	 -5.3501623e-001	 -1.0921632e+000	
 -1.6083915e+000	 -7.9034578e-001	  7.3714272e-001	 -6.5620899e-001	  1.0949402e+000	  6.6402250e-001	  4.5871747e-001	  9.8403427e-001	  7.8985876e-002	 -1.0063433e+000	  1.1979793e+000	
  2.0127217e-001	 -9.5895461e-001	  1.4435975e-001	 -1.2136197e-001	  3.8786714e-001	  8.0143990e-001	  8.1716880e-001	  9.8791367e-001	 -1.3105336e+000	  7.9417588e-001	 -1.9370596e-001	
 -9.8032442e-001	  9.2762731e-001	  1.0555365e+000	 -1.1124448e+000	  9.9453586e-001	 -8.5416765e-001	 -7.1394667e-001	 -9.2435070e-001	  1.4254077e+000	  2.0305330e-001	  1.2625626e+000	
 -7.7684690e-001	  9.4515930e-001	  4.2877914e-001	 -3.8467481e-001	  7.8118024e-001	 -9.9402631e-001	 -1.0881448e+000	 -1.3894353e+000	  4.6644205e-001	  3.3347743e-001	 -1.2026558e-001	
 -6.1563319e-002	 -1.3926059e+000	 -3.7144976e-001	  1.4959052e-001	 -3.9661967e-001	  1.3226210e+000	  1.2148840e+000	  1.4108021e+000	 -1.9396652e+000	  8.0942507e-001	 -1.8802175e+000	
 -9.6714412e-001	 -9.6769623e-001	 -1.0628799e+000	  1.3366707e+000	 -1.1139196e+000	  9.5976249e-001	  1.0746713e+000	  1.0545173e+000	 -4.8919986e-001	 -1.0190146e+000	  1.1801445e+000	
 -4.5061454e-001	  1.2122669e+000	 -7.7423400e-001	  1.2251517e+000	 -1.1342411e+000	 -1.0866069e+000	 -9.2503076e-001	 -1.1392647e+000	  1.6235666e+000	  2.0841282e-001	  1.7903716e+000	
  1.9373064e-001	 -2.7558698e-001	 -9.6093750e-001	  7.1962316e-001	 -1.3476933e+000	  4.5674316e-001	  9.2851628e-001	  1.5211336e-001	 -2.9909051e-001	 -1.5848619e+000	  6.8459841e-001	
  5.3633473e-001	 -1.4051901e+000	 -1.2778363e+000	  1.0650738e+000	 -1.3195597e+000	  1.4598212e+000	  1.5410591e+000	  1.3102821e+000	 -1.6843159e+000	  1.0608516e+000	 -7.5783480e-001	
  5.5524704e-002	  2.9608447e+000	  8.3473229e-001	 -2.7657052e-001	  1.0373356e-001	 -3.1215941e+000	 -3.0819752e+000	 -2.9427333e+000	  2.2624730e+000	  1.3866397e+000	 -1.9903620e+000	
  4.3978348e-001	  3.2029105e-001	  1.1069772e+000	 -1.3070432e+000	  1.3154834e+000	 -2.3501295e-001	 -7.4630018e-001	 -6.6062044e-001	  5.1269440e-001	 -3.4440779e-001	 -3.2268428e-001	
 -1.1338115e-001	  6.4862155e-001	  3.8551027e-001	 -2.2002415e-001	  6.4714300e-001	 -6.9136076e-001	 -1.0175258e+000	  3.9112866e-001	 -9.2795815e-002	 -1.1047929e+000	  5.8943012e-001	
  1.8270376e-001	 -7.1384474e-001	  1.1282563e-002	 -2.0155475e-001	  3.2472043e-001	  7.6696196e-001	  5.4801412e-001	  1.2311518e+000	 -1.1052364e+000	  5.0495171e-001	 -9.7665506e-002	
  7.8362311e-001	 -1.7647623e-001	  7.3152737e-001	 -9.8727683e-001	  4.8257631e-001	  8.9369834e-002	 -5.9080332e-002	  2.8058109e-001	 -2.5266347e-001	 -8.9541379e-001	 -1.2396322e-001	
 -2.4439907e-001	 -1.9480551e-001	 -1.1764983e+000	  9.8748377e-001	 -9.7122236e-001	  3.1631391e-001	  4.3975030e-001	  4.8388456e-001	 -1.0813467e-001	  2.4515414e-002	  5.4461398e-001	
  3.1435293e-001	 -4.6820232e-001	  1.4012253e+000	 -1.3510663e+000	  7.6622164e-001	  4.5730883e-001	  4.3518411e-001	  4.6439173e-001	 -2.8345053e-001	  1.8676104e-001	  7.3265525e-001	
 -1.2990081e+000	 -4.5964773e-001	 -1.1308451e+000	  9.1229100e-001	 -1.1859122e+000	  5.2721225e-001	  1.0676108e+000	  2.1321119e-001	  2.1786260e-001	 -2.6875281e-001	 -3.7725736e-001	
  4.8842607e-001	 -3.1296624e-002	  1.1064888e+000	 -8.5759889e-001	  1.6906614e+000	  1.3619669e-001	 -3.5634197e-002	 -7.5436491e-002	  3.4757169e-001	  1.1233143e+000	  1.9344845e+000	
  2.4112037e-001	 -3.9306578e-001	 -8.0285139e-002	 -5.7256890e-002	 -1.8132982e-001	  3.6347987e-001	  1.4572381e-001	  4.4192312e-001	 -5.5661798e-001	  1.0784812e+000	 -6.3224663e-001	
  8.5815903e-001	 -1.1050414e+000	 -3.4907233e-002	 -1.1778754e-001	 -4.0923115e-001	  1.0169324e+000	  1.2012944e+000	  1.2869680e+000	 -1.1531299e+000	  4.8773126e-002	 -2.5142870e-001	
  1.3535205e+000	  1.6890750e+000	  2.1315449e-001	 -1.4230091e-001	  1.4019799e-001	 -1.6285443e+000	 -1.5390150e+000	 -1.6079265e+000	  1.4264323e+000	 -3.9483177e-001	 -1.1653424e-002	
  1.1436923e+000	  1.0598876e+000	  4.5204351e-001	 -2.8866463e-001	 -1.5276331e-001	 -1.0859163e+000	 -1.0551588e+000	 -1.0130271e+000	  6.1854482e-001	  4.6702009e-001	 -8.8590355e-001	
 -1.0394405e+000	  2.2531536e-001	 -1.1994005e+000	  1.2475547e+000	 -1.2001168e+000	 -2.5616368e-001	  4.2598731e-002	 -6.8172258e-001	  4.1349961e-001	  1.0077588e+000	 -1.5528883e-001	
 -1.1282052e+000	  5.4397791e-001	 -2.8369912e+000	  2.9651244e+000	 -2.4134997e+000	 -4.4502880e-001	 -1.2769098e-002	 -5.7265359e-001	  8.2639593e-001	 -2.8255924e-001	  2.9258466e-001	
  9.0249237e-002	 -1.5260774e+000	  7.6123226e-001	 -1.0915180e+000	  7.2618356e-001	  1.6027956e+000	  1.3333815e+000	  1.5504823e+000	 -1.3989723e+000	 -7.3299765e-001	 -8.3201388e-001	
 -1.2136812e+000	  6.6322195e-001	  5.7780861e-001	 -4.0978549e-001	  2.4221952e-001	 -5.8163037e-001	 -5.6935844e-001	 -8.7871234e-001	  9.1594152e-001	  8.0195816e-002	 -8.2103214e-002	
  4.8984251e-001	  7.4737425e-001	  7.2944441e-001	 -7.9753090e-001	  1.3129874e+000	 -6.1044815e-001	 -8.4314924e-001	 -7.1476453e-001	  7.9727711e-001	  1.9767725e+000	  1.3687504e+000	
  9.2786206e-001	 -2.4928021e-001	  2.2505200e-001	 -2.7512705e-001	  3.0734418e-001	  1.8788739e-001	  2.1071734e-001	  3.2814301e-001	 -4.1710522e-001	  8.4800611e-001	 -5.4124082e-001	
  1.8820120e+000	 -9.4972525e-001	  1.6354382e-001	 -4.7737296e-001	  2.5995155e-001	  7.7907597e-001	  6.7757465e-001	  9.3939911e-001	 -1.6554739e+000	  9.3018836e-001	 -7.2393157e-001	
  4.4474900e-001	  1.4453293e+000	 -2.5753460e-001	  4.8052206e-001	 -5.4265994e-001	 -1.2877079e+000	 -1.2538751e+000	 -1.4757157e+000	  1.4530951e+000	  1.8069616e-001	 -5.4919350e-001	
  2.7844610e+000	  7.6964684e-001	  8.5848806e-001	 -1.1837466e+000	  1.5273729e+000	 -8.6125832e-001	 -1.1378812e+000	 -6.2593252e-001	  5.6683758e-002	 -2.0172746e-002	 -1.1523317e+000	
 -1.3415592e+000	 -6.5470915e-001	  1.5604578e+000	 -1.4497035e+000	  9.5573902e-001	  6.1450682e-001	  4.2578042e-001	  5.3186640e-001	 -1.6628775e-001	 -8.8209059e-001	 -2.7367433e-001	
 -7.4929653e-001	 -2.5898412e-001	 -1.1216673e-001	  4.4604846e-001	  3.4545679e-001	  4.2057031e-001	  3.6645156e-001	  4.8384419e-002	 -2.1677486e-001	 -8.0865613e-001	 -2.0053029e-001	
 -4.0697541e-001	  7.2143874e-001	  1.5473492e-001	 -8.8393160e-002	  4.4349299e-001	 -8.3751003e-001	 -8.8528825e-001	 -1.0814301e+000	  3.0146222e-001	  2.1751230e+000	 -9.8977696e-001	
 -1.6325242e-001	 -3.3256048e-001	  4.1880248e-001	 -8.2728621e-001	  7.4125929e-001	  9.7714129e-002	 -9.2769763e-002	  7.0467608e-001	 -1.2210923e+000	  7.0034360e-001	 -1.3572752e+000	
 -9.2939895e-001	 -9.9013059e-001	  1.8762065e-001	 -3.9827957e-003	  2.8591286e-001	  7.9476098e-001	  7.8518654e-001	  1.0871478e+000	 -1.0139071e+000	 -1.6195454e+000	 -3.4935062e-001	
  1.5759108e+000	  2.9337075e-001	  2.0331986e-001	 -1.7728979e-001	  4.0195630e-001	 -4.4875129e-001	 -5.1093409e-001	 -2.9615867e-001	 -2.8221326e-001	  1.1126617e+000	 -2.5236261e-001	
  4.3944113e-001	  3.2702725e-001	 -1.5604204e+000	  1.5604887e+000	 -1.7849289e+000	 -4.0194873e-001	 -2.9186087e-001	  1.8574570e-001	  1.1184881e-001	  4.7058110e-002	  1.5878884e+000	
  6.3728399e-001	 -3.3597396e-001	  2.2656343e+000	 -2.4982326e+000	  2.5093582e+000	  2.3879583e-001	 -4.6491983e-001	  3.7694600e-001	 -3.8313332e-001	  6.2620987e-001	  8.4068867e-001	
  5.2642341e-001	 -9.8848504e-001	 -1.4511993e+000	  1.2493190e+000	 -7.2757645e-001	  8.5299476e-001	  9.0814450e-001	  1.2176539e+000	 -1.3901120e+000	  4.2470170e-001	  7.0617467e-001	
  4.5741110e-001	 -1.3385393e+000	  1.9097212e+000	 -1.9444817e+000	  1.6410230e+000	  1.4024862e+000	  1.1980051e+000	  1.6316286e+000	 -1.3822794e+000	  5.2487842e-001	  8.5980601e-001	
 -1.4842974e+000	 -2.7813778e-001	 -6.0896663e-002	  2.8740119e-001	  5.6802538e-001	  2.3361558e-002	  1.2312635e-002	  3.8006577e-002	  3.6400152e-001	 -1.1772269e+000	  1.2209705e+000	
  9.2771264e-001	  2.9328879e-001	  1.0128603e+000	 -1.0586618e+000	  9.1943655e-001	 -2.9535744e-001	 -3.8780160e-001	 -1.4796413e-001	 -7.4921711e-001	  1.4223653e+000	 -7.0382271e-001	
  6.4485978e-001	  8.8022603e-001	 -3.8446423e-001	  5.4219256e-001	  9.6424823e-003	 -8.5570841e-001	 -5.7282728e-001	 -1.1895499e+000	  1.3119981e+000	  6.4893502e-001	  1.3723252e+000	
  4.4997529e-001	  2.1697701e-001	  3.5235447e-001	 -6.4986229e-001	  4.5945648e-001	 -1.3565852e-001	 -2.6198433e-001	 -1.1539736e-001	 -3.1106000e-001	  3.5182441e-001	 -5.7036134e-001	
  4.3353957e-001	  3.5915827e-002	 -1.6422097e+000	  1.6538530e+000	 -1.2566201e+000	 -1.1089386e-003	  2.7573333e-001	  3.6294778e-004	 -3.3695605e-001	 -5.4702219e-002	 -5.4928398e-001	
  4.1140079e-001	 -1.3718486e+000	 -1.0154036e+000	  8.7155746e-001	 -3.2470537e-001	  1.4725556e+000	  1.7381351e+000	  1.0321226e+000	 -5.4808681e-001	  2.2376186e-001	  1.1532393e+000	
  6.7243338e-001	 -8.2610961e-001	 -1.0069255e+000	  3.7111104e-001	  4.2218870e-001	  1.0240987e+000	  9.3997608e-001	  7.1595958e-001	 -1.2523433e+000	 -8.7671586e-002	 -1.6989504e+000	
 -1.8382543e+000	 -2.9956044e+000	 -2.0724393e+000	  1.5014268e+000	 -1.4971176e+000	  2.8715247e+000	  3.0350260e+000	  2.8512192e+000	 -2.4196991e+000	 -2.0989218e+000	 -1.2947071e-001	
  1.6488035e-001	 -8.5165739e-001	 -6.5109182e-001	  8.4792665e-001	 -6.3152073e-001	  6.0045559e-001	  3.9640859e-001	  1.0587919e+000	 -1.2423872e+000	  3.9586547e-001	 -7.5727569e-001	
 -8.9181121e-002	  1.5379134e+000	  7.1490520e-001	 -7.8581672e-001	 -7.8799719e-001	 -1.6309582e+000	 -1.4017928e+000	 -1.7199649e+000	  1.7429409e+000	 -8.4879951e-002	 -2.8879936e-001	
 -9.6551105e-002	 -1.6886292e+000	 -1.1085642e+000	  5.1656396e-001	 -5.7054490e-001	  1.6717046e+000	  1.7761488e+000	  1.3224482e+000	 -2.0709037e+000	  5.3539025e-001	 -9.0939389e-001	
 -1.3368409e+000	 -1.6187638e+000	 -1.5406149e+000	  1.3245763e+000	 -1.0523906e+000	  1.4471681e+000	  1.4034530e+000	  1.6288282e+000	 -8.3847895e-001	 -1.4920513e+000	  7.7919968e-001	
  1.0238616e+000	  3.1637016e-001	 -1.0393438e-001	  2.1599541e-001	 -4.9536015e-001	 -1.3227886e-001	 -5.0868872e-002	 -5.9496931e-001	  5.5952206e-002	  1.2047374e-002	 -1.2396186e+000	
  1.0630204e-002	  7.7068522e-001	  6.8117002e-001	 -7.9180285e-001	  1.3886413e+000	 -8.1131964e-001	 -9.8145479e-001	 -8.4940637e-001	  5.9654895e-001	  1.3014495e+000	 -3.1417370e-001	
  1.0453465e+000	  2.1781038e-001	  9.0600306e-002	 -7.9530511e-002	 -3.1374452e-001	 -4.6275337e-001	 -4.6433108e-001	  1.5158963e-002	 -4.0846560e-001	  1.0955251e+000	 -3.1098344e-001	
  2.1665415e+000	  2.2194854e-001	 -5.4920650e-001	  7.1190248e-001	 -1.3234335e+000	 -1.4860567e-002	  1.9740270e-001	  1.7481326e-002	 -3.6209288e-001	 -3.6269945e-002	 -4.3415212e-003	
  1.7061519e+000	  1.5427505e+000	  1.3503434e+000	 -1.3995420e+000	  1.4114494e+000	 -1.4954096e+000	 -1.7022772e+000	 -1.3340045e+000	  3.0419200e-001	  1.7135978e+000	 -2.1627211e+000	
  4.1406643e-001	  4.5043197e-001	  5.1402045e-001	 -4.7395263e-001	  1.3520291e+000	 -3.7566609e-001	 -5.1626785e-001	 -4.4864001e-001	  1.0233438e-001	  1.8001336e+000	 -1.9382231e+000	
  3.1872114e-001	  1.1112316e+000	  7.6566379e-001	 -3.3787196e-001	  6.2714361e-001	 -1.2114652e+000	 -1.3293887e+000	 -1.0689217e+000	  3.8420417e-001	  1.3500837e+000	 -1.0227746e-001	
  1.4795469e+000	  1.1737293e+000	  4.8660995e-001	 -4.2320068e-001	  5.3863441e-001	 -1.1792079e+000	 -1.3678372e+000	 -1.0095127e+000	  1.9294454e-001	  1.5503886e+000	 -7.2065956e-001	
 -1.3980734e-001	 -2.7477074e-001	 -8.0207385e-001	  5.7342718e-001	 -1.4238893e+000	  3.6726404e-001	  5.9129190e-001	  2.1919915e-001	 -6.1943128e-001	  1.0251287e+000	  1.2051575e-002	
  9.5723847e-001	  5.8181617e-001	 -1.0677813e+000	  1.1575490e+000	 -1.1721225e+000	 -7.1965600e-001	 -6.0316382e-001	 -5.0224702e-001	 -1.8162239e-001	  1.9654072e+000	 -1.8830187e+000	
 -1.9369020e+000	 -1.1652050e-001	  6.4932925e-001	 -5.3241743e-001	 -6.1576026e-002	  1.2804767e-001	  1.4619654e-002	 -3.6910874e-001	  9.0237812e-001	  6.4987066e-001	  8.8012203e-001	
 -5.1118938e-001	 -9.6769856e-001	 -1.5552096e-001	  2.3453445e-001	 -5.5601861e-001	  1.1702540e+000	  1.2030972e+000	  6.9353120e-001	 -4.3842835e-001	 -1.1620842e+000	  3.2659276e-001	
 -5.7984326e-001	 -4.7385729e-001	 -1.4604417e-001	  2.8524393e-001	 -5.4777287e-002	  5.7080398e-001	  5.5394677e-001	  3.1946672e-001	 -1.4836475e-002	 -1.4629370e-001	  1.1649154e-001	
 -1.2113365e+000	  2.2487425e+000	 -4.1069734e-001	  1.0432987e+000	 -4.1116850e-001	 -2.3617295e+000	 -2.0067259e+000	 -2.0186284e+000	  2.7711748e+000	 -1.4858164e+000	  1.4772196e+000	
  6.7006686e-002	 -6.8444325e-002	  1.3805372e-001	 -3.9701768e-001	 -6.3970518e-002	  1.8032306e-001	  1.5430274e-001	  2.2208328e-001	 -2.1386398e-001	  1.2118806e+000	 -5.7448294e-003	
  7.7796498e-001	 -1.8222115e+000	  5.4434890e-001	 -1.2204799e+000	  1.7689115e+000	  1.6169307e+000	  1.0821249e+000	  1.8508070e+000	 -1.8198131e+000	 -9.3014555e-001	 -2.8148400e-001	
 -5.7306114e-001	  8.2289792e-002	 -9.9337511e-001	  1.4600706e+000	 -6.8099874e-001	 -6.7809733e-002	 -2.2081730e-002	 -1.8327843e-001	  6.1817484e-001	 -1.6282363e-001	  3.0872172e-001	
 -2.4993454e+000	 -2.2315036e+000	 -1.0948514e+000	  1.1108871e+000	 -2.1859100e-001	  2.4758063e+000	  2.5485777e+000	  1.9276279e+000	 -2.8894762e-001	 -1.5140974e+000	  3.1172270e+000	
 -1.8805240e+000	  1.2693408e+000	  7.3803951e-001	 -6.7207039e-001	  1.0242526e+000	 -1.1984102e+000	 -1.1951955e+000	 -1.4056024e+000	  2.1167465e+000	 -9.9264920e-001	  1.4299144e+000	
