 -1.8578258e+000	  2.1418572e-003	  1.4291266e-001	  3.3816141e-001	 -5.4282158e-002	 -1.1141983e+000	 -1.3895581e-001	 -1.6504522e+000	  1.0398419e-001	 -9.3453057e-001	 -9.2145622e-001	
  7.3645450e-001	  7.9800149e-001	  6.2931014e-001	  8.8917827e-001	  6.3881881e-001	  7.8995089e-001	  7.2314674e-001	  5.9271485e-001	  2.6212482e-001	  6.7651445e-001	  7.3932187e-001	
  4.7449134e-001	 -2.2666779e-001	 -1.9471446e+000	 -1.4446447e+000	 -1.6930199e+000	  2.2704547e-001	  1.1438135e-001	  4.0667867e-001	 -1.1308586e+000	 -4.9892612e-001	 -4.0555494e-001	
  1.2675637e-003	  6.2888132e-001	  1.3117186e+000	  1.3631713e+000	  1.5480849e+000	  3.7993336e-001	  6.5130486e-001	 -1.8720606e-001	  5.6158261e-001	  5.1748425e-001	  4.7077052e-001	
  4.8294176e-001	  5.5924360e-001	  1.2839333e-001	  3.5001124e-001	 -1.0918124e-001	  6.2316409e-001	  5.3787032e-001	  3.7805772e-001	  1.3763114e-001	  4.8982683e-001	  5.2024050e-001	
 -1.3846021e+000	  2.4089975e-001	  6.8012779e-001	  9.0102810e-001	  5.9078211e-001	 -5.8604014e-001	  2.0891013e-001	 -1.3499322e+000	  3.5297157e-001	 -4.1595385e-001	 -4.1262208e-001	
 -1.5084008e-001	  6.2390719e-001	  9.4147569e-001	  1.0373011e+000	  9.4076378e-001	  1.4365207e-001	  5.1518341e-001	 -4.5552748e-001	  4.5054770e-001	  1.7868080e-001	  2.8702486e-001	
 -4.5505536e-001	  3.9509755e-001	  7.7575680e-002	  4.5073475e-001	 -4.0557386e-002	 -5.0932516e-002	  2.6940856e-001	 -6.9165032e-001	  1.6791338e-001	 -1.1863653e-001	 -5.2197902e-002	
  9.1391341e-001	  6.7862254e-001	  2.2276896e-001	  2.9668703e-001	 -8.8594087e-002	  7.8995089e-001	  6.0971220e-001	  6.3922390e-001	  1.8473686e-001	  8.4937336e-001	  7.6759043e-001	
  7.2800407e-001	  7.8805324e-001	  7.1642611e-001	  1.0195263e+000	  7.7606652e-001	  8.0384978e-001	  6.7021062e-001	  5.2116247e-001	  3.6979504e-001	  8.3554464e-001	  6.9691902e-001	
 -1.4437550e+000	 -2.5651252e-001	 -9.2425795e-001	 -4.3207720e-001	 -9.9786021e-001	 -7.8062472e-001	 -2.5239035e-001	 -1.3535098e+000	 -3.6370831e-001	 -1.0313316e+000	 -9.2852336e-001	
  2.4632987e-001	  7.9302737e-001	  1.2173429e+000	  1.2328232e+000	  1.4211308e+000	  6.0926520e-001	  8.1767553e-001	  6.3227258e-002	  5.0101811e-001	  6.1428524e-001	  6.0504619e-001	
 -1.4775567e+000	 -5.9972699e-001	 -1.8019513e+000	 -1.0719677e+000	 -1.5104804e+000	 -1.2392884e+000	 -6.7966047e-001	 -1.3785531e+000	 -8.8187122e-001	 -1.6743667e+000	 -1.6423046e+000	
  2.7168115e-001	  5.2939886e-001	  1.2113366e-001	  4.2703510e-001	  4.8653629e-002	  3.5908501e-001	  5.0005880e-001	 -4.7475002e-003	  1.1744297e-001	  2.7548178e-001	  3.7183055e-001	
 -1.2409448e+000	  4.4483878e-001	  1.1520059e+000	  1.2446730e+000	  1.2838831e+000	 -2.9416325e-001	  4.6602844e-001	 -1.2461813e+000	  5.2120628e-001	 -2.3618058e-001	 -1.0166789e-001	
  1.2941825e+000	  9.3727692e-001	  1.0285917e+000	  1.1084000e+000	  1.1397730e+000	  9.7758602e-001	  8.0633208e-001	  1.3368596e+000	  3.9671259e-001	  1.0844615e+000	  9.9373894e-001	
  2.7168115e-001	  3.5530457e-001	 -8.2262265e-001	 -2.8395439e-001	 -9.0864919e-001	  5.2587180e-001	 -2.3271082e+000	  3.0650534e-001	 -2.4594401e-001	  7.4965451e-002	  1.9515203e-001	
  3.9843752e-001	  3.1551159e-001	 -1.0549319e+000	 -6.0389966e-001	 -1.1076584e+000	  4.2857951e-001	 -2.3320237e+000	  2.2779773e-001	 -4.0071994e-001	  1.6485208e-001	  3.2607788e-002	
 -3.9590239e-001	  6.5375193e-001	  1.2463816e+000	  1.2742976e+000	  1.3833877e+000	  1.9924767e-001	 -2.2858936e+000	 -5.7001128e-001	  4.6737117e-001	  1.3719466e-001	  1.7395060e-001	
 -1.1703838e-001	  4.2494229e-001	 -2.4910920e-001	  9.5240005e-002	 -4.6602531e-001	  1.9924767e-001	 -2.3077487e+000	 -3.0526749e-001	 -5.4156436e-002	  5.8218880e-003	  1.5274918e-001	
 -1.2324944e+000	 -6.1962348e-001	 -1.8121149e+000	 -1.2082407e+000	 -1.6003777e+000	 -9.1961372e-001	 -2.3009426e+000	 -1.1424303e+000	 -9.5925919e-001	 -1.5291652e+000	 -1.5504318e+000	
 -4.4660494e-001	 -5.1516690e-001	 -1.8593027e+000	 -1.4944140e+000	 -1.6641979e+000	 -5.3739399e-001	 -2.3320237e+000	 -7.6678032e-001	 -1.0517883e+000	 -1.1903618e+000	 -1.2606790e+000	
 -1.8324746e+000	 -1.1269840e+000	 -2.2710708e+000	 -1.5163362e+000	 -1.7934166e+000	 -1.9759301e+000	 -2.3320237e+000	 -1.6647627e+000	 -1.2741946e+000	 -2.6008904e+000	 -2.5398315e+000	
  7.3645450e-001	  8.3282035e-001	  9.1969670e-001	  1.0136014e+000	  9.8880048e-001	  7.8300144e-001	 -2.3061984e+000	  6.1775818e-001	  4.4045362e-001	  8.2171593e-001	  7.7465757e-001	
 -1.6296644e+000	  3.5530457e-001	  1.0866690e+000	  1.2209734e+000	  1.3250574e+000	 -5.7909069e-001	 -2.2990142e+000	 -1.4966146e+000	  5.2793567e-001	 -4.2978256e-001	 -3.4195068e-001	
 -2.0999305e-001	  5.6919184e-001	  7.9628241e-001	  9.4250248e-001	  7.3146102e-001	  2.3399492e-001	 -2.3320237e+000	 -4.4121700e-001	  3.4624218e-001	  2.6165307e-001	  2.2342059e-001	
 -9.9588253e-001	 -6.7495860e-002	 -1.0839706e+000	 -6.2759931e-001	 -1.1145208e+000	 -5.2349509e-001	 -2.2824906e+000	 -1.1245422e+000	 -4.4109627e-001	 -9.7601671e-001	 -9.9212763e-001	
 -1.8240241e+000	 -2.2169366e-001	 -9.9685459e-001	 -4.2615229e-001	 -1.0115850e+000	 -1.0447038e+000	 -2.3320237e+000	 -1.6790731e+000	 -3.5697892e-001	 -1.2595053e+000	 -1.4514918e+000	
  1.1082732e+000	  9.9696640e-001	  1.1447463e+000	  1.2387481e+000	  1.2667271e+000	  1.1304739e+000	 -2.3320237e+000	  1.2402639e+000	  4.9765342e-001	  1.0084036e+000	  1.0644103e+000	
  3.4773497e-001	  7.5820851e-001	  8.8339838e-001	  1.0491509e+000	  8.8929589e-001	  6.6486079e-001	 -2.3200753e+000	  4.2814438e-001	  4.2026545e-001	  7.1108623e-001	  6.4744904e-001	
 -1.9309220e-001	 -7.0915769e-001	 -2.0473280e+000	 -1.4387198e+000	 -1.6336602e+000	 -4.2620279e-001	 -1.4651811e-001	 -3.7681986e-001	 -1.3529284e+000	 -1.3977924e+000	 -1.2677461e+000	
 -4.7195621e-001	 -7.5889891e-001	 -8.2988232e-001	 -3.6097825e-001	 -9.0521800e-001	 -6.2078738e-001	 -1.0396654e-002	 -6.1294271e-001	 -1.3529284e+000	 -1.6259662e+000	 -1.5433646e+000	
 -1.1703838e-001	 -5.3008927e-001	  7.5272443e-001	  9.3657757e-001	  7.8292891e-001	 -3.0806215e-001	  4.8871535e-001	 -3.4819891e-001	 -1.2896722e+000	 -1.0866464e+000	 -1.2889475e+000	
 -7.8462192e-001	 -8.0366602e-001	 -6.7617599e-002	  2.1966317e-001	 -3.1848401e-001	 -8.4316977e-001	  1.0303789e-001	 -8.9915222e-001	 -1.3400416e+000	 -1.7642533e+000	 -1.8189831e+000	
  2.5478030e-001	 -4.8532217e-001	 -2.2806234e-003	  3.4408633e-001	 -7.4869315e-002	  6.7208127e-002	  4.6980959e-001	  1.2404678e-001	 -1.3240257e+000	 -8.5155829e-001	 -9.2145622e-001	
  8.2095874e-001	 -3.8086559e-001	  1.6469165e-001	  2.7298738e-001	 -1.1604363e-001	  4.9807400e-001	  5.9080644e-001	  9.1112293e-001	 -1.3421950e+000	 -3.8138206e-001	 -3.4901782e-001	
  8.8856214e-001	 -2.8138314e-001	 -1.6749072e+000	 -1.0980374e+000	 -1.4912657e+000	  5.6756850e-001	  3.2234468e-001	  8.9681246e-001	 -1.3418249e+000	 -4.2978256e-001	 -4.0555494e-001	
 -1.3393923e-001	 -6.1962348e-001	  1.2681606e+000	  1.3927958e+000	  1.5172042e+000	 -1.8992151e-001	  6.3618026e-001	 -3.1242272e-001	 -1.3529284e+000	 -1.2664197e+000	 -1.2182761e+000	
  1.0744715e+000	 -2.5153840e-001	 -2.7088819e-001	  1.5448913e-001	 -3.5622713e-001	  6.8570914e-001	  6.2105565e-001	  1.2223758e+000	 -1.3529284e+000	 -2.3618058e-001	 -3.3488353e-001	
  1.0267266e-001	 -5.5495988e-001	 -7.6454534e-001	 -3.9652773e-001	 -8.8806203e-001	 -9.9578663e-002	  1.3328710e-001	 -9.4187972e-002	 -1.3529284e+000	 -1.1004751e+000	 -1.0345305e+000	
 -2.8169490e+000	 -1.6766246e+000	  1.1592656e+000	  1.2979972e+000	  1.3936812e+000	 -3.1357932e+000	 -3.3179453e-001	 -2.1252022e+000	 -1.3251697e+000	 -3.4527391e+000	 -3.4048495e+000	
 -1.6212139e+000	 -1.3259489e+000	 -9.8233526e-001	 -5.0317615e-001	 -1.0561905e+000	 -1.9272839e+000	 -6.5319241e-001	 -1.5574341e+000	 -1.3529284e+000	 -2.4764320e+000	 -2.5893015e+000	
 -5.0575791e-001	 -8.1858839e-001	 -1.1275285e+000	 -6.3352422e-001	 -1.1625575e+000	 -6.3468628e-001	 -9.7363139e-002	 -5.3781271e-001	 -1.3529284e+000	 -1.4185355e+000	 -1.3596190e+000	
  2.6618837e-002	 -5.2511515e-001	 -6.6291005e-001	 -2.8987930e-001	 -8.5031891e-001	  4.6630807e-003	  2.7697086e-001	 -1.5480357e-002	 -1.3529284e+000	 -1.1073895e+000	 -1.0133291e+000	
  4.3519686e-002	  2.7571861e-001	  7.0916645e-001	 -1.5853614e+000	  6.3195642e-001	  2.8959051e-001	  5.7946298e-001	 -9.0610353e-002	 -3.3679075e-001	 -4.2578606e-002	  8.9144914e-002	
  5.1970111e-002	  1.0162431e-001	 -1.9103189e-001	 -1.5187061e+000	 -3.7681429e-001	  8.1107026e-002	  3.6393735e-001	 -1.6931797e-001	 -6.0260160e-001	 -3.1223850e-001	 -3.4901782e-001	
  9.7179882e-003	  1.8121027e-001	  2.7358661e-001	 -1.5744003e+000	  1.7560777e-001	  1.7144987e-001	  5.5677607e-001	 -1.2638654e-001	 -3.8053178e-001	 -1.4629395e-001	 -5.2197902e-002	
 -7.8462192e-001	 -5.0024453e-001	 -9.6781593e-001	 -1.5992850e+000	 -9.3952993e-001	 -7.4587748e-001	 -1.8432962e-001	 -9.8859269e-001	 -8.6841244e-001	 -1.1903618e+000	 -1.3172161e+000	
 -6.6335833e-002	  2.6079624e-001	  4.9863619e-001	 -1.5992850e+000	  2.7854355e-001	  2.2704547e-001	  4.5468498e-001	 -2.0509416e-001	 -3.8389647e-001	 -9.0979100e-002	 -1.9354072e-001	
 -7.7617149e-001	 -2.2728756e-002	  4.3329922e-001	 -1.5874351e+000	  3.2314906e-001	 -2.0382041e-001	  2.8075201e-001	 -7.8466842e-001	 -4.5791975e-001	 -6.0955582e-001	 -6.9530772e-001	
  9.3081426e-001	  3.8514930e-001	  1.1157076e+000	 -1.5992850e+000	  1.2838831e+000	  9.0114208e-001	  8.1011323e-001	  1.1758667e+000	 -2.3921462e-001	  7.1800059e-001	  6.3331476e-001	
  9.1391341e-001	  4.1996816e-001	  4.6233787e-001	 -1.5992850e+000	  2.6824997e-001	  7.2045639e-001	  6.5886717e-001	  9.2901103e-001	 -4.4782566e-001	  4.6216940e-001	  3.6476341e-001	
  1.1420749e+000	  5.3934711e-001	  1.2173429e+000	 -1.5992850e+000	  1.5995528e+000	  1.0748783e+000	  9.3489123e-001	  1.3261267e+000	 -2.6276748e-001	  6.5577138e-001	  7.6759043e-001	
 -7.1701852e-001	  1.6131378e-001	  1.2318623e+000	 -1.5992850e+000	  1.3387822e+000	 -2.9416325e-001	  4.8493420e-001	 -8.0971175e-001	 -2.7286156e-001	 -4.7126870e-001	 -4.1262208e-001	
  9.0546299e-001	 -2.7640901e-001	 -2.3055179e+000	 -1.4920440e+000	 -1.8011711e+000	  6.5791134e-001	  1.7109862e-001	  1.0828486e+000	 -1.3512461e+000	 -2.3618058e-001	 -3.7728638e-001	
 -5.2265876e-001	  1.5136554e-001	  1.1665253e+000	 -1.5992850e+000	  1.3868189e+000	 -2.2863689e-003	  5.9080644e-001	 -5.7001128e-001	 -2.6949687e-001	 -2.8458108e-001	 -2.5714499e-001	
  2.8858200e-001	  1.3644317e-001	 -7.5002601e-001	 -1.5992850e+000	 -9.9099782e-001	  3.2433776e-001	  3.1478238e-001	  1.5982297e-001	 -7.4728345e-001	 -2.6383801e-001	 -3.0996480e-002	
 -2.7759645e-001	  2.4089975e-001	  1.2391219e+000	 -1.5992850e+000	  1.5618097e+000	  1.0195538e-001	  6.6642947e-001	 -3.4462129e-001	 -2.3584993e-001	 -1.3937959e-001	 -1.7940644e-001	
 -1.0043330e+000	 -1.8034647e+000	  7.4546477e-001	  8.0622950e-001	  6.2166284e-001	 -1.7604971e+000	  1.0681904e-001	 -9.8859269e-001	  3.2941871e-001	 -1.1863653e-001	 -2.5007785e-001	
  9.8151681e-001	 -1.9079213e+000	 -1.3017605e+000	 -8.7644563e-001	 -1.3203923e+000	 -3.0806215e-001	  2.9965777e-001	  1.0864263e+000	 -5.9587221e-001	  2.8239614e-001	  3.5062912e-001	
  2.6323072e-001	 -1.9079213e+000	  1.2826799e+000	  1.3216969e+000	  1.5446537e+000	 -8.5706867e-001	  6.3996141e-001	  1.2046916e-001	  5.1784159e-001	  6.6268574e-001	  6.4744904e-001	
 -2.1113386e+000	 -1.8571852e+000	  8.9791771e-001	  1.1320997e+000	  9.9223168e-001	 -2.8237629e+000	 -2.1079769e-001	 -1.7649360e+000	  3.7315973e-001	 -8.0315780e-001	 -8.2251625e-001	
 -1.5929050e-001	 -1.9079213e+000	 -6.7016971e-001	 -2.8395439e-001	 -8.4002533e-001	 -1.2531873e+000	  1.2290255e-002	 -3.4104367e-001	 -2.5267340e-001	 -5.6407319e-002	 -2.1474214e-001	
  9.8996723e-001	 -1.8829014e+000	  7.8176309e-001	  9.2472775e-001	  7.1773624e-001	 -3.4975885e-001	  7.3070904e-001	  1.0828486e+000	  3.0586585e-001	  8.2863029e-001	  9.5840324e-001	
  8.8856214e-001	 -1.8626567e+000	 -9.7507560e-001	 -4.6762668e-001	 -9.5668589e-001	 -3.7060720e-001	  2.8831432e-001	  8.0021675e-001	 -3.9399056e-001	  4.4834069e-001	  3.5062912e-001	
 -1.6888173e+000	 -1.8859854e+000	  5.2767485e-001	  6.6995651e-001	  4.2951604e-001	 -2.4762904e+000	 -2.0323538e-001	 -1.5610117e+000	  2.1501910e-001	 -6.5104196e-001	 -7.1650914e-001	
 -2.3699216e+000	 -1.8646464e+000	  4.8411686e-001	  6.8773125e-001	  4.1579127e-001	 -3.0266868e+000	 -4.9438405e-001	 -1.9026743e+000	  2.6548952e-001	 -1.0105885e+000	 -9.7799335e-001	
 -2.2689390e-001	 -1.9079213e+000	  1.0794093e+000	  1.2091235e+000	  1.2152592e+000	 -1.2253895e+000	  5.1140226e-001	 -3.9828558e-001	  4.3708892e-001	  3.8611148e-001	  3.7183055e-001	
  3.9843752e-001	 -1.8581800e+000	  6.3056352e-002	  4.6850949e-001	 -6.1144544e-002	 -7.3892803e-001	  4.7359074e-001	  3.3870391e-001	  1.9146624e-001	  5.1056990e-001	  5.3437479e-001	
  1.5337521e-001	 -1.9079213e+000	  1.4278732e+000	  1.3394716e+000	  1.6064152e+000	 -1.2184400e+000	  5.7946298e-001	 -9.7765591e-002	  5.4475914e-001	  5.1748425e-001	  5.4850907e-001	
 -1.0381347e+000	 -1.9079213e+000	 -1.7039459e+000	 -1.0838176e+000	 -1.5012162e+000	 -1.8577894e+000	 -6.4941126e-001	 -1.0744555e+000	 -9.0542408e-001	 -1.3424776e+000	 -1.3454847e+000	
  4.8294176e-001	 -1.9079213e+000	 -6.0357935e-002	  1.8411369e-001	 -3.2877759e-001	 -7.3892803e-001	  3.1478238e-001	  5.2831771e-001	  9.7727544e-003	  6.0737089e-001	  6.6865046e-001	
 -2.1844347e-001	 -5.9475287e-001	  7.5998409e-001	  1.0136014e+000	  6.3538761e-001	 -4.1925334e-001	  4.3956038e-001	 -3.2315558e-001	 -1.3411856e+000	 -1.2525910e+000	 -1.2889475e+000	
 -4.7195621e-001	  1.1611124e+000	 -3.5800416e-001	 -5.2882806e-002	 -6.4101614e-001	  3.7298391e-001	  1.6731747e-001	 -5.9505461e-001	  2.0454128e+000	  9.4617434e-001	  9.7253752e-001	
  7.4490492e-001	  1.4197668e+000	 -1.0258932e+000	 -5.3872563e-001	 -1.0115850e+000	  1.0609794e+000	  4.6602844e-001	  6.6784485e-001	  2.0084011e+000	  1.4025219e+000	  1.2693574e+000	
 -4.0984559e-002	  1.0815265e+000	  4.4055888e-001	  8.1215441e-001	  4.3294723e-001	  5.1892235e-001	  5.5677607e-001	 -2.7664653e-001	  1.9680248e+000	  9.9457484e-001	  1.1068132e+000	
  4.0688794e-001	  1.3153102e+000	 -9.0973862e-001	 -2.8395439e-001	 -9.1894277e-001	  8.4554648e-001	  3.7149965e-001	  2.5999630e-001	  1.9848483e+000	  1.2296630e+000	  1.2340217e+000	
  1.0660211e+000	  1.4496116e+000	 -8.2136927e-002	  2.4928773e-001	 -2.7044731e-001	  1.3181091e+000	  6.4752371e-001	  1.3297043e+000	  2.0117658e+000	  1.6030382e+000	  1.4743045e+000	
  4.8294176e-001	  1.3501291e+000	  3.8248157e-001	  8.1807932e-001	  4.1922246e-001	  8.9419263e-001	  6.8911638e-001	  4.9969676e-001	  1.9848483e+000	  1.4578367e+000	  1.3612303e+000	
 -4.6350579e-001	  1.1461901e+000	 -1.2654622e+000	 -7.3424774e-001	 -1.1900070e+000	  4.0773116e-001	  6.5226376e-002	 -4.6983795e-001	  1.9747542e+000	  9.8074613e-001	  9.9373894e-001	
 -1.0888372e+000	  1.0168629e+000	 -3.8578943e-002	  4.0333545e-001	 -2.1211703e-001	  3.2460879e-002	  2.2025359e-001	 -1.0565674e+000	  1.9848483e+000	  7.1800059e-001	  4.9197194e-001	
  8.6321087e-001	  1.4695081e+000	  1.0661434e-001	  4.7443440e-001	  1.4341700e-002	  1.0262322e+000	  6.1727450e-001	  7.7159580e-001	  2.0117658e+000	  1.3402927e+000	  1.4601702e+000	
 -2.3048533e+000	  7.7313087e-001	  3.6796224e-001	  6.2848212e-001	  2.9913071e-001	 -8.7791702e-001	 -5.9551624e-002	 -1.9048209e+000	  1.9444719e+000	  2.6564957e-002	  1.3154776e-001	
  1.0068681e+000	  1.4147927e+000	 -2.4910920e-001	  5.3765618e-002	 -4.1112622e-001	  1.0331816e+000	  4.5846614e-001	  8.1094960e-001	  2.0454128e+000	  1.3748644e+000	  1.5944459e+000	
  5.2519388e-001	  1.3401809e+000	 -1.3295458e-001	  1.5448913e-001	 -4.0426383e-001	  9.3588933e-001	  6.3996141e-001	  4.9969676e-001	  2.0117658e+000	  1.2711491e+000	  1.3258946e+000	
 -9.8743211e-001	  1.1113712e+000	  6.2205048e-001	  8.0622950e-001	  5.1529586e-001	 -3.0084167e-002	  3.2990698e-001	 -1.1281198e+000	  2.0454128e+000	  8.2171593e-001	  7.1812045e-001	
  1.1843270e+000	  8.9250982e-001	  9.4147569e-001	  1.0787755e+000	  9.8193810e-001	  1.1235245e+000	  7.9498862e-001	  1.3583253e+000	  4.4381831e-001	  1.1190333e+000	  1.0149404e+000	
  1.1843270e+000	  7.0846728e-001	 -5.0319744e-001	 -1.7730597e-001	 -6.2386018e-001	  8.6639483e-001	  5.9836874e-001	  1.3225491e+000	 -1.9883829e-001	  7.4565801e-001	  7.7465757e-001	
  1.1674261e+000	  8.6266508e-001	  7.8176309e-001	  7.5290528e-001	  6.6969954e-001	  1.0679289e+000	  8.1389438e-001	  1.3690581e+000	  3.5297157e-001	  9.8074613e-001	  9.1600039e-001	
  1.1505253e+000	  4.8463176e-001	 -8.8795963e-001	 -5.3872563e-001	 -9.9786021e-001	  1.1096256e+000	  5.4921377e-001	  1.4048343e+000	 -3.5697892e-001	  6.4194267e-001	  5.4850907e-001	
  1.2181287e+000	 -8.7392351e-002	 -2.0959677e+000	 -1.3966529e+000	 -1.7101759e+000	  7.0655749e-001	  3.4503159e-001	  1.4048343e+000	 -1.2193501e+000	 -6.3321675e-002	 -3.0996480e-002	
  1.1758766e+000	  8.2784622e-001	  2.4454795e-001	  4.6258458e-001	  3.1497665e-002	  1.1443728e+000	  7.0424098e-001	  1.4406105e+000	  1.7800747e-001	  1.1190333e+000	  9.4426895e-001	
  1.0322194e+000	  8.8753570e-001	  1.0431110e+000	  1.2268983e+000	  1.1500665e+000	  1.1165750e+000	  8.4414359e-001	  1.2903505e+000	  4.2026545e-001	  1.1605194e+000	  1.0432089e+000	
  1.1505253e+000	  7.4826026e-001	  7.4546477e-001	  9.8990178e-001	  7.9322249e-001	  9.8453547e-001	  7.7230171e-001	  1.3619029e+000	  3.7988912e-001	  9.6000306e-001	  1.0149404e+000	
  1.1251740e+000	  6.5375193e-001	 -2.2007054e-001	  1.0708983e-001	 -3.9397025e-001	  1.0540300e+000	  6.3239911e-001	  1.4048343e+000	 -4.4062354e-002	  8.2171593e-001	  9.0186611e-001	
  1.1251740e+000	  8.2784622e-001	  8.1806141e-001	  1.1084000e+000	  9.6821333e-001	  1.2208168e+000	  8.2145668e-001	  1.3297043e+000	  4.0680668e-001	  9.7383177e-001	  1.0220075e+000	
  9.7306638e-001	  2.0110676e-001	 -1.5631084e+000	 -1.1217370e+000	 -1.4912657e+000	  7.9690033e-001	  4.1687347e-001	  1.3440148e+000	 -7.8765978e-001	  2.7548178e-001	  3.7889769e-001	
  1.0660211e+000	  8.5271684e-001	  3.8248157e-001	  4.3296001e-001	  1.4815822e-001	  1.1860695e+000	  7.5339595e-001	  1.3082386e+000	  2.5876013e-001	  9.3234563e-001	  9.9373894e-001	
  1.1336245e+000	  9.6214754e-001	  7.7450342e-001	  8.4770388e-001	  7.4861698e-001	  1.1930190e+000	  8.4414359e-001	  1.3046610e+000	  4.0007729e-001	  1.0291466e+000	  1.0997461e+000	
  1.2519304e+000	  7.1344140e-001	 -3.2896550e-001	  2.6113755e-001	 -4.5916292e-001	  1.1513223e+000	  6.1727450e-001	  1.3332820e+000	  1.9866837e-002	  8.6320207e-001	  8.7359755e-001	
