 -3.2846525e-001	  4.2044813e-001	  1.0438028e-001	  4.6517420e-001	  1.2636458e-002	  1.2856070e-001	  3.5076365e-001	 -4.6009325e-001	  1.5414724e-001	  8.6661615e-002	  8.6579970e-002	
 -1.3610068e+000	 -1.1355022e+000	 -2.2349229e+000	 -1.6159585e+000	 -1.7887461e+000	 -1.5261810e+000	 -1.0154361e+000	 -1.2560908e+000	 -1.2806320e+000	 -2.1489569e+000	 -2.0462695e+000	
 -1.4917954e+000	 -2.8413317e-001	 -9.2634029e-001	 -4.3268593e-001	 -9.9694825e-001	 -1.0934024e+000	 -4.5154757e-001	 -1.3403729e+000	 -3.2657099e-001	 -1.1190652e+000	 -1.0983364e+000	
  8.6928300e-001	  8.9995485e-001	  1.3369203e+000	  1.2976273e+000	  1.6633960e+000	  1.0004823e+000	  9.2979015e-001	  1.0944431e+000	  4.8669888e-001	  1.0035164e+000	  1.0220403e+000	
 -1.5055627e+000	  1.4644429e-001	  1.0774382e+000	  1.1905976e+000	  1.2489349e+000	 -8.3246237e-001	  2.9778084e-001	 -1.3965609e+000	  4.3072484e-001	 -4.6596318e-001	 -5.3706024e-001	
  1.1033258e+000	 -6.3951518e-002	 -2.1588803e+000	 -1.4714685e+000	 -1.7500630e+000	  8.2227935e-001	  3.9617750e-001	  1.2973444e+000	 -1.1632182e+000	  4.8982652e-002	  2.3001722e-001	
  4.9068442e-001	  6.9445197e-001	  3.7827805e-001	  3.5219842e-001	 -7.9466007e-002	  6.6316957e-001	  6.4595363e-001	  3.3590428e-001	  1.3768428e-001	  5.0113021e-001	  5.6054653e-001	
  1.1170930e+000	  7.4827415e-001	 -6.1399952e-002	  1.7381561e-001	 -3.2743418e-001	  1.1404989e+000	  7.1028991e-001	  1.1787252e+000	  4.2199158e-002	  7.5232329e-001	  8.2247541e-001	
  6.7654190e-001	  7.9720341e-001	  8.2516389e-001	  9.7059215e-001	  9.3720351e-001	  8.4137252e-001	  7.7462619e-001	  6.0123679e-001	  3.3194713e-001	  6.3928641e-001	  8.9107584e-001	
 -2.3522468e+000	 -3.7709876e-001	  1.8366648e-001	  3.8192889e-001	 -7.2381202e-002	 -1.7107484e+000	 -5.3480628e-001	 -1.8188329e+000	  1.6402501e-001	 -1.1504643e+000	 -1.2542465e+000	
 -6.5199495e-001	  2.7366036e-001	  2.3412133e-001	  3.4030623e-001	  5.1602886e-002	 -1.7056568e-001	  2.7885840e-001	 -8.0658630e-001	  1.0805097e-001	 -2.3988940e-001	 -1.7534892e-001	
  1.3962027e-001	  7.4827415e-001	  8.1795606e-001	  9.5869996e-001	  9.6908513e-001	  4.4041587e-001	  6.5730709e-001	 -1.2296489e-001	  4.1755448e-001	  3.3157487e-001	  4.1710928e-001	
 -6.5887856e-001	  3.9598350e-001	  3.9269372e-001	  6.0788044e-001	  2.9248625e-001	 -2.8512473e-001	  3.2048776e-001	 -8.6277436e-001	  2.1670646e-001	 -1.0173320e-001	 -1.2545770e-001	
  5.3198608e-001	  2.5408865e-001	 -1.4597202e+000	 -8.0134373e-001	 -1.3547309e+000	  5.3588174e-001	  3.0534981e-001	  2.7971622e-001	 -6.0644118e-001	  9.2941442e-002	 -1.3202463e-002	
 -5.1432274e-001	 -2.4988269e-001	 -1.4741358e+000	 -1.1194597e+000	 -1.4114093e+000	 -5.2060720e-001	 -2.5853874e-001	 -7.4103356e-001	 -7.9411885e-001	 -8.8671160e-001	 -9.4866277e-001	
  1.1583946e+000	  8.9995485e-001	  5.7288963e-001	  8.7545465e-001	  5.4753923e-001	  1.1277701e+000	  8.4274695e-001	  1.2411564e+000	  3.1219158e-001	  9.6583742e-001	  9.9085827e-001	
  1.1996963e+000	  9.5866996e-001	  5.5847396e-001	  6.0788044e-001	  4.3418235e-001	  1.1341345e+000	 -2.2378254e+000	  1.2567642e+000	  3.2206936e-001	  9.4071811e-001	  9.2225785e-001	
  1.1308602e+000	  8.7549022e-001	  1.1879595e-001	  3.9382107e-001	  5.5145288e-002	  1.1214057e+000	 -2.2334354e+000	  1.2317917e+000	  1.6073242e-001	  8.8419966e-001	  9.5967626e-001	
 -1.5330971e+000	 -1.4223833e-001	 -6.1640333e-001	 -2.9592578e-001	 -7.0647125e-001	 -9.3429263e-001	 -2.2225361e+000	 -1.3778316e+000	 -2.0803773e-001	 -1.0248678e+000	 -9.6737198e-001	
  8.8993383e-001	  7.1402367e-001	  5.3925426e-002	  2.9868358e-001	 -1.6094126e-001	  9.8138913e-001	 -2.1466193e+000	  1.0788353e+000	  3.8906567e-002	  8.6536018e-001	  8.0376621e-001	
 -2.2407323e+000	 -8.9574889e-001	 -1.4669280e+000	 -8.9648123e-001	 -1.3299341e+000	 -2.1244338e+000	 -2.2378254e+000	 -1.7717723e+000	 -5.6693010e-001	 -1.8726445e+000	 -1.9028323e+000	
  5.9393858e-001	  7.0913074e-001	  8.5399524e-001	  1.0300531e+000	  8.9469468e-001	  7.6499982e-001	 -2.2378254e+000	  4.5140196e-001	  3.2865454e-001	  6.7696537e-001	  6.8527457e-001	
  6.2147302e-001	  2.5898158e-001	 -1.3804340e+000	 -9.1431951e-001	 -1.3228493e+000	  4.7223783e-001	 -2.2128478e+000	  4.7013131e-001	 -6.9204854e-001	  3.6422998e-002	  1.1743145e-002	
 -1.9440487e+000	 -3.0370488e-001	 -1.4789399e-001	  9.6516396e-002	 -2.7429814e-001	 -1.4752659e+000	 -2.2154212e+000	 -1.6091391e+000	 -1.3774882e-002	 -1.2383819e+000	 -1.0921000e+000	
  6.9719274e-001	  8.2166804e-001	  1.0774382e+000	  1.1430289e+000	  1.2418501e+000	  8.4773691e-001	 -2.2378254e+000	  6.6678953e-001	  4.3731003e-001	  7.9628208e-001	  8.2247541e-001	
 -1.9767665e-001	  5.0362787e-001	  1.9087431e-001	  2.6895311e-001	 -1.4677165e-001	  1.9220461e-001	 -2.2378254e+000	 -4.0702675e-001	  1.5743983e-001	  1.4945989e-001	  3.6688753e-002	
 -1.1889166e+000	 -9.8201998e-002	 -6.8127386e-001	 -3.0781797e-001	 -7.8794650e-001	 -6.6698820e-001	 -2.2378254e+000	 -1.1624440e+000	 -2.6730436e-001	 -8.3647298e-001	 -7.9275272e-001	
  6.0082219e-001	  4.5494423e-003	 -1.8388523e+000	 -1.2978425e+000	 -1.5697547e+000	  6.1225444e-001	 -2.2378254e+000	  4.7325287e-001	 -9.0935952e-001	 -3.2655101e-002	 -1.0051209e-001	
  6.3900558e-002	  6.4552271e-001	  7.5308553e-001	  6.7923357e-001	  5.2628482e-001	  4.9133100e-001	 -2.2292724e+000	 -1.9953442e-002	  3.5499526e-001	  5.1996969e-001	  4.4829129e-001	
  6.2835663e-001	  7.2870245e-001	  5.0801910e-001	  5.9598826e-001	  4.3063995e-001	  7.5227104e-001	 -2.2171621e+000	  6.4181706e-001	  2.2658423e-001	  7.2720399e-001	  7.4763859e-001	
  8.8305022e-001	 -2.5477562e-001	  1.3321162e-001	  3.4625233e-001	 -1.0426282e-001	  6.8862713e-001	  6.9515196e-001	  8.0101656e-001	 -1.3011778e+000	 -2.5244905e-001	 -2.4394934e-001	
  1.0964422e+000	 -1.2755955e-001	  4.8639559e-001	  5.9598826e-001	  3.4916469e-001	  7.5227104e-001	  7.8219516e-001	  1.2879798e+000	 -1.2976547e+000	 -1.3815620e-002	 -5.6857278e-002	
  3.5989581e-001	 -4.8963605e-001	  5.8730530e-001	  7.4464059e-001	  5.0857281e-001	  1.6038266e-001	  6.6866055e-001	  2.3913595e-001	 -1.2917281e+000	 -6.7947730e-001	 -5.6200585e-001	
 -1.6088168e+000	 -1.3503017e+000	  8.4678740e-001	  1.0657296e+000	  9.0177948e-001	 -2.0480611e+000	 -3.9038496e-002	 -1.4371412e+000	 -1.2844844e+000	 -2.4441087e+000	 -2.4890541e+000	
  1.8780555e-001	 -4.2602802e-001	 -6.1399952e-002	  1.4408514e-001	 -2.1407730e-001	  2.6730443e-002	  4.9835864e-001	  1.1262148e-002	 -1.2777016e+000	 -7.9879402e-001	 -7.3038870e-001	
 -1.4917954e+000	 -1.2773971e+000	  5.9451314e-001	  6.9707185e-001	  4.7669118e-001	 -1.7616635e+000	 -1.3365067e-001	 -1.3653453e+000	 -1.3011778e+000	 -2.5194667e+000	 -2.3955081e+000	
  1.0551405e+000	 -1.2755955e-001	 -7.2452088e-001	 -3.8511718e-001	 -8.0565852e-001	  8.0955056e-001	  6.1189325e-001	  1.1443880e+000	 -1.3011778e+000	 -1.2685251e-001	 -1.5040331e-001	
  5.8705497e-001	 -4.9942191e-001	 -3.7372630e-003	  2.5111483e-001	 -2.3178931e-001	  3.1312805e-001	  5.7783287e-001	  4.9510378e-001	 -1.2854392e+000	 -5.7900006e-001	 -5.2458743e-001	
  8.4174856e-001	 -3.2816951e-001	 -9.8400298e-001	 -4.9214687e-001	 -9.2255780e-001	  5.9952565e-001	  5.8918633e-001	  9.0402801e-001	 -1.3011778e+000	 -1.8337095e-001	 -2.6889495e-001	
 -1.3747741e+000	 -1.2040032e+000	 -1.2506929e+000	 -7.3593670e-001	 -1.2626284e+000	 -1.7362059e+000	 -7.7322895e-001	 -1.3060357e+000	 -1.3011778e+000	 -2.3247920e+000	 -2.3705624e+000	
 -3.2469991e-002	 -6.1685212e-001	 -1.1858224e+000	 -5.9323046e-001	 -1.0677963e+000	 -2.4057399e-001	  1.2747893e-001	 -3.4147401e-001	 -1.3011778e+000	 -1.1065055e+000	 -1.1544640e+000	
 -5.8315884e-001	 -7.2449649e-001	  1.3008811e+000	  1.2560046e+000	  1.4366823e+000	 -6.3516624e-001	  4.7565172e-001	 -7.3791200e-001	 -1.2672641e+000	 -1.4832952e+000	 -1.4413385e+000	
 -7.4836550e-001	 -8.4192671e-001	  3.3503104e-001	  6.1382654e-001	  2.6414703e-001	 -8.5791994e-001	  1.5397034e-001	 -8.9086839e-001	 -1.2491549e+000	 -1.7219286e+000	 -1.5037026e+000	
 -2.1140738e+000	 -1.6022874e+000	  7.9633255e-001	  8.3977809e-001	  6.5381131e-001	 -2.6717714e+000	 -4.5154757e-001	 -1.6956063e+000	 -1.3011778e+000	 -2.7957791e+000	 -2.9898372e+000	
 -1.2302182e+000	 -2.6945440e-001	  4.5756425e-001	 -1.5871200e+000	  2.3935022e-001	 -9.5338580e-001	  1.2747893e-001	 -1.2279968e+000	 -3.5291171e-001	 -1.0562669e+000	 -9.6113558e-001	
 -2.3209470e-001	  2.3940988e-001	  1.3585438e+000	 -1.5921147e+000	  1.6244296e+000	  5.2188008e-002	  6.9515196e-001	 -4.6321481e-001	 -2.1791550e-001	 -2.0221043e-001	 -8.1802886e-002	
 -3.6976691e-001	  9.2622105e-002	  6.5938366e-001	 -1.6159585e+000	  5.9359047e-001	 -6.2371034e-002	  4.0374647e-001	 -5.4437535e-001	 -3.4303394e-001	 -3.7804560e-001	 -3.6867738e-001	
 -1.2026838e+000	 -1.0131791e+000	 -2.1415815e+000	 -1.5702926e+000	 -1.7316425e+000	 -1.3288849e+000	 -7.6944447e-001	 -1.1780518e+000	 -1.2346675e+000	 -1.9480024e+000	 -2.0525059e+000	
 -7.8966716e-001	 -1.9606051e-001	 -2.3438802e-001	 -1.5889633e+000	 -3.5577340e-001	 -5.1424281e-001	  1.7728807e-002	 -9.0647618e-001	 -5.6693010e-001	 -8.4903263e-001	 -7.6780711e-001	
 -8.6538688e-001	 -1.2266663e-001	  4.9360343e-001	 -1.6159585e+000	  3.7396151e-001	 -4.6332768e-001	  2.8642738e-001	 -1.0219739e+000	 -4.0888575e-001	 -9.3067039e-001	 -8.0522553e-001	
 -7.7589994e-001	 -2.2541807e-001	 -5.2990930e-001	 -1.6159585e+000	 -8.7296416e-001	 -5.7788672e-001	 -7.3098878e-002	 -8.4404500e-001	 -6.5583004e-001	 -9.1811073e-001	 -9.0500796e-001	
  9.8318611e-002	  2.4430280e-001	  9.7652845e-001	 -1.6159585e+000	  1.1780869e+000	  2.1129779e-001	  6.1946222e-001	 -1.0735709e-001	 -3.5620430e-001	  7.4101961e-002	 -1.6911252e-001	
  8.2109773e-001	  2.2473110e-001	 -5.8036415e-001	 -1.6048394e+000	 -7.7023449e-001	  8.0955056e-001	  5.8918633e-001	  7.7292253e-001	 -6.8217077e-001	  2.0597833e-001	  2.6119923e-001	
 -8.1031799e-001	 -4.4559972e-001	 -1.0056265e+000	 -1.6159585e+000	 -1.0111179e+000	 -6.0334429e-001	 -1.2986618e-001	 -8.9398995e-001	 -8.2045957e-001	 -1.0248678e+000	 -1.0983364e+000	
  8.8305022e-001	  3.1769669e-001	 -9.3354812e-001	 -1.5166588e+000	 -1.0004907e+000	  8.6683008e-001	  4.8700518e-001	  9.1651424e-001	 -7.0192631e-001	  3.4413453e-001	  4.0463648e-001	
  5.9393858e-001	  1.5133721e-001	 -6.5965035e-001	 -1.6159585e+000	 -7.9857371e-001	  5.8043248e-001	  4.6051377e-001	  5.3568405e-001	 -6.7558559e-001	  1.6829937e-001	  2.1130801e-001	
 -5.8315884e-001	  2.9014071e-002	  9.1886576e-001	 -1.6007366e+000	  1.1355780e+000	 -3.8695499e-001	  4.3780685e-001	 -8.0658630e-001	 -3.1669321e-001	 -5.6016058e-001	 -4.8093262e-001	
 -1.0099427e+000	 -2.2052514e-001	  3.6386238e-001	 -1.6159585e+000	  1.5787496e-001	 -5.1424281e-001	  1.9181520e-001	 -1.0157307e+000	 -4.4181166e-001	 -7.8623436e-001	 -9.1124436e-001	
  7.6602884e-001	 -1.8205118e+000	  6.0172097e-001	  6.1977263e-001	  3.7041911e-001	 -3.6786181e-001	  6.5352261e-001	  7.3858538e-001	  3.0231381e-001	  8.5908036e-001	  8.1623901e-001	
 -2.3897831e-001	 -1.8205118e+000	 -2.2525821e+000	 -1.4922798e+000	 -1.7419155e+000	 -1.3416137e+000	 -5.0074590e-001	 -4.9443040e-001	 -1.1925223e+000	 -1.1002257e+000	 -1.0110268e+000	
 -7.8966716e-001	 -1.7973683e+000	  1.1783479e+000	  1.2322203e+000	  1.3410374e+000	 -1.7489347e+000	  3.8103955e-001	 -8.9086839e-001	  5.4596551e-001	  8.0381788e-002	  5.5397960e-002	
 -1.6225840e+000	 -1.8205118e+000	 -1.4020575e+000	 -9.0837342e-001	 -1.3441037e+000	 -2.4872041e+000	 -1.1100483e+000	 -1.4152903e+000	 -6.1302636e-001	 -1.3953776e+000	 -1.4538113e+000	
  9.3811911e-001	 -1.7876314e+000	  7.2425419e-001	  7.3869450e-001	  5.2982722e-001	  1.2856070e-001	  7.5191927e-001	  1.1693605e+000	  3.0231381e-001	  9.9723655e-001	  1.0095675e+000	
 -2.5274553e-001	 -1.8205118e+000	 -8.0380707e-001	 -3.4944062e-001	 -8.3045533e-001	 -1.1443175e+000	  4.0435729e-002	 -3.9454052e-001	 -2.8047472e-001	 -1.2057268e-001	 -2.5642214e-001	
  2.4287443e-001	 -1.8205118e+000	 -1.1497832e+000	 -7.4188280e-001	 -1.1953228e+000	 -8.9610628e-001	  4.0435729e-002	 -1.6831883e-002	 -4.9120051e-001	 -8.9173546e-002	 -1.4416691e-001	
  8.6928300e-001	 -1.8205118e+000	 -3.7854474e-001	 -2.8351569e-002	 -5.4352073e-001	 -2.1511642e-001	  4.8322070e-001	  7.9477344e-001	 -2.0360063e-002	  7.2720399e-001	  6.6032896e-001	
  5.5263691e-001	 -1.8205118e+000	  4.1431723e-001	  6.6139528e-001	  3.0665586e-001	 -5.2060720e-001	  6.3460017e-001	  4.0770013e-001	  2.3975459e-001	  6.8324520e-001	  5.9172854e-001	
 -5.8315884e-001	 -1.7899311e+000	 -1.2939399e+000	 -8.3107420e-001	 -1.3086797e+000	 -1.6216469e+000	 -4.0234924e-001	 -7.1918265e-001	 -5.8997823e-001	 -7.7995453e-001	 -7.3662510e-001	
 -2.1144387e-001	 -1.8205118e+000	 -5.9477983e-001	 -1.4132735e-001	 -6.7458962e-001	 -1.2525122e+000	  2.5908597e-003	 -3.8205428e-001	 -1.8169700e-001	 -2.0095447e-002	 -2.2524013e-001	
  9.1746828e-001	 -1.7727569e+000	 -5.2990930e-001	 -1.0565079e-001	 -5.6477515e-001	 -2.4057399e-001	  5.3620351e-001	  1.0164041e+000	 -8.6211874e-002	  6.7068554e-001	  6.0420134e-001	
 -6.6576217e-001	 -1.7820535e+000	  1.1855557e+000	  1.2381664e+000	  1.4579367e+000	 -1.4370795e+000	  4.0753096e-001	 -7.2542576e-001	  4.8669888e-001	  3.0143170e-002	 -5.0620876e-002	
 -3.9353602e-002	 -1.8205118e+000	  7.0983851e-001	  8.3383200e-001	  5.8296326e-001	 -9.6611459e-001	  4.5294480e-001	 -1.9476074e-001	  3.3523972e-001	  4.1321263e-001	  2.3001722e-001	
  7.7291245e-001	  1.3941403e+000	 -9.7679514e-001	 -5.5160780e-001	 -1.0536267e+000	  1.1404989e+000	  5.0971210e-001	  8.9154177e-001	  2.0243387e+000	  1.3928657e+000	  1.3026784e+000	
 -6.1069328e-001	  1.1494941e+000	 -7.5815624e-002	  2.5706092e-001	 -2.3887412e-001	  2.8767048e-001	  2.7885840e-001	 -6.7235926e-001	  2.0243387e+000	  8.0256191e-001	  8.7236663e-001	
 -2.3897831e-001	  1.2375667e+000	 -7.6056006e-001	 -2.8997969e-001	 -8.5170975e-001	  3.8313635e-001	  1.8046174e-001	 -5.3188911e-001	  1.9683646e+000	  7.8372243e-001	  8.7236663e-001	
 -4.2483580e-001	  1.2277809e+000	  3.4223887e-001	  6.0193435e-001	  2.1101100e-001	  3.8313635e-001	  3.8103955e-001	 -5.6310470e-001	  2.0243387e+000	  8.9675932e-001	  8.9107584e-001	
 -3.2469991e-002	  1.2620314e+000	 -1.4236810e+000	 -8.9648123e-001	 -1.3582733e+000	  5.3588174e-001	  2.0316867e-001	 -1.6354515e-001	  1.9090980e+000	  1.0725945e+000	  1.0282767e+000	
 -2.3136986e+000	  7.1402367e-001	  9.4769711e-001	  8.8140075e-001	  8.1321942e-001	 -9.5338580e-001	  1.3944320e-002	 -1.7911572e+000	  1.9914128e+000	  5.5262479e-002	 -1.9438865e-002	
  8.8993383e-001	  1.4088191e+000	  1.0918538e+000	  9.4086168e-001	  1.2064261e+000	  1.0832194e+000	  8.4653144e-001	  8.6344774e-001	  1.9584869e+000	  1.5247420e+000	  1.3463332e+000	
 -5.4874079e-001	  1.1103507e+000	  1.3080889e+000	  1.3630343e+000	  1.6775656e+000	  3.5131440e-001	  5.8161736e-001	 -6.3802211e-001	  2.0572646e+000	  8.7164001e-001	  9.0978504e-001	
 -1.2233346e+000	  9.7824166e-001	  4.2152507e-001	  5.9598826e-001	  3.9521593e-001	 -2.9785351e-001	  2.2209110e-001	 -1.2123890e+000	  1.9848276e+000	  4.3205211e-001	  5.5431013e-001	
  3.8743026e-001	  1.2767101e+000	  5.2243477e-001	  5.3058123e-001	  1.6495977e-001	  8.4773691e-001	  5.7026389e-001	  1.6421854e-001	  1.9288536e+000	  1.2044709e+000	  1.2590236e+000	
 -8.0343438e-001	  1.0809931e+000	  4.4314858e-001	  6.9112575e-001	  3.1019827e-001	  1.2728782e-003	  3.2427225e-001	 -9.1584086e-001	  2.0243387e+000	  6.2672675e-001	  6.0420134e-001	
  9.9318799e-001	  1.4773201e+000	  1.1783479e+000	  1.1549211e+000	  1.3410374e+000	  1.2296004e+000	  9.6385053e-001	  1.1069293e+000	  2.0572646e+000	  1.6063798e+000	  1.5521345e+000	
  1.5338750e-001	  1.3207465e+000	  1.3441281e+000	  1.3214117e+000	  1.5287847e+000	  6.8226274e-001	  6.9515196e-001	 -6.0533708e-002	  1.9683646e+000	  1.0160760e+000	  1.2403144e+000	
 -7.4148189e-001	  1.0858860e+000	  9.5490494e-001	  1.0954601e+000	  1.0966116e+000	  2.0366052e-002	  4.6429826e-001	 -8.8462527e-001	  1.9617795e+000	  5.8276796e-001	  6.5409256e-001	
  1.0895585e+000	  9.7824166e-001	  1.3080889e+000	  1.3035734e+000	  1.5606663e+000	  1.1150413e+000	  9.8655745e-001	  1.2536426e+000	  5.1303961e-001	  1.0537550e+000	  1.0345131e+000	
  1.0620241e+000	  2.1005232e-001	 -1.8309237e+000	 -1.2300571e+000	 -1.5640869e+000	  8.6046569e-001	  4.5672929e-001	  1.2879798e+000	 -9.0606693e-001	  2.5621695e-001	  2.5496283e-001	
  1.1721619e+000	  1.0271709e+000	  1.1278930e+000	  1.2916812e+000	  1.3587494e+000	  1.2041428e+000	  9.4114361e-001	  1.3004660e+000	  5.9206178e-001	  1.0663147e+000	  1.1467683e+000	
  1.2341144e+000	  1.0027063e+000	  1.1206852e+000	  1.2857351e+000	  1.3870886e+000	  1.0577618e+000	  9.7898848e-001	  1.3004660e+000	  5.2291738e-001	  1.1353928e+000	  1.0906407e+000	
  1.2203471e+000	  9.4399118e-001	  7.5308553e-001	  9.7059215e-001	  8.0613462e-001	  1.0832194e+000	  9.0329874e-001	  1.2911013e+000	  3.1219158e-001	  9.7839707e-001	  9.7838547e-001	
  1.1721619e+000	  8.5102559e-001	  2.5094082e-002	  3.5814451e-001	 -1.0072042e-001	  1.1341345e+000	  7.8976413e-001	  1.3628972e+000	  1.0146579e-001	  8.8419966e-001	  8.7236663e-001	
  1.1996963e+000	  2.9812499e-001	 -1.5390064e+000	 -1.0403767e+000	 -1.4043245e+000	  9.4956717e-001	  4.9457416e-001	  1.2473995e+000	 -7.0521890e-001	  3.9437315e-001	  4.2958208e-001	
  1.1446274e+000	  1.0027063e+000	  1.1639322e+000	  1.1370828e+000	  1.3906310e+000	  1.2232360e+000	  1.0281868e+000	  1.2786151e+000	  4.8669888e-001	  1.1542322e+000	  1.0407495e+000	
  1.0826749e+000	  9.4888410e-001	  1.1639322e+000	  1.2441125e+000	  1.4898183e+000	  1.1850496e+000	  9.7898848e-001	  1.2193055e+000	  4.6035816e-001	  1.0474752e+000	  9.2849425e-001	
  1.1170930e+000	  1.0124921e+000	  9.2607360e-001	  9.8248434e-001	  1.0718148e+000	  1.1659565e+000	  9.2600566e-001	  1.3316816e+000	  4.5048039e-001	  1.0788743e+000	  1.1342955e+000	
  1.0482569e+000	  8.2656096e-001	  5.6568179e-001	  5.8409607e-001	  4.6960638e-001	  1.0704906e+000	  7.9354862e-001	  1.2598857e+000	  2.5292495e-001	  1.0035164e+000	  9.7214906e-001	
  1.0413733e+000	  8.8038314e-001	  6.5938366e-001	  9.3491559e-001	  6.0421767e-001	  1.1404989e+000	  8.2382452e-001	  1.2786151e+000	  3.7475080e-001	  9.7211725e-001	  1.1155863e+000	
  1.1515110e+000	  5.9659345e-001	 -1.0704970e+000	 -6.0512264e-001	 -1.1032203e+000	  1.0577618e+000	  5.9297082e-001	  1.3316816e+000	 -3.7595984e-001	  7.6488295e-001	  7.6634780e-001	
  9.9318799e-001	  1.2687259e-001	 -1.7040658e+000	 -1.1890290e+000	 -1.5640869e+000	  9.2410961e-001	  4.6429826e-001	  1.3004660e+000	 -8.8301879e-001	  3.7553366e-001	  2.7990843e-001	
