 -3.8430307e-001	  5.9266383e-001	  1.4864497e+000	  1.4898817e+000	  1.7706789e+000	  1.6027804e-001	  6.5185069e-001	 -5.2354075e-001	  5.1854951e-001	  2.2049062e-001	  2.6768745e-001	
 -1.8609453e+000	 -3.5592291e-001	 -3.4809401e-001	  8.7675896e-002	 -5.0069084e-001	 -1.5195781e+000	 -6.2177556e-001	 -1.5451567e+000	 -3.9946872e-002	 -1.2503263e+000	 -1.2686641e+000	
  8.3633507e-001	  4.6307548e-001	 -1.0733787e+000	 -6.0439992e-001	 -1.0938289e+000	  8.9809720e-001	  5.1076035e-001	  8.7831788e-001	 -5.0145885e-001	  4.5793191e-001	  3.9515767e-001	
  1.2850021e+000	  6.3943351e-002	 -1.7247129e+000	 -1.0286725e+000	 -1.4709949e+000	  9.8373692e-001	  4.9550734e-001	  1.3975248e+000	 -9.4290509e-001	  4.1835837e-001	  4.1528455e-001	
 -4.3048938e-001	  2.2463291e-001	 -4.6186417e-001	 -1.1091977e-001	 -6.2978559e-001	 -3.7352095e-002	  7.6049596e-002	 -6.5181539e-001	 -1.6702988e-001	 -3.0056110e-001	 -3.8308154e-001	
 -2.9193046e-001	  2.1944938e-001	 -3.2676211e-001	 -2.5948631e-003	 -5.3907036e-001	 -2.4176753e-002	  1.7138090e-001	 -4.4718679e-001	 -1.2355411e-001	 -1.0928895e-001	 -1.2143215e-001	
  6.7798201e-001	  6.2894857e-001	 -2.0588132e-001	  1.2378420e-001	 -3.9601943e-001	  9.9691227e-001	  5.6033263e-001	  6.7979759e-001	 -8.6766927e-002	  7.4154235e-001	  6.5009810e-001	
 -1.0058718e-001	  7.5335339e-001	  1.3086839e+000	  1.4537734e+000	  1.6136718e+000	  3.3814516e-001	  7.1667597e-001	 -2.5172067e-001	  5.4864812e-001	  4.7771869e-001	  4.7566517e-001	
 -1.4980529e+000	  1.0022809e-001	  8.9626706e-001	  9.4825713e-001	  8.0072379e-001	 -8.4104797e-001	  8.7489353e-002	 -1.2996024e+000	  3.5133502e-001	 -7.0289218e-001	 -6.9169365e-001	
  1.2388157e+000	  9.6069476e-001	  9.1759896e-001	  1.1348167e+000	  1.0100666e+000	  1.2933575e+000	  9.6072412e-001	  1.4280664e+000	  4.4497514e-001	  1.2164249e+000	  1.1331431e+000	
  1.7653067e-001	  7.0670158e-001	  5.6206723e-001	  7.3160731e-001	  4.4833001e-001	  4.8307392e-001	  6.4422418e-001	  3.2316048e-002	  2.4766204e-001	  4.1835837e-001	  4.3541142e-001	
 -1.1958625e+000	  2.7646825e-001	  6.1184167e-001	  8.3391417e-001	  5.5649048e-001	 -8.5422331e-001	  9.1302605e-002	 -1.1924014e+000	  3.0785926e-001	 -5.1821562e-001	 -5.5080551e-001	
 -1.3674116e+000	  1.9353170e-001	  8.7493516e-001	  1.0686181e+000	  9.2981854e-001	 -7.5540824e-001	  1.1036887e-001	 -1.2046180e+000	  3.4464644e-001	 -5.6438476e-001	 -4.9042488e-001	
  9.6829595e-001	  3.5940480e-001	 -1.2511446e+000	 -7.1272483e-001	 -1.1915222e+000	  9.9691227e-001	  5.3363987e-001	  1.0340799e+000	 -5.8841038e-001	  4.8431428e-001	  3.9515767e-001	
  7.3076636e-001	  8.1555580e-001	  4.9096088e-001	  7.5567951e-001	  3.8203812e-001	  8.3880816e-001	  6.3659768e-001	  5.5763126e-001	  2.5435062e-001	  7.8111590e-001	  8.1782207e-001	
  1.2586099e+000	  1.0902831e+000	  1.2944626e+000	  1.4236831e+000	  1.4287523e+000	  1.3065328e+000	  9.7597713e-001	  1.4433371e+000	  5.8209101e-001	  1.3285500e+000	  1.2471954e+000	
 -1.5904255e+000	  6.3943351e-002	  8.9626706e-001	  9.6029323e-001	  8.4608140e-001	 -1.1572562e+000	 -2.2157150e+000	 -1.3521339e+000	  3.4799073e-001	 -7.2927455e-001	 -7.5878323e-001	
 -2.7873437e-001	  6.7560038e-001	  1.3655689e+000	  1.3935929e+000	  1.6241389e+000	  1.6686571e-001	 -2.1831498e+000	 -4.5634927e-001	  5.3527096e-001	  3.8538041e-001	  3.6832183e-001	
 -1.0441075e+000	 -1.3809661e-002	 -2.7698766e-001	  3.9531491e-002	 -4.2044276e-001	 -5.3142743e-001	 -2.2157150e+000	 -9.9082696e-001	 -8.0078348e-002	 -7.4246573e-001	 -6.6485781e-001	
  5.9880548e-001	 -3.4425924e-003	 -1.7360899e+000	 -1.0449212e+000	 -1.4657613e+000	  4.3696022e-001	 -2.2157150e+000	  3.6827345e-001	 -9.2618364e-001	 -1.6864927e-001	 -1.6168591e-001	
 -1.4135979e+000	  2.9201885e-001	  1.1593605e+000	  1.2551777e+000	  1.3205918e+000	 -7.0929455e-001	 -2.2016441e+000	 -1.2259971e+000	  4.5166371e-001	 -4.5885530e-001	 -4.2333530e-001	
  1.5013849e-001	  4.0087307e-001	 -4.7608543e-001	 -1.7110028e-001	 -6.7863225e-001	  4.3037255e-001	 -2.2157150e+000	 -5.3200382e-002	 -1.7371846e-001	  2.6006417e-001	  1.2679932e-001	
 -1.5376412e+000	  1.2614576e-001	  4.8385025e-001	  6.2328240e-001	  2.2154194e-001	 -8.7398632e-001	 -2.2157150e+000	 -1.2809720e+000	  3.1789213e-001	 -6.6331863e-001	 -7.0511156e-001	
 -1.9790503e+000	 -9.1562673e-002	  9.6737341e-001	  1.2070333e+000	  1.0205338e+000	 -1.3746493e+000	 -2.1998137e+000	 -1.5158368e+000	  4.0149937e-001	 -7.4906132e-001	 -8.1245490e-001	
 -1.7039119e+000	 -1.1075354e+000	 -1.5960104e+000	 -1.1279703e+000	 -1.4629701e+000	 -1.9938904e+000	 -2.1421192e+000	 -1.4498669e+000	 -9.3287222e-001	 -2.2594518e+000	 -2.3420975e+000	
 -9.4513681e-001	  3.0756946e-001	  5.0518215e-001	  8.5798637e-001	  5.0066572e-001	 -5.9730414e-001	 -2.1524150e+000	 -1.0458018e+000	  2.8444923e-001	 -4.1928175e-001	 -3.3611883e-001	
  1.5673653e-001	 -4.2330886e-001	 -2.0603348e+000	 -1.3644797e+000	 -1.5645014e+000	  8.7616025e-003	 -2.2157150e+000	 -4.7092066e-002	 -1.2030908e+000	 -9.1395111e-001	 -9.2650720e-001	
  5.8560939e-001	 -1.9523336e-001	 -1.8519932e+000	 -1.4005880e+000	 -1.6234663e+000	  4.5672324e-001	 -2.2157150e+000	  3.7438177e-001	 -1.0980801e+000	 -4.1268616e-001	 -4.0320842e-001	
  1.9632480e-001	  6.8078391e-001	  7.6116500e-001	  9.2418493e-001	  8.1119093e-001	  5.1601228e-001	 -2.2033982e+000	 -4.7092066e-002	  3.1120355e-001	  4.0516718e-001	  3.9515767e-001	
  3.6127590e-001	  8.3628994e-001	  1.2162456e+000	  1.3033221e+000	  1.3833947e+000	  7.7951912e-001	 -2.2076309e+000	  2.2472802e-001	  4.4163085e-001	  7.3494676e-001	  6.5009810e-001	
 -1.8636175e-001	 -6.8248556e-001	  1.0811436e+000	  1.3273943e+000	  1.2787233e+000	 -5.5777811e-001	  5.1838686e-001	 -4.3802432e-001	 -1.3123822e+000	 -1.3228778e+000	 -1.3961343e+000	
 -1.2948331e+000	 -1.3096932e+000	  2.4208867e-001	  4.9690334e-001	 -1.2224226e-002	 -1.8884877e+000	 -2.0994432e-001	 -1.2015639e+000	 -1.3241541e+000	 -2.5232754e+000	 -2.5366573e+000	
 -1.1826664e+000	 -1.3096932e+000	 -3.1254084e-001	  1.7794666e-001	 -5.1115799e-001	 -1.6447438e+000	 -4.8449848e-001	 -1.1679681e+000	 -1.3241541e+000	 -2.4243415e+000	 -2.3689333e+000	
 -2.9193046e-001	 -8.0170685e-001	 -6.7835455e-003	  2.5618131e-001	 -2.4599039e-001	 -6.0389181e-001	  2.5145920e-001	 -4.3802432e-001	 -1.3241541e+000	 -1.4218116e+000	 -1.4296791e+000	
  5.4602113e-001	 -3.7665705e-001	 -1.4075786e+000	 -8.7521220e-001	 -1.2927046e+000	  4.3696022e-001	  2.9340497e-001	  3.4078603e-001	 -1.2981021e+000	 -5.9076713e-001	 -6.0447718e-001	
  7.3736441e-001	 -2.9372050e-001	  2.6342057e-001	  5.2699359e-001	  1.0291433e-001	  5.8847666e-001	  7.2811573e-001	  7.7753065e-001	 -1.3241541e+000	 -3.2034788e-001	 -3.7637258e-001	
 -1.6165208e-003	 -5.8399842e-001	  1.4437859e+000	  1.4357192e+000	  1.6834527e+000	 -2.8768360e-001	  6.6329044e-001	 -2.9753304e-001	 -1.3074996e+000	 -1.1184144e+000	 -1.2820820e+000	
 -1.0573036e+000	 -1.2474908e+000	 -3.3387274e-001	  3.3513441e-002	 -5.6000465e-001	 -1.5327534e+000	 -3.8154067e-001	 -1.0824517e+000	 -1.3241541e+000	 -2.3320033e+000	 -2.3689333e+000	
 -3.7110698e-001	 -8.2244099e-001	 -3.4809401e-001	 -2.6667065e-002	 -5.2511417e-001	 -4.7872606e-001	  2.2095318e-001	 -4.8383669e-001	 -1.3142550e+000	 -1.3492601e+000	 -1.4296791e+000	
  1.2322177e+000	 -1.3821448e-001	  8.8915642e-001	  1.1528709e+000	  1.0903147e+000	  1.0496136e+000	  9.5691087e-001	  1.3822540e+000	 -1.2956608e+000	  6.2196427e-002	  4.6291815e-002	
  4.4569787e-002	 -5.7881488e-001	 -1.1942595e+000	 -7.1272483e-001	 -1.1496536e+000	 -2.0204387e-001	  7.6049596e-002	 -2.0285413e-001	 -1.3098071e+000	 -1.1975615e+000	 -1.2082835e+000	
  1.0606686e+000	 -1.5894862e-001	 -1.1871489e+000	 -6.5856238e-001	 -1.1531427e+000	  8.3880816e-001	  5.3363987e-001	  1.0646215e+000	 -1.2683045e+000	 -6.3119810e-002	 -6.7760483e-002	
 -1.2684410e+000	 -1.3843361e+000	 -1.1302638e+000	 -6.4050823e-001	 -1.1356974e+000	 -1.9082507e+000	 -8.3913094e-001	 -1.1404807e+000	 -1.3241541e+000	 -2.3188121e+000	 -2.2884258e+000	
 -1.0718522e-001	 -7.6542211e-001	  1.3015732e+000	  1.2611958e+000	  1.4810880e+000	 -3.0744661e-001	  6.1371816e-001	 -2.5477482e-001	 -1.3046904e+000	 -1.1316056e+000	 -1.1076491e+000	
  6.8458005e-001	  3.0756946e-001	  1.9942486e-001	 -1.5131256e+000	  6.1045767e-002	  8.3222049e-001	  7.7387476e-001	  6.3703938e-001	 -5.0480314e-001	  2.7325535e-001	  2.3414266e-001	
  5.7765875e-002	  1.6761403e-001	  3.7719073e-001	 -1.5131256e+000	  3.9599430e-001	  8.7813656e-002	  4.3449531e-001	 -2.7004562e-001	 -4.4126164e-001	 -1.6205368e-001	 -2.4890237e-001	
 -4.7667569e-001	  7.4310420e-002	  7.1139056e-001	 -1.4552921e+000	  6.0184809e-001	 -3.2720962e-001	  4.5356157e-001	 -6.5181539e-001	 -3.1417863e-001	 -4.2587734e-001	 -4.7700697e-001	
  1.0936588e+000	  5.0972729e-001	  5.6206723e-001	 -1.5131256e+000	  3.4016955e-001	  1.0825520e+000	  8.3870005e-001	  1.1562463e+000	 -4.0113016e-001	  5.3707901e-001	  6.8364289e-001	
  6.7798201e-001	  4.5789195e-001	  1.3655689e+000	 -1.5131256e+000	  1.5090004e+000	  6.8070405e-001	  9.1877834e-001	  5.1792721e-001	 -2.2388281e-001	  4.3154955e-001	  4.7566517e-001	
  6.7138397e-001	  3.3867066e-001	  1.8520359e-001	 -1.4475288e+000	  3.3133388e-002	  7.9928213e-001	  6.5947719e-001	  7.0728501e-001	 -5.1818030e-001	  3.4580686e-001	  2.8781433e-001	
 -7.0760723e-001	 -2.9360263e-002	  1.0455904e+000	 -1.5116933e+000	  1.2194095e+000	 -4.3261236e-001	  4.1542905e-001	 -7.8925251e-001	 -3.2755579e-001	 -6.8310541e-001	 -6.1118614e-001	
  4.3385438e-001	  3.9568954e-001	  1.3584583e+000	 -1.5131256e+000	  1.4985332e+000	  4.6989858e-001	  7.8531451e-001	  2.6137791e-001	 -2.0381707e-001	  2.8644654e-001	  3.8173975e-001	
 -1.0639016e+000	 -2.0560042e-001	  4.9096088e-001	 -1.4699761e+000	  4.0646145e-001	 -7.7517126e-001	  1.4468814e-001	 -1.0793975e+000	 -3.7437584e-001	 -9.9969380e-001	 -9.6676095e-001	
 -1.1958625e+000	 -1.3821448e-001	  1.2020244e+000	 -1.5131256e+000	  1.2787233e+000	 -8.3446030e-001	  3.0865798e-001	 -1.1404807e+000	 -2.6401428e-001	 -9.4033347e-001	 -9.7346991e-001	
  5.2622700e-001	 -3.4425924e-003	 -9.3116605e-001	 -1.5131256e+000	 -9.9264651e-001	  5.4895063e-001	  4.0017604e-001	  4.8433146e-001	 -8.5929785e-001	 -1.0269336e-001	 -7.3798546e-003	
 -8.1317593e-001	 -1.9004982e-001	  1.2120788e-001	 -1.5131256e+000	 -4.0136604e-002	 -7.8175893e-001	  1.5037560e-002	 -9.3890627e-001	 -4.7470453e-001	 -9.4692906e-001	 -9.5334304e-001	
  8.4293311e-001	  4.0605660e-001	 -1.1344307e-001	 -1.4198458e+000	 -3.7857419e-001	  8.9150953e-001	  6.4041093e-001	  7.2866412e-001	 -5.0480314e-001	  2.7325535e-001	  3.6161288e-001	
 -1.6148383e+000	 -7.3432091e-001	  3.2708920e-004	 -1.5131256e+000	 -2.2854516e-001	 -1.6974452e+000	 -4.6161897e-001	 -1.4003896e+000	 -5.9509896e-001	 -1.6526573e+000	 -1.6510747e+000	
  1.0804627e+000	 -1.9006161e+000	  3.7008009e-001	  7.3160731e-001	  2.7038860e-001	 -2.4176753e-002	  7.3192898e-001	  1.2051128e+000	  2.1087486e-001	  1.0581307e+000	  9.8554604e-001	
  9.6169790e-001	 -1.9006161e+000	  9.3182023e-001	  1.0505640e+000	  9.7168710e-001	 -1.8228086e-001	  7.6624825e-001	  1.0249175e+000	  3.9481079e-001	  1.0977043e+000	  1.0995983e+000	
 -6.0863657e-001	 -1.8937738e+000	 -1.0093830e+000	 -4.2385841e-001	 -1.0310260e+000	 -1.6513315e+000	 -4.0060693e-001	 -7.0373608e-001	 -4.4126164e-001	 -6.9629659e-001	 -7.7220115e-001	
  4.4569787e-002	 -1.9006161e+000	 -2.0681565e+000	 -1.5131256e+000	 -1.6937357e+000	 -9.5962605e-001	 -3.4340815e-001	 -1.6925839e-001	 -1.2800095e+000	 -1.0722453e+000	 -9.6005199e-001	
 -1.3476175e+000	 -1.9006161e+000	 -1.8811468e+000	 -1.2501368e+000	 -1.5624079e+000	 -2.3364493e+000	 -1.2662152e+000	 -1.2168347e+000	 -1.0469125e+000	 -2.1011576e+000	 -2.0536123e+000	
  8.8252137e-001	 -1.8634501e+000	  6.9005865e-001	  7.3762536e-001	  4.7275334e-001	 -2.1521921e-001	  7.3574223e-001	  9.3329272e-001	  2.9782639e-001	  9.2621891e-001	  9.2516541e-001	
  8.9571746e-001	 -1.9006161e+000	 -1.6244529e+000	 -9.7571365e-001	 -1.3757439e+000	 -3.7332332e-001	  2.0570017e-001	  8.5083045e-001	 -8.5595356e-001	  9.5174385e-002	  2.6097849e-001	
 -1.5996958e-001	 -1.9006161e+000	  1.3442370e+000	  1.4958997e+000	  1.6276280e+000	 -1.1901945e+000	  5.4126637e-001	 -2.9142472e-001	  5.5199241e-001	  4.3154955e-001	  4.4212038e-001	
 -1.2697936e-001	 -1.9006161e+000	 -3.0543020e-001	  7.5639795e-002	 -3.5763991e-001	 -1.3219480e+000	  9.1302605e-002	 -3.4945373e-001	 -1.0014409e-001	 -7.6310993e-002	 -6.7089587e-004	
 -1.3674116e+000	 -1.8984183e+000	 -1.6152091e+000	 -1.0124238e+000	 -1.4137745e+000	 -2.4484397e+000	 -1.2547754e+000	 -1.2076722e+000	 -8.6933072e-001	 -1.8373339e+000	 -1.7584181e+000	
  1.7653067e-001	 -1.9006161e+000	  9.2470960e-001	  1.2371236e+000	  1.1845190e+000	 -9.4645071e-001	  4.9932060e-001	 -1.7842087e-001	  3.5133502e-001	  5.1069665e-001	  3.2806808e-001	
  3.9426612e-001	 -1.9006161e+000	  6.7583738e-001	  8.6400442e-001	  5.1462191e-001	 -7.1588222e-001	  5.0694710e-001	  2.0945722e-001	  3.4799073e-001	  6.2282170e-001	  6.1655331e-001	
  7.4396245e-001	 -1.9006161e+000	 -3.1254084e-001	 -3.2685116e-002	 -4.8324561e-001	 -3.9967400e-001	  4.6500133e-001	  7.6225986e-001	 -1.3358698e-001	  5.8984374e-001	  6.0313539e-001	
 -6.7461701e-001	 -1.8389320e+000	 -2.1299195e-001	  5.7585643e-002	 -4.3788799e-001	 -1.7106206e+000	 -2.0994432e-001	 -8.1673994e-001	 -1.1686553e-001	 -5.7098035e-001	 -4.8371592e-001	
 -3.5131285e-001	  1.2872574e+000	 -1.3222510e+000	 -7.9095949e-001	 -1.1985003e+000	  4.4354789e-001	 -1.9281710e-002	 -5.4186570e-001	  1.9833484e+000	  8.4047622e-001	  9.4529229e-001	
  8.1654093e-001	  1.4272128e+000	  8.6071389e-001	  1.0987084e+000	  8.3910331e-001	  1.1813671e+000	  7.3574223e-001	  8.2028887e-001	  2.0870214e+000	  1.6517340e+000	  1.5960613e+000	
 -1.3476175e+000	  9.2959355e-001	  1.4793391e+000	  1.5019178e+000	  1.6869418e+000	 -3.1403428e-001	  4.9932060e-001	 -1.2168347e+000	  2.0535785e+000	  6.0963052e-001	  5.0920997e-001	
  9.8809008e-001	  1.5568012e+000	  1.0811436e+000	  1.1047264e+000	  1.0170447e+000	  1.2406561e+000	  9.0733859e-001	  1.0096467e+000	  1.9833484e+000	  1.6517340e+000	  1.5289717e+000	
  3.8766807e-001	  1.3805610e+000	 -8.8139161e-001	 -4.1182230e-001	 -9.2984366e-001	  9.4421090e-001	  3.8492303e-001	  1.5142822e-001	  2.0167913e+000	  1.2955720e+000	  1.3344119e+000	
 -1.2354507e+000	  9.4514415e-001	  7.2561183e-001	  9.4223908e-001	  7.2047570e-001	 -2.6792058e-001	  2.3620619e-001	 -1.1679681e+000	  1.9666269e+000	  3.2602009e-001	  5.6288164e-001	
 -1.5402804e+000	  8.1555580e-001	  7.5405437e-001	  1.0264918e+000	  7.8327855e-001	 -4.1284935e-001	  1.2943513e-001	 -1.3542718e+000	  2.0034141e+000	  3.1282890e-001	  4.2199350e-001	
  1.8312871e-001	  1.3805610e+000	 -1.2227021e+000	 -8.2706780e-001	 -1.1880332e+000	  7.4658076e-001	  2.2857969e-001	 -3.7929591e-002	  2.0535785e+000	  1.2823808e+000	  1.2740313e+000	
 -2.9193046e-001	  1.1887703e+000	 -4.0497909e-001	 -5.0739268e-002	 -5.5302655e-001	  4.3037255e-001	  2.9721823e-001	 -4.8383669e-001	  2.0101027e+000	  9.2621891e-001	  8.4465790e-001	
 -3.4606741e-002	  1.2302385e+000	 -9.7382986e-001	 -5.6829162e-001	 -1.0135808e+000	  5.7530132e-001	  1.7138090e-001	 -2.4561235e-001	  1.9900370e+000	  1.0845131e+000	  1.2002327e+000	
 -5.2286200e-001	  1.1628526e+000	 -1.9678966e+000	 -1.2374988e+000	 -1.5882269e+000	  2.3933009e-001	 -2.6332985e-001	 -5.9378639e-001	  1.9632827e+000	  8.8664536e-001	  8.9832957e-001	
 -1.9599160e+000	  7.5335339e-001	 -2.7698766e-001	  4.5549542e-002	 -4.0299752e-001	 -1.0320904e+000	 -4.5780572e-001	 -1.5677574e+000	  2.0000698e+000	  4.9005244e-002	  5.9709733e-002	
 -5.3605808e-001	  1.1835867e+000	  8.6071389e-001	  9.8436544e-001	  8.3561426e-001	  1.5369037e-001	  4.1161579e-001	 -7.4649430e-001	  2.0201356e+000	  8.7345418e-001	  7.3060561e-001	
 -1.5594147e+000	  8.3628994e-001	 -2.2721322e-001	  1.0573005e-001	 -4.2742085e-001	 -4.3920003e-001	 -1.9850457e-001	 -1.3328927e+000	  1.9465612e+000	  3.5240245e-001	  3.0123225e-001	
  1.2388157e+000	  8.1037227e-001	 -4.2336719e-002	  2.6821741e-001	 -2.0412183e-001	  1.1616040e+000	  8.2726029e-001	  1.4799870e+000	  2.0250343e-002	  1.0185572e+000	  1.0056729e+000	
  1.2322177e+000	  7.1706865e-001	 -6.1829813e-001	 -1.1091977e-001	 -6.6816511e-001	  1.3197081e+000	  6.9379646e-001	  1.4799870e+000	 -1.9043991e-001	  8.3388063e-001	  9.4529229e-001	
  1.2981981e+000	  5.3564496e-001	 -1.0093830e+000	 -4.4793061e-001	 -9.2635461e-001	  1.1286657e+000	  6.8616996e-001	  1.4066872e+000	 -4.4460593e-001	  7.4813794e-001	  7.9769519e-001	
  1.2322177e+000	  9.4514415e-001	  5.1229279e-001	  6.2930045e-001	  2.9132289e-001	  1.2867698e+000	  7.9294102e-001	  1.4158497e+000	  2.5769491e-001	  9.5919686e-001	  1.0526356e+000	
  1.3245903e+000	  9.9179596e-001	  6.7583738e-001	  9.1214883e-001	  4.9019858e-001	  1.3065328e+000	  8.7301932e-001	  1.4799870e+000	  3.4464644e-001	  1.1306822e+000	  1.1532700e+000	
  1.2256197e+000	  7.1706865e-001	 -5.6141305e-001	 -1.8915443e-001	 -7.4841320e-001	  1.2604191e+000	  7.2811573e-001	  1.4494455e+000	 -2.0381707e-001	  8.5366740e-001	  1.0123819e+000	
  1.1860314e+000	  9.6069476e-001	  8.8204579e-001	  1.0144557e+000	  8.9143902e-001	  1.1484287e+000	  9.1877834e-001	  1.4219580e+000	  3.7474505e-001	  1.2823808e+000	  1.1733969e+000	
  1.1794334e+000	  4.3715781e-001	 -1.2724765e+000	 -8.3910390e-001	 -1.2438579e+000	  1.2011301e+000	  5.6033263e-001	  1.4433371e+000	 -6.2854186e-001	  6.0303493e-001	  7.3060561e-001	
  1.3773747e+000	  1.0643654e+000	  1.0669223e+000	  1.1829611e+000	  1.2508109e+000	  1.2604191e+000	  9.8360363e-001	  1.4494455e+000	  4.4497514e-001	  1.2889764e+000	  1.1868148e+000	
  1.2058255e+000	  9.6069476e-001	  2.8475248e-001	  5.1495749e-001	  1.0291433e-001	  1.2735945e+000	  8.2344704e-001	  1.4799870e+000	  1.4733335e-001	  1.1570646e+000	  1.1935238e+000	
  1.1992275e+000	  5.5119556e-001	 -1.1018213e+000	 -5.8032772e-001	 -1.0275370e+000	  1.0759643e+000	  6.0990491e-001	  1.4494455e+000	 -5.1483601e-001	  7.5473353e-001	  7.5744144e-001	
  1.1926294e+000	  7.5335339e-001	 -7.9606400e-001	 -1.9517248e-001	 -8.2168319e-001	  1.1879547e+000	  7.2811573e-001	  1.4219580e+000	 -2.5732570e-001	  8.1409385e-001	  8.0440415e-001	
  1.3509825e+000	  6.9633452e-001	 -3.9786845e-001	  3.3513441e-002	 -5.0417989e-001	  1.2999451e+000	  8.2344704e-001	  1.5105286e+000	 -1.1686553e-001	  1.0053660e+000	  9.7212812e-001	
  1.2916001e+000	  7.3780279e-001	 -2.9831957e-001	 -3.8703167e-002	 -5.3558132e-001	  1.2077177e+000	  7.5099524e-001	  1.4494455e+000	 -8.6766927e-002	  8.8004977e-001	  9.2516541e-001	
