  3.0520639e-001	 -4.0244766e-001	  6.6045950e-001	 -2.0861486e-001	 -7.6055980e-001	 -2.5596135e-001	 -4.5658002e-001	 -4.2641604e-001	 -1.3595156e+000	  3.8821201e+000	 -1.0207363e+000	
  1.1255142e+000	  1.9216855e+000	  6.4056044e-001	  5.6705827e-001	  3.3654161e-001	  1.3324936e-001	 -3.2831499e-001	 -6.0971130e-001	 -1.6371585e-001	 -6.9173961e-001	 -8.5976929e-001	
 -4.5998194e-001	 -8.9506285e-001	 -1.3921278e+000	 -7.1788033e-001	 -3.1558160e-001	 -6.9351614e-001	 -6.8919626e-001	  2.7457920e-002	 -1.2660258e+000	 -1.5605063e+000	 -9.6539461e-001	
  2.1766366e-001	  1.0880291e+000	 -3.7429123e-001	 -9.0186351e-001	 -7.2603563e-001	 -2.5596135e-001	 -2.1744183e-001	 -4.8169556e-001	 -2.2894129e-001	  7.5015300e-002	 -4.8725407e-001	
 -6.7397529e-001	 -1.8771796e-001	 -1.0737429e+000	 -4.5883200e-001	 -4.9203847e-001	  1.4360810e+000	  1.1173841e+000	  3.0736505e+000	 -3.0503764e-001	 -8.2508829e-001	 -7.6098730e-001	
 -4.1134709e-001	 -6.8664873e-001	 -8.1207038e-001	 -7.7381121e-001	 -2.4044167e-002	 -6.5377567e-001	 -5.5006131e-001	  1.0283082e+000	  1.2495020e+000	  1.9418968e+000	  7.0516060e-004	
  1.1773914e+000	  2.9858164e-001	  3.5657211e+000	  1.2402675e-001	 -1.9282900e-001	 -7.0252944e-001	  3.5431584e-001	 -1.3256175e-001	 -8.7358605e-001	 -6.0506297e-001	  5.6007306e-001	
  1.2292686e+000	  1.4038080e+000	 -2.6057809e-002	  4.9346499e-001	 -3.9997402e-001	  7.1795038e-002	 -2.3048573e-001	 -5.1369950e-001	  2.4937859e-001	 -4.4504455e-001	 -7.3718441e-001	
  5.9377318e-001	  8.7329936e-001	 -6.6282748e-001	 -8.0472039e-001	 -6.6849534e-001	 -5.3906094e-001	 -5.6093123e-001	  2.5148545e-001	  1.2277602e+000	  8.3510278e-001	 -6.4197285e-001	
 -1.8438445e-001	 -6.2349294e-001	  2.3717780e+000	 -6.9692832e-003	  4.8231033e-001	 -4.2393650e-001	  3.2170608e-001	 -8.8920019e-002	  1.4560492e+000	  1.2818209e+000	 -6.1221924e-001	
 -1.2541307e-002	  5.0699576e-001	 -8.2201990e-001	 -5.7805310e-001	  1.8693687e-001	  1.1276459e-001	 -1.5222233e-001	 -9.8212070e-001	  6.4573185e-002	 -7.9841856e-001	 -7.2528297e-001	
  3.0579390e+000	  3.6774166e+000	 -2.9469502e-001	 -1.7770568e-001	  3.0332629e+000	 -1.9501505e-003	 -3.1744508e-001	 -7.9009710e-001	 -1.3399479e+000	 -1.4638285e+000	  1.7625147e-001	
 -8.3609146e-001	 -8.3190705e-001	 -7.3247417e-001	 -5.3831273e-001	  1.3706863e-001	 -1.4944053e-001	 -7.1784936e-002	 -1.8493182e-001	  4.2831372e-002	 -3.8331078e-002	 -7.6396266e-001	
  1.8199810e-001	 -3.1402955e-001	 -3.4444265e-001	 -7.8117054e-001	 -6.6240375e-002	 -6.4230420e-001	 -5.5006131e-001	  1.2028751e+000	  3.0373313e-001	 -6.1839784e-001	 -6.0626852e-001	
 -3.2704668e-001	 -2.6350492e-001	 -4.0413980e-001	  1.9506118e+000	  6.8020287e-002	  1.4360810e+000	  9.7607513e-001	  2.7457920e-002	 -8.5727969e-001	 -5.6505837e-001	  1.9674189e+000	
  1.1514528e+000	 -4.6560345e-001	  3.9182229e-001	  1.4463286e-001	 -5.9561099e-001	 -6.7917679e-001	 -5.6527920e-001	 -7.7282225e-002	  5.3202216e-001	  1.7502681e-001	 -6.4792358e-001	
 -5.6697861e-001	 -6.8664873e-001	 -5.8323127e-001	  1.2588351e+000	  6.2807905e-001	 -2.3137962e-001	  1.6195743e+000	  2.7070600e+000	  1.6734673e+000	  1.0217909e+000	 -7.4908586e-001	
 -5.0213215e-001	 -9.3295632e-001	  1.2872796e+000	 -7.2965525e-001	 -8.4111620e-001	 -3.7477305e-001	 -4.3918815e-001	 -5.7188847e-001	 -1.1051364e+000	 -1.3584830e+000	  1.1848989e+000	
 -7.0903129e-002	  7.7536367e-002	  9.1914718e-001	 -6.2662466e-001	 -6.9534748e-001	 -2.6415526e-001	 -3.8483857e-001	 -5.4279398e-001	  1.9502406e-001	 -7.1840935e-001	 -8.3834669e-001	
  3.1227855e+000	  3.6774166e+000	 -9.8817699e-001	 -9.3439174e-001	 -5.4190672e-001	  3.2990320e-001	  5.8041012e-001	  1.8604105e+000	  1.4016947e+000	  1.0551281e+000	 -1.7484115e-001	
 -1.2926495e-001	 -4.6560345e-001	  1.4365225e+000	 -4.0878857e-001	  4.9765441e-001	 -5.1488890e-001	 -3.9353450e-001	 -2.9840031e-001	 -1.2942901e+000	 -6.9173961e-001	  8.6355990e-001	
 -1.4398121e+000	 -4.7823461e-001	  5.3538400e-002	  1.3177097e+000	  1.3706863e-001	  2.0699455e-001	  3.4740257e-002	 -1.0984986e+000	  4.4505491e-001	  4.9506364e-001	 -4.4559902e-001	
 -4.1722218e-002	 -2.7613607e-001	 -2.9469502e-001	 -7.3259898e-001	 -6.7616738e-001	 -1.7811921e-001	 -2.1091988e-001	 -5.9225461e-001	 -4.5614324e-001	 -1.0584485e+000	  1.7625147e-001	
 -1.1505968e+000	 -7.4348894e-001	  2.9232703e-001	 -7.2671152e-001	 -4.5751430e-001	 -1.0144060e-002	 -3.1744508e-001	 -5.5152233e-001	 -8.7619506e-002	 -3.2503074e-001	 -9.6628722e-001	
  2.3387527e-001	 -3.1402955e-001	 -6.8272654e-001	 -7.9883293e-001	 -7.1452757e-001	 -5.0505621e-001	 -3.8483857e-001	  1.1534145e+000	 -4.6592705e-001	  9.4178172e-001	 -9.5289810e-001	
  1.9820972e-001	 -1.7508681e-001	 -6.1587567e-003	 -8.0619226e-001	 -8.6144710e-001	 -7.7586493e-001	 -6.9354423e-001	 -1.6485299e+000	 -1.2942901e+000	 -1.6931882e+000	 -9.0737507e-001	
  1.7285864e+000	  7.1540988e-001	 -9.1753535e-001	 -6.9727421e-001	  1.0480004e-002	 -1.1666489e-001	 -2.6092150e-001	  3.3876891e-001	 -1.5284495e-001	 -1.7834719e-001	 -4.8427871e-001	
 -1.8438445e-001	  4.3120881e-001	  4.5151945e-001	 -5.5597512e-001	 -4.3066217e-001	 -1.0437402e-001	 -1.5222233e-001	 -8.7738056e-001	 -6.5877693e-002	  2.5503602e-001	 -6.5982502e-001	
 -1.9735374e-001	  1.4380574e-002	 -5.9318080e-001	  5.5233961e-001	 -3.8462994e-001	  1.4437669e-002	 -9.3524772e-002	 -1.0519475e+000	 -2.7242492e-001	  3.5010696e-002	 -7.1040616e-001	
  4.9326115e-001	  1.6690624e+000	 -8.5754966e-002	  3.8013135e-001	  2.1378901e-001	  3.9019398e-002	 -1.2396054e-001	 -6.9117585e-001	 -8.7902150e-001	 -1.0451136e+000	  1.7502175e+000	
 -4.7943588e-001	 -9.2032516e-001	 -7.1257512e-001	 -2.0861486e-001	 -8.1810008e-001	 -1.8221617e-001	  8.9089845e-002	  3.0329182e+000	  1.9502406e-001	  5.6173798e-001	 -3.8014107e-001	
  5.7431923e-001	 -9.9299854e-002	 -6.0313033e-001	  1.0822112e+000	 -4.1531810e-001	 -6.8081558e-001	 -3.8918653e-001	 -9.1229394e-001	 -9.4315985e-001	 -7.9841856e-001	  4.7676295e-001	
 -6.7397529e-001	 -3.0139839e-001	  2.5252892e-001	  1.0822112e+000	 -2.1968113e-001	 -3.4609436e-001	 -4.7397189e-001	 -6.8244751e-001	  2.3850769e-001	  2.9504062e-001	 -7.1040616e-001	
  1.8258561e+000	  8.2909031e-001	 -8.4987858e-001	 -6.9285861e-001	  1.5755757e+000	 -3.6248218e-001	 -4.2179629e-001	 -2.3730189e-001	  4.7766763e-001	  1.6735259e-003	 -6.1816996e-001	
  2.8633996e+000	  2.4395630e+000	  2.8095572e+000	  3.0103550e+000	  3.0716231e+000	  7.7237432e-001	  2.9779226e-001	  5.0751692e-001	  1.6241134e-001	 -2.7169127e-001	 -4.5154974e-001	
 -2.6544253e-001	  1.7494155e-003	 -2.8474549e-001	  2.3441666e-001	 -7.4521572e-001	 -6.8081558e-001	 -5.7614912e-001	 -5.5152233e-001	 -1.0681753e+000	  1.1501990e-001	  1.2235786e+000	
 -1.0889927e+000	 -7.1822663e-001	 -1.3921278e+000	 -9.0613192e-001	 -3.6928587e-001	 -4.2393650e-001	 -5.6962717e-001	 -2.2566410e-001	 -5.4311049e-001	 -1.9168206e-001	 -5.7949027e-001	
 -1.4223424e-001	 -9.2032516e-001	  5.7091376e-001	 -7.9736106e-001	 -1.1863579e+000	 -8.0290483e-001	 -5.0005969e-001	 -1.5293880e+000	  8.2553664e-001	  2.3503372e-001	 -5.1403232e-001	
 -4.6970891e-001	 -8.1927590e-001	  1.2375320e+000	  2.0536424e+000	  2.3120914e+000	 -2.8873699e-001	 -5.4353936e-001	 -6.2734983e-002	  4.3418401e-001	  5.8840772e-001	 -5.7056419e-001	
  6.5274455e-002	 -4.7823461e-001	  1.7748064e+000	 -3.1606104e-001	 -1.3528872e-001	 -3.7067609e-001	 -2.9570524e-001	 -7.9882545e-001	  2.8199131e-001	 -2.1168436e-001	 -6.2114533e-001	
  3.6703101e-003	 -4.6560345e-001	  9.3336505e-002	 -2.4688336e-001	  5.9355488e-001	  9.2396166e-001	  3.2170608e-001	  2.6894214e-001	 -2.5068310e-001	  5.4173568e-001	  1.8543552e+000	
 -3.7892386e-001	 -6.2349294e-001	  2.7242798e-001	  2.5393581e+000	  1.4758392e+000	 -4.4032432e-001	 -5.5875725e-001	 -2.8676252e-001	  6.6247304e-001	  5.1506594e-001	 -4.8427871e-001	
  3.6093544e-002	 -1.8771796e-001	 -4.2403886e-001	 -1.5800476e-002	 -1.0685921e+000	 -4.8866839e-001	 -6.9571821e-001	 -6.8244751e-001	 -8.1162188e-001	 -1.1917972e+000	  1.1848989e+000	
 -5.7670558e-001	  1.7574805e+000	 -6.5287796e-001	  4.9346499e-001	 -5.1889061e-001	 -6.3404474e-002	  7.4998084e-001	 -1.1799632e+000	 -5.0071395e-001	  7.5015300e-002	 -6.4752785e-002	
  1.5988934e+000	  7.1540988e-001	  1.9041503e+000	  2.5393581e+000	  1.6024279e+000	 -2.5596135e-001	 -5.9136700e-001	 -2.9840031e-001	 -8.9424077e-001	 -1.8328776e-002	  2.5624911e+000	
 -3.5298527e-001	 -9.3927190e-001	 -7.2252464e-001	 -6.2662466e-001	  1.5241270e-001	 -6.0993826e-001	 -4.2614425e-001	 -1.5832128e+000	 -1.1649263e+000	 -1.0251113e+000	  1.4169771e+000	
 -6.0588650e-001	 -8.5716937e-001	  8.2960144e-001	 -4.8974117e-001	  2.5422525e+000	  5.2655703e-001	  3.6735974e-001	  3.9404843e-001	  2.0974327e+000	  2.1619221e+000	  4.4700934e-001	
 -1.5276790e+000	 -8.7611611e-001	 -3.7429123e-001	  5.9649558e-001	  3.3496117e-002	 -1.9450703e-001	 -3.2831499e-001	 -1.1801450e-001	 -1.2279776e+000	 -4.4504455e-001	  9.9150043e-001	
  1.1255142e+000	  1.7574805e+000	  1.2318508e-001	 -9.2570774e-001	 -2.7338540e-001	 -2.1908876e-001	 -2.0439793e-001	  5.4824920e-001	  1.2060184e+000	  6.6174949e-001	 -3.2360921e-001	
 -8.5230308e-001	 -7.3085779e-001	  2.5210209e+000	 -4.0878857e-001	 -7.1452757e-001	 -6.1895156e-001	 -4.4788409e-001	  1.3628948e+000	  1.8800146e+000	  2.0152386e+000	 -6.4494822e-001	
 -2.7841183e-001	  4.1226207e-001	 -2.6484644e-001	 -7.3848644e-001	 -6.3013516e-001	 -5.4807424e-001	 -5.0875563e-001	 -3.7113652e-001	 -1.2127583e+000	 -8.8509520e-001	  1.3961496e+000	
  7.4616238e-001	 -3.3929187e-001	 -1.7274268e+000	  3.3337754e-003	 -1.1376405e+000	 -6.0993826e-001	 -5.8701903e-001	 -4.3805384e-001	  1.2979862e-001	 -1.2500772e-001	 -6.8957863e-001	
 -1.5844586e-001	 -4.5928787e-001	 -8.5754966e-002	 -5.6480631e-001	  1.9208174e+000	 -1.3305271e-001	 -1.5874428e-001	  1.1272294e+000	  9.7772933e-001	  8.3510278e-001	 -4.7237727e-001	
 -6.3506741e-001	 -4.2459640e-002	  5.3111566e-001	  1.4207403e+000	  4.3627810e-001	  3.8450905e+000	  3.6196391e+000	  6.4717045e-001	  7.0595667e-001	 -8.4509059e-001	 -6.9850472e-001	
 -1.0241462e+000	 -3.3929187e-001	 -1.6398710e+000	  1.9653305e+000	  4.5162218e-001	 -3.2560959e-001	  2.0108913e+000	 -1.0344908e+000	  1.1892772e-001	 -2.7169127e-001	  1.9376653e+000	
 -1.0111769e+000	 -1.6339856e+000	 -1.0031013e+000	  1.6120828e+000	  4.5162218e-001	 -9.6180113e-002	 -8.7002821e-002	  2.1948152e-001	  1.0218652e-002	 -1.0500542e-001	 -8.5798408e-001	
 -1.4197097e+000	 -1.0592679e+000	 -8.0212085e-001	  2.5796651e-001	 -9.6928526e-002	  6.5490807e+000	  6.7936551e+000	  3.3820520e+000	  1.1516638e+000	  7.6176100e-001	 -4.5154974e-001	
  1.8199810e-001	  4.5015555e-001	  1.4308414e-001	  1.3618656e+000	  1.5241270e-001	 -2.6531880e-002	 -1.9787598e-001	 -7.4354593e-001	  6.4573185e-002	  9.5017602e-002	 -6.5387430e-001	
 -3.8865083e-001	 -1.3087775e-001	 -5.3348364e-001	 -1.3060599e-001	  2.4064114e-001	 -6.5582415e-001	 -6.0441090e-001	  3.0385553e-001	  1.5865001e+000	  7.3509127e-001	 -3.8014107e-001	
 -1.2122010e+000	 -7.5612010e-001	  5.3538400e-002	 -7.9000174e-001	 -6.8383942e-001	  3.0825489e-002	 -4.0875238e-001	 -7.9882545e-001	 -5.6811357e-001	 -8.5842546e-001	 -7.4908586e-001	
 -5.0213215e-001	 -7.8138242e-001	  8.4950049e-001	 -7.9736106e-001	 -7.1836359e-001	  1.2095850e-001	 -2.3700769e-001	 -7.8136876e-001	 -1.4197404e-001	  2.3503372e-001	 -5.1998305e-001	
  2.3387527e-001	  1.7494155e-003	  2.0278129e-001	  1.8328626e+000	  1.4528231e+000	 -1.0437402e-001	  1.5430935e-001	  1.1010444e+000	 -9.7142420e-001	 -7.9841856e-001	  2.8897809e+000	
  9.7636734e-001	  2.2911027e-001	 -4.4393791e-001	 -7.7822681e-001	 -9.5926558e-001	  9.6376767e-002	 -1.0874266e-001	 -4.3805384e-001	 -7.5618026e-001	 -9.3843467e-001	  1.7769958e+000	
 -4.0162012e-001	 -7.7506684e-001	 -6.1307985e-001	 -1.0411241e-001	 -4.3066217e-001	 -8.3889248e-002	 -2.8918329e-001	 -5.4279398e-001	  9.3424570e-001	  3.6171496e-001	 -5.3783521e-001	
 -1.2057163e+000	 -4.2459640e-002	  1.2318508e-001	 -7.5467696e-001	 -7.9124795e-001	 -5.0833378e-001	 -3.0657516e-001	 -4.7005777e-001	 -5.3550085e-001	 -6.3173271e-001	 -3.7974535e-002	
  6.5274455e-002	 -4.0876324e-001	 -2.8474549e-001	 -5.3389714e-001	  2.1988060e-002	 -3.8706391e-001	 -5.3049546e-001	  8.8556338e-002	 -1.2910289e+000	 -8.8509520e-001	  9.5282074e-001	
 -5.2482841e-001	 -2.8876723e-001	  1.4962197e+000	 -1.1294360e-001	  3.6086657e+000	 -4.6777392e-001	 -4.9353774e-001	 -4.8187740e-002	  8.0379483e-001	  2.5503602e-001	 -6.0924388e-001	
 -3.0435042e-001	 -3.2666071e-001	  3.3212513e-001	 -8.1649531e-001	 -3.6161383e-001	 -7.5128320e-001	 -6.5658651e-001	  5.4824920e-001	 -5.6050394e-001	 -2.9169357e-001	 -6.8065255e-001	
 -4.4701265e-001	 -1.7508681e-001	  5.3538400e-002	 -5.1034729e-001	 -5.5341478e-001	  8.7889515e-001	  8.2824425e-001	  1.4734538e+000	 -1.8545766e-001	  3.4171266e-001	 -7.3123369e-001	
 -6.2534044e-001	 -1.4160981e+000	 -1.1560354e-001	 -6.1043414e-001	 -1.2761668e-001	  3.1761233e-001	  2.8692235e-001	 -4.0604990e-001	  1.5647583e+000	  4.4839160e-001	 -6.9552936e-001	
 -1.4223424e-001	  6.2699177e-001	  1.0484910e+000	 -5.1917848e-001	 -7.3754369e-001	  3.5038797e-001	  3.4740257e-002	 -9.0647504e-001	  3.0373313e-001	 -2.2501923e-001	 -7.4611050e-001	
  1.0250022e+000	  4.8804902e-001	 -1.3155164e+000	 -8.1943905e-001	 -6.7616738e-001	 -3.1331872e-001	 -4.5658002e-001	 -6.3880578e-001	 -1.0920913e+000	 -1.2451366e+000	  7.8024979e-001	
 -9.1714955e-001	 -7.1822663e-001	 -3.3449312e-001	  6.2593289e-001	 -6.1862710e-001	 -1.8221617e-001	 -2.7179142e-001	  1.2552452e+000	  1.0218652e-002	 -6.8507218e-001	 -5.5271202e-001	
  3.2141801e-001	 -2.6350492e-001	 -5.2353412e-001	  7.8783809e-001	 -8.2960814e-001	 -6.3165212e-001	 -4.3484019e-001	 -4.3805384e-001	  4.1244219e-001	  1.1501990e-001	 -6.9850472e-001	
 -1.2926495e-001	  6.0804503e-001	  2.3689822e-002	 -8.9597605e-001	 -6.9151146e-001	 -6.1649338e-001	 -3.6092475e-001	  1.2814302e+000	 -3.5939217e-001	 -5.3838863e-001	 -6.1221924e-001	
 -2.1356536e-001	 -7.4037536e-002	 -5.6333222e-001	 -6.9285861e-001	  2.0228095e-001	 -1.7811921e-001	 -1.4352639e-001	 -5.6316012e-001	 -8.7358605e-001	  5.6173798e-001	  1.7769958e+000	
  1.0995756e+000	  1.4038080e+000	 -4.5956861e-002	 -9.7972520e-001	 -6.3780719e-001	 -4.2393650e-001	 -5.5440928e-001	 -8.2791993e-001	  8.4727845e-001	  4.2838930e-001	 -7.3420905e-001	
 -6.7397529e-001	 -6.8664873e-001	 -1.0538439e+000	 -6.9727421e-001	  2.0665861e+000	 -6.3165212e-001	 -7.7093804e-001	 -8.0464435e-001	 -3.1590854e-001	 -3.8331078e-002	 -7.0743080e-001	
 -1.2446242e+000	 -1.3548370e+000	 -5.3348364e-001	  2.5796651e-001	 -1.1618074e+000	 -5.3045733e-001	 -4.4788409e-001	 -4.4969163e-001	  8.4727845e-001	  1.5502451e-001	 -3.8014107e-001	
  2.5008689e-001	 -9.9299854e-002	  7.3437453e-002	 -6.4870265e-001	  4.8231033e-001	  9.5673729e-001	  4.8692883e-001	  1.8284065e+000	  8.0379483e-001	  1.2551511e+000	 -5.4676130e-001	
  1.1514528e+000	  8.0382799e-001	  9.4899576e-001	  2.6974143e-001	  1.5241270e-001	 -6.1198673e-001	 -4.0005645e-001	  3.7659174e-001	  2.9562343e+000	  2.8620027e+000	  2.9229056e-001	
 -4.7943588e-001	 -6.6138641e-001	  1.6156140e+000	 -4.7502252e-001	 -9.6195079e-001	 -7.6275467e-001	 -6.2180277e-001	 -9.5884511e-001	 -1.0257787e+000	  1.8685550e+000	  1.5806219e+000	
 -6.6424832e-001	 -3.3929187e-001	 -1.2418899e+000	  9.4974330e-001	 -5.2272663e-001	  3.0871538e+000	  2.8804847e+000	  2.7457920e-002	 -1.1051364e+000	 -4.9838402e-001	  1.4169771e+000	
 -1.2997437e+000	 -1.1881057e+000	 -1.3384003e+000	 -7.6498002e-001	  1.4528231e+000	 -5.2717977e-001	 -4.1310035e-001	 -7.7282225e-002	 -2.7242492e-001	 -7.1668248e-002	  1.6044248e+000	
 -6.9991387e-001	 -4.2139440e-001	 -9.5733346e-001	 -8.8567299e-001	  1.3799388e+000	  8.7889515e-001	  2.5431259e-001	 -6.5626247e-001	 -1.2029745e+000	 -1.5905097e+000	  1.1253917e+000	
  1.4465042e+000	  2.1869399e+000	 -6.5287796e-001	  1.3765843e+000	  1.0254446e-001	  1.4144327e-001	 -2.3048573e-001	 -3.9441211e-001	  6.5160214e-001	  2.9504062e-001	 -4.2774685e-001	
 -3.8865083e-001	  1.8206363e+000	 -7.1257512e-001	  6.2593289e-001	 -2.0050104e-001	  1.3172693e+000	  9.0868164e-001	  1.1272294e+000	 -1.2023223e-001	 -2.7169127e-001	 -6.2114533e-001	
  1.4205657e+000	  1.2143406e+000	  2.5252892e-001	 -2.9545492e-001	 -6.6849534e-001	  1.3172693e+000	  1.6413141e+000	  9.1193026e-001	 -1.1051364e+000	 -1.1917972e+000	 -1.5996434e-001	
 -1.6560751e+000	 -9.7716538e-001	  1.5857654e+000	 -5.9129989e-001	 -9.5466236e-001	  1.1656820e+000	  8.4346213e-001	  6.4717045e-001	 -5.4311049e-001	  1.6735259e-003	  3.5443603e+000	
  1.4957486e-001	 -1.0881743e-002	 -3.7429123e-001	  5.5233961e-001	 -3.9997402e-001	 -7.8897519e-001	 -7.1615366e-001	 -5.0206170e-001	  6.6247304e-001	  5.8840772e-001	 -5.6758882e-001	
 -3.6595456e-001	 -3.8981650e-001	 -6.2302938e-001	 -7.8264241e-001	 -6.5315127e-001	 -5.4520637e-001	 -4.5658002e-001	  1.7062097e+000	 -7.8118334e-001	 -9.5843697e-001	 -7.9044338e-001	
  5.1271509e-001	  7.7536367e-002	 -1.9519975e-001	  1.0822112e+000	 -5.9177497e-001	 -4.2803346e-001	 -4.0875238e-001	  1.2910678e-002	 -1.0138207e+000	  1.6735259e-003	  7.1479184e-001	
 -3.6595456e-001	 -6.1086178e-001	  3.7192324e-001	 -7.4143017e-001	 -7.3754369e-001	  1.1276459e-001	 -1.7831013e-001	 -5.5152233e-001	 -1.3595156e+000	 -1.1717949e+000	 -8.0978322e-001	
 -5.0213215e-001	 -6.4243967e-001	 -3.6434170e-001	  1.4463286e-001	 -7.1452757e-001	 -4.8170357e-001	 -3.8483857e-001	 -6.9990420e-001	  1.2277602e+000	  7.0842153e-001	 -9.1531036e-002	
  7.2346611e-001	  1.1132914e+000	  5.7091376e-001	 -8.7831367e-001	 -4.3066217e-001	 -5.9314074e-001	 -6.0875887e-001	 -4.2641604e-001	  1.2277602e+000	  2.9504062e-001	 -8.7077813e-001	
 -1.5844197e+000	 -7.7506684e-001	 -2.5489691e-001	 -9.2099777e-001	 -8.2960814e-001	 -3.5019132e-001	 -3.3918491e-001	 -7.5809317e-001	  3.5976178e+000	  3.1287001e+000	  2.6848767e-001	
  8.5640137e-001	 -2.9828481e-002	 -1.7085227e+000	 -9.9370792e-001	  3.6339374e-001	 -5.3619307e-001	 -4.8049384e-001	 -1.7329403e-001	 -1.0681753e+000	 -9.8510671e-001	  8.1297876e-001	
 -5.7933835e-002	 -7.4980452e-001	 -1.8525023e-001	 -7.9441733e-001	 -1.0168059e+000	  9.4034947e-001	  8.7607189e-001	  1.7673081e+000	 -5.5180721e-001	 -5.9172810e-001	 -6.0924388e-001	
  3.1552087e+000	  1.8206363e+000	  2.1130903e+000	 -1.5800476e-002	  2.0397340e+000	  1.2599120e+000	  9.9346700e-001	  2.3402876e-001	  1.0429548e+000	  7.6176100e-001	 -4.6047582e-001	
 -1.0987197e+000	 -4.6560345e-001	  7.5000523e-001	  3.6874132e+000	  7.6617573e-001	 -4.3622737e-001	 -4.2179629e-001	 -5.9225461e-001	 -1.0562173e+000	 -1.3251458e+000	  1.1253917e+000	
