  2.8825472e+000	  1.1746534e+000	 -4.5953991e-001	 -7.5321912e-001	  7.3886166e-001	 -7.3754988e-001	  3.3843827e-001	 -1.4961819e+000	 -7.7693299e-001	 -1.4461035e+000	  2.7059775e-001	
 -8.1863118e-001	 -9.5757908e-001	  5.7886633e-001	 -3.9618471e-001	 -3.1858376e-001	  2.6732386e-001	 -2.6584661e-001	 -8.4469054e-001	 -1.2915847e+000	 -1.3813073e+000	 -2.3372733e-001	
 -1.4474722e+000	 -5.0067212e-001	 -2.4508645e-001	 -8.5522895e-001	  1.5036213e+000	 -1.1316837e-001	 -1.1090177e-001	  7.6034984e-001	 -4.6288800e-001	 -7.2038540e-001	 -7.3015334e-001	
  5.5757234e-002	  2.4996074e-001	  1.9510750e-001	  7.4068802e-001	  1.6588675e-002	  2.2989840e-001	 -4.8276938e-001	 -4.8003915e-001	 -5.6319134e-001	 -7.3334466e-001	 -5.6184244e-001	
 -5.1019965e-001	 -4.7891464e-001	 -4.7082693e-001	 -3.2907298e-001	  1.4280895e+000	 -6.8764926e-001	 -8.2364803e-001	 -5.9776125e-001	  1.8058781e+000	  1.3077376e+000	  2.0679759e-001	
 -2.5093750e-002	  5.2736854e-001	 -1.1209595e+000	  1.5862958e+000	 -1.7696160e-001	  4.8519434e+000	  4.1229660e+000	  3.2439991e+000	  3.0132797e-001	  9.5783779e-001	 -4.6766125e-001	
 -2.5267430e-001	 -3.2886422e-002	 -3.4666967e-001	  9.7757632e-002	  2.7640585e+000	 -3.6890905e-001	 -1.6900608e-001	  2.5146963e+000	  6.2373158e-001	  7.1809162e-001	 -3.4613714e-001	
 -8.5456495e-001	 -6.9105002e-001	  3.2280890e-003	  1.3936691e-001	  3.5648184e-001	 -5.1486837e-001	 -5.4474732e-001	 -3.7863448e-002	  2.1774185e-001	 -9.8341287e-002	 -4.1601351e-001	
  1.0948421e+000	  6.0351970e-001	  1.2673748e+000	  1.3446936e+000	  8.8048381e-001	 -4.0633452e-001	 -3.6656075e-001	 -1.2113030e-001	 -1.2485975e+000	 -1.1674796e+000	  1.1060760e+000	
 -5.9105063e-001	 -1.3079506e-001	 -1.7349737e+000	  7.9437740e-001	 -2.7137637e-001	  7.7256765e-001	  5.2049845e-001	  1.1336150e+000	 -1.5853302e+000	  3.3488199e+000	 -8.3496789e-001	
  5.7380242e-001	 -7.6401371e-002	  1.0529214e+000	 -7.1429431e-001	 -9.0867606e-001	  3.9207541e-001	 -2.6584661e-001	 -8.5043309e-001	 -4.7482887e-001	 -1.0702852e+000	  1.0878474e+000	
  1.7853095e-001	  7.5038265e-001	 -2.1122537e-001	 -8.3777990e-001	 -1.0158368e+000	 -1.5059384e-001	 -9.9280906e-002	 -5.1162313e-001	  1.0058396e+000	  3.4227330e-001	 -4.3120402e-001	
  3.0729363e-001	  1.1941590e-001	  4.3213501e-001	  7.6281878e-002	  4.7845345e+000	 -8.0990578e-001	 -6.2221974e-001	 -1.5645181e+000	  1.1491300e+000	  3.1635479e-001	 -4.3424212e-001	
  2.7135986e-001	  2.0100643e-001	  8.7232896e-001	 -8.2101807e-002	 -5.6878289e-001	 -2.8782054e-001	 -4.6340128e-001	 -8.7914579e-001	  4.5655933e-001	  5.6906021e-001	 -2.6107026e-001	
 -7.5574708e-001	 -3.1029422e-001	 -7.5781081e-002	 -5.6799074e-001	 -8.3786498e-001	  2.5484871e-001	  3.5393275e-001	 -7.1261209e-001	 -8.9395356e-001	 -6.0375213e-001	 -6.1349019e-001	
 -2.7962462e-001	  4.1314180e-001	  4.0956096e-001	 -7.8543275e-001	 -1.8640308e-001	 -4.5623514e-001	  3.0744930e-001	  5.5648961e-001	  3.8491409e-001	  2.7099741e-001	 -5.4057572e-001	
  1.5350308e+000	  2.6541616e+000	 -1.0159902e+000	 -8.4314884e-001	  2.9511224e-001	 -4.4999756e-001	 -1.6900608e-001	 -5.4033584e-001	  7.4451352e-002	 -9.8341287e-002	 -6.1045209e-001	
 -1.0432172e+000	 -1.0119728e+000	  8.2718087e-001	 -6.1228448e-001	 -2.6193489e-001	 -6.9505327e-002	  2.4547136e-001	 -2.5033749e-001	 -1.2056104e+000	 -8.6293718e-001	  2.4933103e-001	
 -9.3841042e-001	 -2.1238558e-001	 -1.4350323e-001	 -7.5590359e-001	 -1.0158368e+000	 -1.5059384e-001	  1.3610742e+000	  1.1431390e-001	 -1.4575628e+000	 -6.8150765e-001	  7.6580852e-001	
 -1.4384887e+000	 -9.4670034e-001	  1.5946985e+000	 -6.0423108e-001	 -4.7436812e-001	 -9.0097442e-001	 -8.7013148e-001	 -5.3172203e-001	  2.1044000e+000	  1.7353929e+000	 -1.2131752e-001	
 -1.9577916e-001	 -6.7473191e-001	  3.8698692e-001	 -7.4785018e-001	 -5.1213403e-001	  5.7920274e-001	  2.0286153e-001	 -7.2122590e-001	 -4.0318362e-001	 -5.6487437e-001	 -5.7399486e-001	
 -5.2217757e-001	 -8.0527676e-001	 -1.7282014e+000	  1.6668299e+000	 -2.3833120e-001	  1.4880989e-001	 -2.3485764e-001	 -5.4894965e-001	 -2.5989313e-001	 -5.1951699e-001	 -4.7981367e-001	
 -6.6591266e-001	 -1.2513050e+000	 -1.4945600e+000	 -8.1630415e-001	 -5.7350363e-001	  7.2266702e-001	  2.0286153e-001	 -2.8766401e-001	  1.5670607e+000	  6.6625461e-001	 -4.8892797e-001	
 -2.0775708e-001	 -9.5757908e-001	 -6.1755825e-001	 -8.7804694e-001	  5.4354583e-002	  1.4880989e-001	  5.1790313e-002	 -4.8003915e-001	  9.8195781e-001	  3.8115105e-001	 -3.4006093e-001	
  6.6064237e-001	  2.6627885e-001	  1.0303473e+000	  1.9305629e-001	  1.6405227e+000	 -6.1279833e-001	 -3.7430800e-001	  1.7748186e-001	  2.6687854e-002	 -4.9359849e-001	 -6.1652830e-001	
 -6.2099544e-001	 -6.4753507e-001	  9.0619004e-001	 -1.8813834e-001	  2.6206707e-001	 -7.2756976e-001	 -7.8103820e-001	 -1.4037270e+000	  1.4609660e-001	 -3.2512820e-001	 -4.9804228e-001	
 -1.3845881e+000	 -8.1071613e-001	 -1.7349737e+000	  5.2593048e-001	 -1.2348791e+000	 -1.1316837e-001	 -2.7746747e-001	 -3.2499053e-001	  7.3119945e-001	  1.0161544e+000	 -4.8892797e-001	
  3.6718324e-001	  2.8554183e+000	  7.5945872e-001	 -8.6328236e-001	 -1.3387353e+000	 -7.4753001e-001	 -9.5922477e-001	 -1.2113030e-001	 -6.8839141e-002	 -2.6033194e-001	 -2.7322267e-001	
 -1.6583435e-001	 -6.2033823e-001	 -6.0627122e-001	  6.0646455e-001	 -8.3786498e-001	 -3.9385936e-001	 -4.9051663e-001	 -4.2548501e-001	 -3.6736100e-001	 -4.7415961e-001	 -5.4361383e-001	
 -1.1689854e+000	 -1.2366187e+000	 -7.5864605e-001	  3.0895986e+000	  4.0368923e-001	 -3.7514663e-001	 -2.7746747e-001	 -6.1786015e-001	 -7.3394585e-001	 -9.9900933e-001	  1.7531920e+000	
 -4.1138178e-001	 -3.3749106e-001	  1.6124643e-001	  2.4050589e+000	  2.1739661e+000	 -6.2652100e-001	 -2.8521471e-001	  1.1077736e+000	 -4.1512450e-001	 -1.3721904e-001	 -6.2564260e-001	
 -3.2154736e-001	 -1.1991632e-001	  6.6916252e-001	 -6.6060493e-001	 -4.8853034e-001	 -5.0426448e-001	  1.0214739e-001	  2.5893493e+000	  1.8417008e+000	  1.7677911e+000	 -2.8537508e-001	
  9.1691004e-002	 -7.2368623e-001	  1.9558833e+000	 -5.7201744e-001	 -7.9065760e-001	  3.2800738e+000	  2.8059348e+000	  2.2620245e+000	 -5.4289186e-001	 -4.3528185e-001	  1.8018016e+000	
  7.3724119e-002	 -6.2033823e-001	  4.6599609e-001	 -8.3777990e-001	 -9.6013211e-001	  2.0494809e-001	  2.9608797e+000	  1.5327217e+000	  1.1252483e+000	  1.5280449e+000	 -5.7095675e-001	
  6.8160374e-001	  1.6968328e+000	 -3.8053074e-001	 -5.8007085e-001	 -8.1898203e-001	 -8.9536060e-001	 -6.6095595e-001	 -9.5092756e-001	 -1.4026348e+000	 -1.9392031e+000	 -7.8970016e-001	
  1.2463029e-001	  2.4996074e-001	 -1.1773947e+000	 -8.9281152e-001	 -1.6279939e-001	  3.1615599e+000	  2.6897262e+000	  1.2867026e-001	  9.8333101e-002	  4.9778432e-001	 -1.5777476e-001	
 -1.1150848e+000	 -3.4836980e-001	 -4.1439181e-001	 -7.6127253e-001	  1.3460714e-001	 -1.2564353e-001	 -1.9224781e-001	 -8.5904690e-001	 -9.9545100e-001	 -8.4997793e-001	 -4.1905161e-001	
 -1.3396709e+000	 -8.3247360e-001	  1.7253345e-001	  1.0091349e+000	  2.6206707e-001	 -3.0653327e-001	 -4.1176591e-002	 -3.2499053e-001	 -3.6736100e-001	 -4.4824110e-001	 -9.3887101e-001	
  1.5949204e+000	  5.0561107e-001	 -2.5637347e-001	 -3.7808065e-002	  1.6293157e-001	 -6.9139181e-001	 -5.1375835e-001	  4.7896530e-001	 -1.1660264e-001	  1.6732339e-001	 -5.8918537e-001	
  2.8932674e-001	  6.0351970e-001	  2.1768155e-001	  7.6281878e-002	 -7.1512578e-001	  1.6146406e+000	  1.5934915e+000	  1.8629178e+000	 -2.8377488e-001	 -6.4262989e-001	 -4.9500418e-001	
 -1.5732404e+000	 -7.2368623e-001	  5.3371823e-001	  1.0715327e-001	  7.7958275e-002	 -8.1980482e-002	 -3.7430800e-001	 -7.6142369e-001	  1.1013666e+000	  3.8115105e-001	 -7.0463328e-001	
 -2.3770189e-001	 -1.0359821e-001	 -8.0589354e-003	  4.0512936e-001	  7.1997870e-001	 -8.8218060e-002	 -2.2323678e-001	 -1.0255806e+000	  5.5208633e-001	 -2.7065399e-002	 -3.8259437e-001	
 -2.5267430e-001	 -4.7891464e-001	  1.2109397e+000	  1.0359796e+000	  1.8057485e+000	 -6.6020392e-001	 -4.9051663e-001	  7.1728077e-001	 -1.2760615e+000	 -4.9359849e-001	  1.8534494e+000	
 -8.1863118e-001	 -3.3749106e-001	 -8.1620988e-001	 -7.9080169e-001	  1.1826111e+000	  1.6894915e+000	  2.5347814e+000	  2.1931140e+000	  1.7461738e+000	  2.3703963e+000	  4.5288392e-001	
  1.2056379e+000	  1.6696359e+000	  1.7253345e-001	 -8.6999353e-001	 -8.2546833e-002	 -6.1279833e-001	 -9.8634011e-001	 -1.0198381e+000	 -1.0909780e+000	 -1.3748277e+000	  8.1138006e-001	
  1.2056379e+000	  2.8259695e-001	  1.4515113e-002	  1.3936691e-001	 -6.0654880e-001	  1.9826577e+000	  1.3843159e+000	  4.5886640e-001	  3.4909146e-001	 -7.6265201e-003	 -4.3120402e-001	
  7.2951543e-001	  2.4996074e-001	 -1.7349737e+000	  3.3177785e+000	 -2.9025932e-001	  1.6395909e+000	  1.9382437e+000	  6.5698409e-001	  1.1491300e+000	  5.9497872e-001	 -4.6766125e-001	
 -1.2091714e-001	 -8.9230665e-001	  2.2896858e-001	 -8.6328236e-001	 -6.6791840e-001	 -7.5751013e-001	 -2.4647850e-001	 -9.2417593e-002	  4.3267758e-001	  4.5242694e-001	 -5.3146141e-001	
 -1.6583435e-001	 -5.2242959e-001	  6.0144038e-001	 -6.7671174e-001	 -8.0954055e-001	 -2.0673203e-001	  1.8736705e-001	  2.4027167e+000	  9.5807606e-001	 -2.9273007e-001	 -3.2183232e-001	
 -2.9459703e-001	  7.0461580e-002	 -5.9498420e-001	 -9.3334700e-001	 -3.9411557e-001	 -1.0350823e+000	 -8.6625786e-001	  9.7086280e-002	 -1.5626425e+000	  2.0204965e+000	 -7.4716672e-001	
 -1.1989303e+000	 -1.1599236e+000	  3.0797775e-001	 -5.1295912e-001	 -1.2975422e-001	 -2.0049446e-001	 -5.0601111e-001	 -5.8053363e-001	  6.2373158e-001	  3.8115105e-001	 -5.4057572e-001	
  2.5339297e-001	 -6.8017128e-001	  1.6124643e-001	 -2.1095633e-001	 -3.0914228e-001	 -9.4214243e-001	 -9.0112045e-001	 -2.3507094e-002	 -1.1733700e+000	 -8.1757980e-001	  2.2149836e+000	
 -4.7426588e-001	 -2.7221864e-001	 -1.7349737e+000	  1.0762467e+000	 -8.1898203e-001	 -2.2544477e-001	 -4.0142334e-001	 -1.6132809e-001	 -9.2261166e-001	 -1.0702852e+000	  4.8816237e-002	
 -4.3833211e-001	 -3.5924854e-001	  1.7253345e-001	  2.6600835e+000	  5.5475286e-001	 -1.7554415e-001	 -6.6095595e-001	 -6.7815684e-001	  2.8938709e-001	 -6.5943156e-002	 -6.1652830e-001	
  5.9476379e-001	  5.6544412e-001	  4.8376186e-002	 -8.5388672e-001	 -1.2060826e+000	  1.4880989e-001	 -1.2252263e-001	 -9.5092756e-001	 -1.2318803e+000	 -1.6489158e+000	  1.5162199e+000	
 -8.7253184e-001	 -6.8017128e-001	 -2.1122537e-001	 -9.0220716e-001	 -1.1678446e+000	 -4.7494787e-001	 -4.9051663e-001	 -8.4469054e-001	 -5.6898267e-002	 -2.7329119e-001	 -5.8918537e-001	
 -3.7245353e-001	 -1.2442338e+000	 -9.8355130e-002	  4.3197405e-001	  8.9936676e-001	 -8.7477659e-001	 -7.5779647e-001	 -2.5033749e-001	 -8.6410138e-001	 -8.5382035e-002	  1.8261064e+000	
 -5.3415550e-001	 -3.9188475e-001	 -1.3805611e+000	  1.6399852e+000	 -6.1126954e-001	  8.0196535e-002	  3.3843827e-001	  1.9576698e+000	  1.3640658e+000	 -3.0568933e-001	 -4.3120402e-001	
 -1.4504666e+000	 -1.3013472e+000	 -1.0159902e+000	  4.4539640e-001	 -5.2157551e-001	 -9.1719212e-001	 -6.8807130e-001	 -2.1301097e-001	 -9.1347689e-003	  8.9567873e-002	 -5.6488055e-001	
  4.2707286e-001	  1.6837021e-001	 -1.7349737e+000	 -6.2033789e-001	 -1.3524255e+000	  1.2385958e-001	 -3.4719265e-001	 -1.8716953e-001	  5.1626371e-001	 -9.8341287e-002	 -7.4291338e-001	
 -4.1138178e-001	 -4.3539970e-001	 -4.7082693e-001	 -6.4652757e-002	 -2.6193489e-001	 -8.9348932e-001	 -9.7471925e-001	 -6.6092921e-001	 -1.0336618e+000	 -1.2128370e+000	  1.8777542e+000	
  8.4630018e-001	 -3.2117296e-001	  2.3509291e+000	 -5.6799074e-001	 -8.8979311e-001	 -5.0426448e-001	 -9.7859287e-001	 -6.6954302e-001	 -2.1212963e-001	 -4.3528185e-001	 -7.2802667e-001	
  3.2718297e+000	  3.0621143e+000	  1.5044023e+000	  1.3581159e+000	  8.1911421e-001	  7.1019187e-001	  2.6096585e-001	 -6.8677065e-001	 -1.2056104e+000	 -5.6487437e-001	  1.8777542e+000	
  2.2817944e-002	 -7.1280749e-001	  1.6124643e-001	 -9.0891833e-001	 -6.1126954e-001	 -1.8178172e-001	 -1.3414349e-001	 -8.0932510e-002	 -3.7930188e-001	 -7.5926316e-001	  3.7036540e+000	
  6.3668652e-001	  1.9470437e+000	 -5.6112313e-001	 -8.1361968e-001	  1.4876935e-001	 -7.8183669e-001	 -9.3985666e-001	 -1.1835005e+000	  1.3640658e+000	  1.9816187e+000	 -5.8696148e-003	
  5.5757234e-002	 -5.9858075e-001	 -8.8731813e-001	 -7.6395700e-001	  4.5089661e-001	 -8.3111355e-001	 -4.5565404e-001	 -2.7617892e-001	  1.1013666e+000	  1.0420729e+000	 -2.9145129e-001	
 -2.6465222e-001	 -3.2117296e-001	  7.8203277e-001	  6.1988690e-001	  5.3586990e-001	 -4.3752240e-001	 -6.1447250e-001	 -6.8677065e-001	  1.6267650e+000	  1.8390670e+000	  2.1473311e-002	
  9.1691004e-002	 -5.0067212e-001	 -9.8551524e-001	 -5.3175041e-001	  9.6073636e-001	 -8.3610361e-001	 -8.7787872e-001	 -3.1350545e-001	  7.4314032e-001	 -8.5382035e-002	 -5.7399486e-001	
  1.2463029e-001	  8.8636686e-001	  1.1093565e+000	 -7.5053465e-001	 -7.3400874e-001	  3.9207541e-001	 -2.1161591e-001	 -5.6043473e-001	 -2.5989313e-001	 -3.5752634e-001	 -7.3228002e-001	
 -7.3478572e-001	 -5.2242959e-001	  8.4975491e-001	 -7.7603711e-001	 -8.8035163e-001	 -4.4999756e-001	 -5.9123077e-001	 -3.3647561e-001	 -1.2271040e+000	 -1.4713741e+000	  6.8681784e-001	
 -1.4953839e+000	 -8.3247360e-001	  8.0460682e-001	 -6.6328940e-001	  1.2298185e+000	 -1.0350823e+000	 -8.4688976e-001	  7.4025094e-001	  5.5208633e-001	 -4.6504277e-002	 -6.6817605e-001	
  1.2954723e+000	  1.6968328e+000	 -6.5141932e-001	 -7.6127253e-001	  5.7363581e-001	 -3.9385936e-001	 -5.0601111e-001	 -3.5944578e-001	  1.7819964e+000	  1.8390670e+000	 -2.0638441e-001	
  2.3243161e-001	 -3.2117296e-001	 -8.0589354e-003	 -4.0289588e-001	 -7.4345022e-001	 -7.4066867e-001	 -7.5004923e-001	  2.2629347e-001	  5.1626371e-001	  3.8115105e-001	 -4.3424212e-001	
  7.3724119e-002	 -1.5799190e-001	 -2.1122537e-001	  3.7357074e-002	  5.3586990e-001	 -1.6930657e-001	  6.3411176e-002	 -3.3647561e-001	 -8.0780015e-002	  1.1812359e-002	 -5.7703296e-001	
  1.2463029e-001	 -3.8100601e-001	 -1.2092918e-001	 -8.7536247e-001	 -9.7193396e-001	  1.1138442e-001	 -5.2797454e-002	  6.7708298e-001	 -1.4217402e+000	 -8.1757980e-001	 -7.3471050e-001	
  8.4630018e-001	  1.2236077e+000	  9.0619004e-001	 -7.9080169e-001	 -1.2178844e+000	  3.2969964e-001	  2.4547136e-001	  4.0144098e-001	  8.1478557e-001	  3.4227330e-001	 -4.0993730e-001	
 -1.5013728e+000	 -8.8142792e-001	  1.3576710e+000	 -8.0422403e-001	 -8.1426129e-001	 -1.3367129e-002	 -4.2079145e-001	 -5.8914744e-001	 -1.1590410e+000	 -1.3035518e+000	  2.4933103e-001	
  3.8814461e-001	 -2.7221864e-001	 -1.0964215e-001	  5.6619752e-001	 -8.0481982e-001	 -8.1302457e-001	 -6.8807130e-001	 -3.5944578e-001	 -1.1387415e+000	 -1.1221222e+000	  2.4884129e+000	
 -7.0484091e-001	 -1.0446090e+000	  8.0460682e-001	  2.9775059e-001	 -1.3919569e-001	 -1.3188110e-001	  1.4385466e+000	 -1.4697174e-001	  1.9372278e+000	  3.2516255e+000	 -3.9474678e-001	
 -1.1150848e+000	 -1.5799190e-001	 -1.5724405e+000	  5.9304221e-001	 -6.9152209e-001	  1.7820759e-002	 -3.1620368e-001	 -7.9300767e-001	 -1.2485975e+000	 -8.4997793e-001	  3.7340350e+000	
  1.3553619e+000	 -2.9941548e-001	 -1.6954691e+000	 -2.2572091e-001	 -6.3959397e-001	  3.2800738e+000	  2.7671986e+000	  1.2857924e+000	  1.3415572e-001	 -4.6504277e-002	 -5.4361383e-001	
  4.4803423e-001	 -2.3958243e-001	  5.7886633e-001	 -1.8008493e-001	  7.3886166e-001	 -5.9470936e-001	 -3.1620368e-001	  3.6789593e-002	  1.6997835e-001	  2.7099741e-001	 -5.5880434e-001	
  1.1487428e+000	  1.0985022e+000	 -1.9993835e-001	 -1.9016780e-002	  1.6588675e-002	 -8.6666774e-001	 -9.5147752e-001	 -6.5231540e-001	 -8.0780015e-002	 -2.0849493e-001	 -6.1045209e-001	
  3.6718324e-001	 -4.6803591e-001	 -1.0814549e+000	  1.8144757e+000	 -2.9025932e-001	 -8.1980482e-002	 -6.7645043e-001	 -4.0538611e-001	 -1.5053263e+000	  7.9584713e-001	 -8.8388135e-001	
  7.3724119e-002	 -4.1364222e-001	 -6.2884527e-001	  3.7828467e-001	  3.2343667e-001	  2.4629512e+000	  2.1900291e+000	  1.3661880e+000	  8.6392226e-002	 -4.6504277e-002	 -6.2868071e-001	
  1.6847548e+000	  4.6753549e-001	  1.1657916e+000	 -8.5254448e-001	 -9.1339680e-001	 -1.6930657e-001	 -2.8521471e-001	  7.8332000e-001	  1.0536031e+000	  2.7099741e-001	 -5.1627090e-001	
 -8.7977848e-002	 -1.5799190e-001	 -1.1017716e+000	 -8.4717554e-001	 -5.4517920e-001	  6.4157852e-001	 -1.5738522e-001	 -6.3508778e-001	 -4.7482887e-001	 -3.8344484e-001	 -6.7941703e-001	
  2.4333750e+000	  4.1717455e+000	  3.3103262e+000	  8.0779975e-001	  2.1409210e+000	  5.3553970e-001	  3.5393275e-001	 -4.8003915e-001	  3.8628729e-002	 -7.0742615e-001	 -6.1349019e-001	
 -2.0775708e-001	 -4.4627843e-001	 -6.4494057e-002	 -8.9146928e-001	 -8.8979311e-001	 -3.8138421e-001	 -6.4418317e-002	 -1.0830060e+000	 -1.3059137e+000	 -1.1739592e+000	  1.3643148e+000	
 -1.4265108e+000	 -1.0391696e+000	  2.9152804e+000	  1.0225573e+000	  1.6405227e+000	  2.0494809e-001	 -6.4418317e-002	 -9.5092756e-001	 -1.0623199e+000	 -9.9900933e-001	  1.2640574e+000	
 -6.3297337e-001	  8.1565507e-001	  5.5629228e-001	  4.3197405e-001	  4.1785144e-001	 -4.8118545e-001	 -2.3485764e-001	  3.2965921e-001	  5.4014545e-001	  1.2844563e-001	 -2.9752749e-001	
  9.1816773e-001	  5.4368664e-001	  7.0950235e-002	 -5.3175041e-001	 -1.3292939e+000	 -4.5623514e-001	 -3.6656075e-001	  1.2599510e+000	  1.8417008e+000	  1.1263081e+000	  3.9701929e-002	
 -1.4834059e+000	 -6.7473191e-001	  1.2738536e-001	 -8.4180660e-001	 -2.1177233e-002	 -3.1900843e-001	 -6.6870319e-001	 -6.8677065e-001	  5.4014545e-001	 -5.0655774e-001	 -6.4387122e-001	
 -5.1019965e-001	 -1.9606748e-001	  7.8203277e-001	  7.8279123e-003	  6.6332984e-001	 -3.9385936e-001	 -9.2823580e-001	 -2.5033749e-001	 -3.7930188e-001	 -9.8341287e-002	 -6.9977232e-001	
  1.4451964e+000	  7.2862518e-001	 -7.7896270e-001	  3.5593807e+000	  1.4516932e+000	  5.7920274e-001	  2.3385050e-001	 -7.2122590e-001	  7.4451352e-002	  3.4227330e-001	 -4.3424212e-001	
  1.2355827e+000	  2.6946632e-002	 -1.0385643e+000	  5.6148359e-002	  9.1824972e-001	  1.4880989e-001	 -4.4790679e-001	 -6.5231540e-001	 -1.2318803e+000	 -3.7048559e-001	  1.6802775e+000	
  3.1819953e+000	  2.6541616e+000	 -7.5864605e-001	  4.4539640e-001	 -4.4604369e-001	  6.6029125e-001	  2.0312106e+000	  2.5893493e+000	  7.3119945e-001	 -2.2145419e-001	 -5.8310916e-001	
 -2.5267430e-001	  5.8176222e-001	  9.7391218e-001	 -3.2236180e-001	 -4.8853034e-001	 -4.9303684e-001	 -6.4158784e-001	  1.1431390e-001	 -1.5853302e+000	  1.3077376e+000	 -7.0463328e-001	
 -2.9459703e-001	  6.4703465e-001	 -9.9341616e-001	  5.9304221e-001	  8.8048381e-001	 -7.2070843e-001	 -1.4061244e-002	  1.3116338e+000	 -2.1212963e-001	  1.1812359e-002	  2.3061267e+000	
 -4.9822173e-001	 -5.4962644e-001	 -2.7894752e-001	 -8.0556627e-001	  4.5089661e-001	  2.7979902e-001	 -2.4647850e-001	 -2.3885240e-001	  1.9372278e+000	  4.7834545e-001	 -2.5499405e-001	
