 -2.1387741e-001	 -1.8343175e-001	 -7.6064635e-001	  1.2506435e+000	 -7.5646947e-001	 -3.9954737e-001	 -3.8828451e-001	 -2.8715732e-001	  1.2141080e+000	  3.3308307e-001	 -5.5650378e-001	
  1.1021152e+000	  5.3491783e-001	 -5.6405947e-001	 -2.1448451e-001	 -6.0919853e-001	 -5.1201466e-001	 -6.0652935e-001	 -4.2079899e-001	  1.5532452e-001	  3.7163286e-001	 -7.4152114e-001	
 -5.9083692e-001	 -1.0438725e+000	 -1.1517508e+000	 -9.3219923e-001	  1.3298689e+000	  1.6493132e+000	  1.0666811e+000	  1.9702249e+000	 -5.7394969e-001	 -8.9408536e-001	 -7.5575325e-001	
 -6.0429976e-001	 -3.9656844e-001	 -1.0431106e+000	 -7.5730783e-001	  1.9128164e+000	 -5.6580336e-001	 -6.6041697e-001	 -5.1376711e-001	  4.4228452e-001	  8.5993024e-001	 -5.5533674e-002	
  2.8088196e-001	 -3.8078054e-001	 -1.2076228e+000	 -9.9753602e-001	 -7.6260576e-001	 -1.4038362e-001	 -2.0237224e-001	 -5.5153541e-001	 -8.0153865e-001	 -6.9491143e-001	 -6.4072938e-002	
 -1.3716816e+000	  1.4190404e+000	  1.2155691e+000	  3.4120373e+000	  3.0541662e+000	  1.2336732e+000	  7.1910597e-001	 -4.3242001e-001	  1.3031645e+000	  1.0848040e+000	 -4.5687904e-001	
 -5.7064266e-001	 -7.5969020e-001	  8.5343535e-001	 -7.0616034e-001	 -9.6510331e-001	  4.3662246e-001	  1.0209278e-001	 -6.6774556e-001	  9.2714797e-001	  3.0738320e-001	 -5.0811462e-001	
  1.2670350e+000	  1.5600816e-001	 -8.1651841e-001	 -9.5364818e-001	 -2.1647601e-001	 -3.4669264e-003	 -3.7750699e-001	 -6.7646133e-001	 -9.6876707e-001	 -8.0413584e-001	  2.4151598e+000	
  3.5186950e+000	  9.2856551e-002	 -1.0710467e+000	  7.5566781e-001	 -6.4601626e-001	 -7.5846472e-001	 -7.1161020e-001	  2.0021827e+000	 -1.1350060e+000	 -9.0964663e-002	  1.3192877e+000	
 -1.3851445e+000	 -3.6499263e-001	 -7.7099303e-001	 -6.2036456e-001	  1.7011021e-001	 -7.3108138e-001	 -4.5564403e-001	 -6.3288252e-001	  2.6687280e-002	 -4.0578798e-001	 -7.6429251e-001	
  2.0347063e-001	 -5.7128526e-002	 -1.2924656e+000	  3.7948630e-001	 -1.1215910e-001	 -1.0126457e-001	 -5.0683727e-001	  1.3700974e-001	 -2.4048238e-001	 -9.1978522e-001	 -8.7103330e-001	
  1.2098179e+000	 -5.7128526e-002	  5.6372838e-001	 -4.2732405e-001	  2.8975558e-002	 -1.3246691e-002	 -7.0347587e-002	 -6.5031404e-001	 -1.7121617e-001	 -6.3066177e-001	 -9.7151196e-001	
  1.8664208e-001	  2.0821323e+000	  1.0293289e+000	 -6.0551529e-001	 -1.4056889e+000	 -5.3353014e-001	 -3.5325756e-001	  2.3072343e+000	 -1.2379158e+000	 -8.4268563e-001	  1.2168165e+000	
  1.7348687e+000	  1.8216319e+000	 -3.9851263e-001	 -2.1443996e-002	 -2.1647601e-001	  2.0982484e-002	 -3.1553623e-001	 -6.4159828e-001	 -1.0706873e+000	 -1.3245581e+000	 -9.8229990e-002	
 -1.0617469e-001	  5.1123598e-001	 -9.6447590e-001	 -7.2100961e-001	 -1.2823495e+000	  4.9041116e-001	  1.1017592e-001	 -7.1713488e-001	  2.0749880e+000	  2.2991225e+000	 -4.7680399e-001	
 -4.9659704e-001	 -1.6764385e-001	 -1.7088573e-001	 -1.0316893e+000	  1.1457802e+000	 -3.3108903e-001	 -2.2392729e-001	 -2.6391529e-001	  1.0584866e-001	 -6.8206150e-001	  3.2873317e-001	
  8.2276127e-001	  1.3558888e+000	 -1.3452336e+000	  3.3988824e-001	  9.0338451e-002	  9.1583090e-001	  1.1852338e+000	  2.3288311e-001	  6.4018797e-001	  1.2004534e+000	 -3.5608727e-002	
  9.4392683e-001	 -1.8708665e-003	 -3.8816596e-001	 -2.7883135e-001	  1.2255520e+000	 -1.0615445e-001	 -4.2870022e-001	 -7.5490318e-001	  5.3134107e-001	  9.1775493e-001	 -4.7680399e-001	
  1.2670350e+000	  4.2371811e+000	  3.9818154e-001	 -8.5795288e-001	 -5.0488161e-001	  3.9750340e-001	  1.2095345e-001	 -6.9970336e-001	 -5.6702307e-001	 -9.1978522e-001	 -9.0718285e-001	
  8.2594523e-003	 -2.3868941e-001	 -9.7171857e-001	 -8.6620248e-001	 -5.6932492e-002	 -1.9906221e-001	 -4.6103279e-001	  6.1473137e-002	  2.1046735e+000	  1.9585994e+000	 -5.5081094e-001	
 -5.4708269e-001	 -8.7809948e-001	 -9.8458984e-002	 -7.6390750e-001	 -5.7238079e-001	 -4.6311584e-001	 -2.6703738e-001	 -6.9970336e-001	 -1.0073582e+000	 -1.5937641e+000	 -8.1979772e-001	
  3.3809903e-001	  4.4019041e-001	 -4.7093938e-001	 -8.6125272e-001	 -8.5465010e-001	 -8.1705040e-002	 -2.0776100e-001	 -6.3288252e-001	 -7.9659107e-001	  2.4684718e-002	  2.8705872e+000	
 -3.6870007e-001	 -1.6764385e-001	 -2.0192576e-001	  1.7951167e+000	  1.1457802e+000	  3.0762248e-002	  4.9816675e-001	  1.2497219e+000	 -1.2794755e+000	  1.6437760e+000	 -8.1752059e-001	
 -7.9277952e-001	 -1.2254333e+000	 -3.4677925e-001	 -9.4044883e-001	 -1.2633270e+000	 -2.7241044e-001	 -2.6703738e-001	 -2.3776800e-001	  1.0755756e+000	  4.4230748e-001	 -1.8077620e-001	
 -2.8455732e-001	 -3.0184102e-001	  1.1882125e-001	 -6.7811172e-001	 -5.0488161e-001	 -4.4844620e-001	 -2.3739919e-001	  5.5536628e-001	  1.4318018e+000	  9.6915466e-001	 -5.0811462e-001	
 -3.6870007e-001	  3.4546300e-001	  1.6190895e+000	  1.8941119e+000	  1.9741793e+000	  5.8820880e-001	  1.2095345e-001	 -7.7233470e-001	 -1.2794755e+000	  1.7144507e+000	 -9.5272559e-001	
  1.4083948e+000	 -3.3341683e-001	  5.0077919e-003	  5.2467916e-001	  2.8669971e-001	 -4.2585983e-002	 -3.6403509e-001	 -5.8058795e-001	 -2.9982372e-003	  2.2385865e-001	 -7.7795533e-001	
 -3.2831155e-001	 -6.0181118e-001	 -1.0638040e+000	  4.7848143e-001	  1.8851908e-001	 -7.4037215e-001	 -4.2870022e-001	 -5.4281965e-001	  9.2714797e-001	  4.6800734e-001	 -4.5687904e-001	
 -6.3795686e-001	 -6.0181118e-001	  9.8127890e-002	 -8.7280215e-001	  4.3397065e-001	 -3.5553844e-001	  1.8103302e+000	 -4.4113577e-001	  3.0375211e-001	  2.0458375e-001	 -6.7320704e-001	
 -7.5239100e-001	 -7.5969020e-001	 -1.1858948e+000	  4.0753492e-001	 -1.3978467e-002	 -4.3866643e-001	  8.0537734e-002	  4.0719834e-001	 -9.2621782e-001	 -9.1978522e-001	 -9.7151196e-001	
  1.1828922e+000	  9.4540331e-001	 -1.8123240e-001	 -5.9066602e-001	 -6.0919853e-001	  2.5569682e-001	 -1.1345768e-001	 -5.6025117e-001	 -1.0479284e+000	 -8.6196053e-001	  1.7120938e+000	
  2.4049344e-001	  1.2927372e+000	  9.5690213e-001	  1.6631232e+000	  1.0874732e-001	 -8.1763229e-001	 -7.6010905e-001	 -4.7309356e-001	 -2.7016789e-001	 -8.8766039e-001	 -7.4721399e-001	
 -7.2209961e-001	 -1.0754483e+000	  1.6811696e+000	  3.3295413e+000	  2.7228066e+000	 -7.8535907e-001	  1.0483835e-002	  1.2497219e+000	  6.6987349e-001	 -2.4516384e-001	 -7.8279425e-001	
 -2.7109448e-001	  7.7068648e-002	 -1.0772547e+000	 -7.1770978e-001	  7.9601172e-001	 -7.5650877e-001	 -5.9575183e-001	 -6.7646133e-001	 -3.5922444e-001	 -3.6081322e-001	 -8.9295074e-001	
  7.8939362e-002	 -9.1756923e-001	  2.1194134e-001	  2.9703490e-002	  3.0510858e-001	 -3.0174973e-001	 -5.6341926e-001	 -1.3608412e-001	  4.9176038e-001	  3.9733272e-001	 -1.1530852e-001	
 -1.3646608e-001	 -9.6598284e-002	 -9.8723859e-001	 -7.5730783e-001	 -1.5511312e-001	 -6.5675517e-001	 -6.4425068e-001	 -2.3776800e-001	  2.8369162e+000	  1.6437760e+000	 -9.7293517e-001	
 -1.6231002e+000	 -1.6611795e+000	  3.6047825e-002	  8.2166457e-001	 -7.6874205e-001	 -5.6971527e-001	 -4.0714518e-001	 -3.1039935e-001	 -1.0815720e+000	 -9.3906012e-001	  8.4108895e-001	
  1.5665832e+000	  1.8216319e+000	  2.5606372e+000	  1.5179749e-001	  3.7874405e-001	 -1.6972292e-001	  4.9816675e-001	  1.6332154e+000	 -7.5305231e-001	 -9.3906012e-001	  1.8174114e+000	
  1.0751895e+000	  1.9547792e-001	  5.2234167e-001	 -7.6720734e-001	 -7.8101463e-001	  2.8014623e-001	  2.4220058e-001	 -6.9970336e-001	 -3.0974858e-001	 -1.2153336e+000	 -7.8279425e-001	
 -5.9083692e-001	  4.6387227e-001	  1.4638893e+000	  1.0196548e+000	 -6.2760740e-001	  1.1945542e+000	  9.4004519e-001	 -7.0841912e-001	 -1.2171359e+000	 -7.2061129e-001	  1.6637046e+000	
 -1.3750473e+000	 -1.2570091e+000	 -9.4171321e-001	  1.7456192e+000	  3.4192631e-001	 -5.9269772e-001	 -3.4786880e-001	  1.2003326e+000	  9.8651901e-001	  1.5960899e-001	 -9.0974463e-001	
  1.3279072e-001	 -1.2817409e-001	 -5.9509951e-001	 -8.0020572e-001	  7.8065872e-002	 -8.2398914e-001	 -7.1161020e-001	 -1.5169512e+000	  3.2354245e-001	 -1.3865076e-002	 -7.5859967e-001	
  2.4049344e-001	  5.3491783e-001	 -9.1791585e-001	 -5.2796910e-001	  1.1212351e+000	 -7.5650877e-001	 -9.3012448e-001	 -4.4113577e-001	  1.0557852e+000	  8.0853052e-001	 -2.4339746e-001	
  8.2594523e-003	 -1.8708665e-003	  1.1534890e+000	 -9.8549161e-001	  1.4341858e+000	  2.2146765e-001	  1.2095345e-001	 -3.3364138e-001	 -9.9746307e-001	 -8.4268563e-001	  2.9858957e-002	
  2.4049344e-001	 -4.1235634e-001	  4.6026160e-001	 -7.7710686e-001	 -1.3995526e+000	  9.1583090e-001	  9.9393280e-001	  2.2026452e+000	 -5.1358913e-001	 -6.4351170e-001	 -7.2444262e-001	
  1.9031542e+000	  1.5137678e+000	 -6.8821961e-001	  1.0526532e+000	 -1.0681930e+000	 -8.0051770e-001	 -7.5472029e-001	  4.6280693e-004	  1.2833742e+000	  1.3546526e+000	 -3.2025083e-001	
  1.4083948e+000	 -1.2817409e-001	  1.5354470e-002	 -9.2889940e-001	 -5.7238079e-001	 -6.5968910e-001	 -7.9729151e-001	 -5.8058795e-001	 -1.3163548e-001	 -6.0496191e-001	 -4.6257188e-001	
  1.9704684e+000	 -1.7658769e-002	 -8.2583042e-001	  9.0416051e-001	 -1.3670425e-001	 -3.6531820e-001	 -4.9336536e-001	 -7.7814521e-001	 -1.0419913e+000	 -1.2089087e+000	 -1.0290097e+000	
 -5.5717982e-001	 -1.8343175e-001	 -9.0963851e-001	 -1.0346592e+000	 -2.6251046e-002	  1.0900036e-001	 -3.2631376e-001	 -9.6698671e-001	 -3.1964375e-001	  4.4230748e-001	  9.8341000e-001	
 -7.0190535e-001	 -9.8072084e-001	 -4.6725596e-002	  5.0817997e-001	 -6.6442513e-001	  7.9661069e-002	 -3.2631376e-001	 -1.0105655e+000	  9.2714797e-001	  1.0269793e+000	  3.0311538e-001	
 -8.0287665e-001	 -4.1235634e-001	  9.5690213e-001	 -2.9368062e-001	 -4.9260903e-001	 -2.8219020e-001	  2.9069943e-001	  1.8423937e+000	  1.2141080e+000	  1.6437760e+000	 -5.0242178e-001	
 -3.6870007e-001	 -5.6234142e-001	  2.4298138e-001	  3.3988824e-001	  1.2991874e+000	 -8.0931949e-001	 -5.3647545e-001	  3.1713547e-001	 -9.5392431e-001	 -7.0776136e-001	  2.5290166e+000	
 -6.5815112e-001	 -8.2284182e-001	 -5.3301944e-001	 -8.6455256e-001	 -1.1350785e+000	 -9.1484804e-002	 -1.7003967e-001	 -5.8058795e-001	 -1.0449599e+000	 -1.0418596e+000	  6.9307506e-001	
 -2.4080309e-001	  5.3491783e-001	 -1.8123240e-001	 -9.5529810e-001	  9.0338451e-002	 -6.3426171e-001	 -1.7003967e-001	  2.2026452e+000	 -2.7016789e-001	 -3.0941349e-001	 -4.6257188e-001	
 -5.4708269e-001	 -1.0833422e+000	  1.8363697e+000	 -7.0616034e-001	  2.0109970e+000	  1.2141137e+000	  9.0232386e-001	  7.5873405e-001	 -1.8111134e-001	 -3.2868839e-001	 -7.6713893e-001	
 -9.3750505e-001	 -7.8337206e-001	 -6.4683289e-001	  4.9333070e-001	  1.4341858e+000	  4.5129211e-001	  3.1494886e-001	  2.3072343e+000	  1.1250514e+000	  1.2904029e+000	 -6.8174630e-001	
 -1.6675747e-001	  9.2856551e-002	  3.2745579e+000	 -1.4518791e-001	  9.3101008e-001	  5.4419987e-001	  3.5267019e-001	  1.9382671e+000	 -5.2942141e-001	  1.3225278e+000	 -7.0167125e-001	
  6.5784148e-001	 -4.1340624e-002	  7.8100861e-001	  1.5476289e+000	  5.4442386e-001	 -4.2585983e-002	 -2.3739919e-001	 -8.7692384e-001	  1.8501004e-001	 -2.4516384e-001	 -7.0451767e-001	
 -1.6904144e+000	 -9.3335714e-001	  4.8095496e-001	  4.0753492e-001	 -1.1614646e+000	  5.5025403e+000	  6.9565974e+000	  1.5751104e+000	 -4.4927051e-001	 -8.4268563e-001	 -9.3963205e-001	
 -3.4177439e-001	 -1.3841018e+000	 -5.4336612e-001	 -2.5408256e-001	  5.9657004e-002	 -7.9122693e-001	 -3.0206433e-001	  1.3700974e-001	  2.4015287e+000	  3.0765434e+000	  2.8990514e+000	
 -1.4188016e+000	 -4.9129586e-001	  1.1882125e-001	  1.2836419e+000	  5.4442386e-001	  2.3827955e+000	  1.9181054e+000	  2.1009613e+000	 -8.1143382e-001	 -1.0418596e+000	 -5.7927515e-001	
 -7.7258526e-001	  1.3917036e-002	  5.4303503e-001	 -7.7050718e-001	 -2.5329375e-001	  6.9881305e-002	 -1.5387339e-001	 -1.2446311e-001	  7.0945418e-001	  6.3234511e-002	 -7.9503386e-001	
  2.1724110e+000	  1.4506162e+000	  1.1882125e-001	  7.2266943e-001	 -6.9205071e-002	 -1.9417233e-001	 -1.6459972e-002	  1.6332154e+000	  2.0480038e-001	 -9.0964663e-002	 -8.7103330e-001	
 -5.7064266e-001	 -6.1759908e-001	  4.8095496e-001	 -7.6060767e-001	 -1.2694633e+000	  4.3662246e-001	 -1.3770710e-001	 -8.1591351e-001	  1.6396004e+000	  1.6759009e+000	  6.3330022e-001	
 -1.3750473e+000	 -9.4914504e-001	  4.3956825e-001	  1.6136256e+000	  2.8669971e-001	 -6.7035393e-002	 -1.6195653e-001	 -7.7233470e-001	 -8.6486776e-001	 -1.1061092e+000	  2.0166608e+000	
  1.4961927e-001	  2.0821323e+000	 -5.8475283e-001	  1.4024806e-001	 -8.4237752e-001	 -4.5822596e-001	 -2.4543114e-002	  2.4844548e+000	  4.8186521e-001	 -2.1303901e-001	 -5.7927515e-001	
 -6.2785973e-001	 -1.3777866e+000	 -5.4336612e-001	 -9.3384915e-001	 -6.6442513e-001	 -2.3026455e-002	 -2.3739919e-001	 -8.1591351e-001	 -1.8111134e-001	 -4.1863791e-001	  1.3847554e+000	
 -8.3989946e-001	 -5.6234142e-001	 -1.0296600e+000	  1.0526532e+000	 -6.7056142e-001	 -6.7035393e-002	 -7.0347587e-002	 -6.7646133e-001	  1.0063094e+000	  2.8810831e-001	 -5.6788946e-001	
 -2.9802016e-001	 -5.8602327e-001	  1.2155691e+000	 -1.7983621e-001	  1.2746423e+000	 -7.3792721e-001	 -1.9428910e-001	 -2.7553630e-001	 -3.6911962e-001	  5.4098210e-003	 -4.2841483e-001	
 -1.5029443e+000	 -1.7045962e+000	  6.6719516e-001	 -3.3162875e-001	 -8.4237752e-001	 -4.6311584e-001	 -4.2870022e-001	 -1.9999970e-001	 -1.1458907e+000	 -7.4631115e-001	  1.3847554e+000	
  4.3907033e-001	  5.3386794e-002	  5.0077919e-003	  2.1119457e-001	 -4.9260903e-001	 -6.6604595e-001	 -3.9636766e-001	 -5.6025117e-001	 -1.2695803e+000	  1.8493749e+000	 -6.5612851e-001	
  2.4049344e-001	  8.3488799e-001	  4.5058125e+000	  1.4156354e+000	 -3.0238406e-001	 -3.7020808e-001	 -6.6580573e-001	 -5.1376711e-001	  9.0735763e-001	  9.1775493e-001	 -3.1171157e-001	
  9.9777819e-001	  1.1111763e+000	 -2.6400582e-001	 -6.1046505e-001	  4.7384426e-002	  8.8160173e-001	  2.2064553e-001	  6.5414491e-001	 -7.4711520e-001	 -6.1781184e-001	  5.4221474e-001	
  1.4083948e+000	  7.5594847e-001	  4.3956825e-001	 -1.9633540e-001	 -1.3774619e+000	 -7.6922246e-001	  5.0899546e-002	 -1.3608412e-001	  2.1469556e-001	 -7.1689766e-002	 -6.3335715e-001	
 -1.1428134e+000	 -1.0912362e+000	  6.4650180e-001	 -7.3915872e-001	 -5.9078966e-001	 -7.9122693e-001	 -7.4663715e-001	 -4.6437780e-001	 -1.6132100e-001	 -3.0941349e-001	 -2.2631894e-001	
 -1.0754992e+000	  1.2611614e+000	 -5.5371280e-001	 -6.5996261e-001	  4.7384426e-002	 -9.2765464e-001	 -8.1642161e-001	 -1.1558282e+000	  6.6987349e-001	  2.2385865e-001	 -6.7320704e-001	
 -1.0149164e+000	 -9.8072084e-001	  1.1845290e+000	 -6.1042050e-002	  6.9169480e-001	  1.3168012e+000	  7.3527225e-001	 -8.3625028e-001	  4.3238935e-001	  2.0458375e-001	 -9.1116784e-001	
  4.8282456e-001	 -5.7128526e-002	  4.6026160e-001	 -8.0515548e-001	 -5.9078966e-001	 -7.6815157e-002	  1.7484106e-001	 -5.4737015e-002	 -1.1399535e+000	 -1.4935346e+000	  1.0574170e+000	
  2.7445817e+000	  1.8216319e+000	 -9.4895588e-001	 -6.5996261e-001	 -7.4419689e-001	 -6.5968910e-001	 -5.6341926e-001	 -7.8686097e-001	 -9.6480900e-001	 -5.9211198e-001	  2.4436240e+000	
 -7.6248813e-001	 -2.3868941e-001	  6.4650180e-001	 -8.3155418e-001	 -1.2762132e+000	  6.3221774e-001	  4.4158475e-001	  7.3839727e-001	  1.3553418e-001	  2.8810831e-001	 -4.4549336e-001	
 -3.2831155e-001	 -6.1759908e-001	 -1.1517508e+000	  4.2073427e-001	 -5.7851708e-001	 -5.8878581e-001	 -6.1461249e-001	 -8.9435536e-001	 -1.0736559e+000	 -5.9211198e-001	  1.6153155e+000	
 -3.2831155e-001	 -6.8075069e-001	 -9.0963851e-001	 -8.3815386e-001	  2.3178115e+000	 -4.8267537e-001	 -6.4425068e-001	 -3.5688341e-001	  2.1469556e-001	 -4.3791280e-001	 -7.5859967e-001	
 -1.9704886e-001	 -7.1232650e-001	 -1.0296600e+000	 -9.5859794e-001	 -1.4486429e+000	  2.2898878e+000	  2.4300377e+000	  5.3793476e-001	  3.0375211e-001	 -7.1689766e-002	 -8.3630697e-001	
 -7.9277952e-001	 -1.4290973e+000	 -4.7093938e-001	  1.3991362e+000	  1.8453172e+000	 -1.7950268e-001	 -6.1461249e-001	 -3.4526239e-001	 -4.3244872e-001	  1.0269793e+000	  4.8528632e-001	
  7.8939362e-002	  1.3917036e-002	 -2.0192576e-001	 -1.9633540e-001	 -4.3738243e-001	  2.6547659e-001	 -1.1345768e-001	 -4.9343034e-001	 -1.0766244e+000	 -3.6081322e-001	  1.1741202e+000	
  3.5829329e-001	 -8.5441762e-001	 -6.6752625e-001	  9.5700246e-002	 -7.5646947e-001	 -3.5553844e-001	 -2.5895424e-001	 -2.4938902e-001	  1.0755756e+000	  1.0848040e+000	 -2.2631894e-001	
  1.3814691e+000	  1.5137678e+000	 -1.3984569e-001	 -8.8600150e-001	  3.0510858e-001	 -8.1274241e-001	 -4.4486651e-001	 -1.5870550e+000	 -7.6987410e-001	 -1.3865076e-002	  1.0204135e+000	
 -6.1439689e-001	 -1.2817409e-001	  5.0077919e-003	  2.1119457e-001	 -1.2443167e-001	 -6.2105903e-001	 -5.9305745e-001	 -3.6559917e-001	  2.5427625e-001	 -3.8651308e-001	 -8.6420189e-001	
  4.1887607e-001	  1.1653840e-001	  9.8127890e-002	  3.0655543e+000	  8.6351090e-001	  4.8179568e+000	  3.6155653e+000	  2.0092532e-001	 -7.4117810e-001	 -1.2603084e+000	  1.1342703e+000	
  5.4677305e-001	 -1.1238619e-001	 -4.5024602e-001	 -9.4374867e-001	  1.0230544e+000	 -4.0443726e-001	 -2.0237224e-001	  2.9970395e-001	 -6.1649893e-001	 -1.0482845e+000	  3.4011885e-001	
 -8.0287665e-001	 -2.7026522e-001	  1.4328493e+000	 -9.0250069e-001	 -7.6874205e-001	 -4.9734502e-001	 -5.9305745e-001	 -2.1452597e-001	 -8.7476293e-001	 -1.3245581e+000	  3.7996874e-001	
  4.1887607e-001	  1.3243130e+000	 -6.2613954e-001	 -8.2330459e-001	 -6.6442513e-001	 -1.3060386e-001	 -8.3768297e-003	  2.5599914e+000	  1.7781328e+000	  2.1834732e+000	  8.1094535e-002	
  9.4392683e-001	  1.7190105e+000	  1.7122096e+000	  6.2367430e-001	  2.5325816e+000	 -1.4038362e-001	 -2.0776100e-001	 -6.8517709e-001	 -1.1755762e+000	 -1.1382341e+000	  9.8341000e-001	
 -2.7109448e-001	 -1.1238619e-001	 -2.0192576e-001	 -5.5601772e-001	 -1.4099843e+000	 -2.7241044e-001	 -5.4994736e-001	  5.3793476e-001	 -8.9653231e-001	 -1.1125342e+000	  1.1171918e+000	
 -1.4995786e+000	 -1.6217097e+000	 -7.7765629e-002	  1.2506435e+000	  4.1556178e-001	 -5.8145099e-001	 -7.4933153e-001	 -7.1713488e-001	 -1.2201044e+000	 -1.2153336e+000	  7.2438569e-001	
 -5.2015701e-001	  4.6387227e-001	 -6.3648622e-001	  4.7848143e-001	 -4.3738243e-001	  9.5494996e-001	  9.9393280e-001	 -5.4281965e-001	  5.3134107e-001	  6.3234511e-002	 -6.3904999e-001	
 -1.3646608e-001	  7.7963033e-001	 -4.9163273e-001	 -4.7682161e-001	 -3.0238406e-001	 -3.7998785e-001	 -3.4786880e-001	  3.3456699e-001	 -1.1310479e+000	 -1.1446590e+000	  7.8985337e-001	
  1.5665832e+000	  1.5137678e+000	 -6.3648622e-001	  5.7417673e-001	 -8.1783236e-001	  7.9847373e-001	  7.1910597e-001	  1.0521647e+000	 -2.2788582e-002	  4.3959614e-002	 -7.4436757e-001	
 -5.2015701e-001	 -2.5447731e-001	 -3.2608589e-001	 -8.1505499e-001	 -7.9328721e-001	 -9.1640791e-001	 -8.9294202e-001	 -1.5544290e+000	  9.4693832e-001	  6.3505645e-001	 -7.3013546e-001	
 -7.8268239e-001	 -4.4393215e-001	  4.6394502e-002	  3.3988824e-001	  2.8975558e-002	 -7.9856175e-001	 -5.6611364e-001	 -5.2248288e-001	  2.9457631e+000	  1.7465755e+000	 -5.0242178e-001	
