 -1.3566491e+000	 -6.5034992e-001	 -2.0073804e-001	 -7.1980934e-001	 -8.5297232e-001	  6.1089550e-001	  2.3163101e-001	 -1.9028966e-001	  5.6016989e-001	  7.4704105e-001	 -4.0507498e-001	
 -2.1377650e-001	 -3.8006104e-001	  2.6152573e-001	 -2.6277400e-001	  3.4752460e+000	 -1.0386914e+000	  1.0806023e-002	  1.9682772e+000	  2.7454480e-001	  7.2246572e-001	  2.7730434e+000	
  1.8781945e+000	  1.7648120e+000	 -1.0154779e+000	 -6.2687882e-001	 -5.6867915e-001	 -2.7907234e-001	 -3.3963363e-001	  1.2310227e-001	  8.0639841e-001	  1.0910958e+000	 -6.1312336e-001	
  1.3818081e-001	 -4.8739188e-002	 -7.0922819e-001	 -5.7203458e-001	  1.3459483e+000	  2.1535424e-001	  1.7402449e-001	 -9.7551234e-002	 -3.7549850e-001	 -4.7558189e-001	 -8.5512906e-001	
  2.3704523e-001	 -2.9287108e-001	 -2.8741250e-001	  3.6488788e-001	  2.3778512e-001	  8.3563486e-001	  1.3081960e-001	 -3.0221535e-001	  1.0427778e+000	  5.3200687e-001	 -5.8920975e-001	
  6.0877542e-001	  3.5747884e-003	  9.7807309e-002	 -7.8684119e-001	 -3.4240500e-001	  5.9291636e-001	  2.9403807e-001	 -7.6590750e-001	  9.5413552e-001	  2.3095900e-001	 -7.1116915e-001	
  3.2009133e-001	 -4.1493702e-001	  2.9041721e-001	  5.4465512e-001	 -3.5400881e-001	 -4.9032734e-001	  7.6449130e-001	  1.3766700e+000	 -1.2432078e+000	 -1.1575475e+000	  4.7733712e-001	
 -6.3502590e-002	 -6.4163092e-001	 -3.1630398e-001	  1.1692701e+000	 -1.1696633e-002	  1.4379363e+000	  1.5517804e+000	  6.4435620e-001	 -5.0476847e-002	 -3.2812988e-001	 -4.5290219e-001	
  9.3305070e-001	 -8.3615172e-002	 -8.7487270e-001	 -7.4266111e-001	  1.7312873e-002	  5.2099976e-001	  3.2284133e-001	 -3.8216228e-001	  1.6928211e+000	  2.3505817e+000	 -1.3245986e-001	
 -1.6627333e+000	 -1.6111833e+000	 -7.9975484e-001	  5.7512414e-001	 -6.0929246e-001	  3.9514572e-001	 -5.6045862e-001	 -3.2460049e-001	 -3.4595107e-001	 -2.8512304e-001	  2.9165250e+000	
 -1.3803766e+000	 -1.1647707e+000	 -3.8371745e-001	 -6.9086377e-001	 -6.7891528e-001	  2.1535424e-001	  1.3081960e-001	 -6.1560729e-001	  1.6140280e+000	  8.5148623e-001	 -5.1268621e-001	
  4.9409270e-001	  7.5340845e-001	  5.3117959e-001	  3.4696813e+000	  5.3948399e-001	 -9.8565287e-001	 -1.0318720e+000	 -1.1016846e+000	 -8.9873411e-002	 -3.1584221e-001	 -9.5700103e-001	
 -3.3636837e-001	 -3.1902807e-001	 -8.0745924e-001	 -5.6898768e-001	 -1.1613086e-001	  3.5918743e-001	  5.0526197e-001	 -2.7663234e-001	  8.0639841e-001	 -1.4794352e-002	 -3.9790090e-001	
  4.0709202e-001	 -1.8824312e-001	 -3.8371745e-001	  2.7043391e-001	 -1.2773466e-001	 -4.0492638e-001	 -4.4524558e-001	  2.6782059e+000	  6.8820872e-001	  2.1252750e-001	 -5.8920975e-001	
  4.9409270e-001	  6.4607761e-002	 -5.1854438e-001	 -7.2742660e-001	 -1.3223461e+000	 -7.7889267e-001	 -5.8926188e-001	  1.0711289e-001	 -1.1053198e+000	 -1.4082159e+000	 -8.7306427e-001	
  7.0368526e-001	 -1.7080513e-001	 -3.7408695e-001	  4.7762327e-001	  3.6542695e-001	 -5.9280848e-001	 -6.7087111e-001	 -5.2926461e-001	  1.0821744e+000	  1.4720135e+000	 -4.6725036e-001	
  6.5623034e-001	  6.7493748e-001	  9.7418237e-001	 -7.7313013e-001	 -5.0485824e-001	  1.4379363e+000	  9.9491738e-001	 -6.8596058e-001	  1.3665683e-001	  1.9409600e-001	 -9.5747930e-001	
 -8.1385185e-003	 -3.8006104e-001	 -1.1368222e+000	 -7.7160668e-001	 -6.3913744e-002	 -3.0604106e-001	 -4.1999952e-002	  1.5829491e-003	  3.5333793e-001	  4.2141786e-001	 -4.2420587e-001	
 -1.0165555e+000	 -4.5853200e-001	 -1.2090509e+000	 -7.9598190e-001	  5.9750300e-001	  1.3120823e+000	  5.3886577e-001	 -5.1967098e-001	 -8.7977451e-001	 -1.2804241e+000	 -3.5007368e-001	
 -6.3502590e-002	  8.3187941e-001	  4.9265761e-001	 -6.7715271e-001	 -9.1679323e-001	  9.1654103e-001	  4.5245600e-001	 -3.4698563e-001	  1.0821744e+000	  5.8931655e-002	 -4.8159852e-001	
 -1.1312383e+000	 -1.5763073e+000	  1.3401412e+000	 -7.1523899e-001	 -1.0792465e+000	 -7.1956148e-001	 -4.9325101e-001	 -2.8942385e-001	  1.3481012e+000	  1.5395956e+000	 -4.9833805e-001	
  1.0258962e-001	 -1.1849116e-001	  9.7807309e-002	 -7.4266111e-001	 -9.2781684e-001	  5.5695806e-001	  2.1722938e-001	 -6.2520092e-001	  8.2609669e-001	  3.7841102e-001	 -5.8203567e-001	
 -1.5781054e+000	 -3.9749903e-001	  1.1706830e-001	 -5.3090140e-001	  5.7926182e-002	 -8.9126235e-001	 -9.1089827e-001	  6.0598168e-001	 -9.8220558e-001	 -1.3910131e+000	  6.8777686e-001	
  1.1545070e+000	  9.9483745e-002	  1.9179709e+000	 -5.7965184e-001	  9.6882468e-001	 -9.1643315e-001	 -9.5362310e-001	 -3.9495378e-001	 -9.1523142e-001	 -4.2028739e-001	  1.3669233e+000	
 -7.5555348e-001	 -5.5444096e-001	 -7.4004577e-001	  2.0071682e+000	 -3.1339550e-001	 -7.6361039e-001	 -7.9568523e-001	 -4.5891132e-001	  2.7454480e-001	 -5.9231474e-001	 -4.9116397e-001	
 -1.3073039e-001	  5.7902853e-001	  3.0967820e-001	 -6.4820714e-001	  3.3061554e-001	  1.6177278e+000	  2.7663178e+000	 -3.4698563e-001	 -1.0659233e+000	  2.4939051e-001	  1.3262702e+000	
  4.0709202e-001	 -4.1493702e-001	 -6.1484933e-001	  6.4768003e-002	  1.5655850e-001	 -3.7795766e-001	 -1.1149214e+000	 -7.7230325e-001	  5.7001903e-001	  6.7331505e-001	 -4.5768492e-001	
 -3.5218668e-001	 -1.1124567e+000	 -1.6221606e-001	 -6.9543413e-001	  2.3670829e+000	 -7.4742916e-001	  2.0282775e-001	  6.0598168e-001	 -1.3911912e-001	 -6.4146541e-001	 -7.1595187e-001	
  6.3250288e-001	  8.2045753e-002	  1.1132852e-002	 -6.8781687e-001	 -4.0622592e-001	  1.4109676e+000	  1.4989744e+000	  2.3776055e+000	  4.0258363e-001	  2.3095900e-001	 -3.6203049e-001	
 -8.7419078e-001	  2.0525389e+000	  1.1706830e-001	  3.7345882e-002	  1.1594519e-001	 -2.4311404e-001	 -4.5964721e-001	 -3.0221535e-001	  1.9575168e-001	 -1.0080803e-001	 -7.1356051e-001	
  2.6077269e-001	  6.0518552e-001	  3.0928913e+000	 -8.3056424e-001	  2.2336392e+000	  3.5562756e-002	 -1.1400810e-001	  4.6353225e-002	 -6.7688221e-001	 -5.3087640e-001	  1.2234417e+000	
  3.2009133e-001	  9.8882134e-001	 -4.2223943e-001	 -7.2742660e-001	 -1.0452705e-001	  2.9626041e-001	  1.8842612e-001	 -4.6850495e-001	  1.5635511e-001	 -7.9506126e-001	 -7.3269140e-001	
 -7.4368975e-001	 -1.1849116e-001	 -8.5172099e-002	 -4.8367441e-001	  5.7926182e-002	 -6.8989588e-001	 -1.8601625e-001	  4.6847297e-001	  3.1394137e-001	  6.9789038e-001	 -6.2986289e-001	
 -6.1318873e-001	 -8.5088682e-001	 -9.1339468e-001	 -6.7105891e-001	  3.6542695e-001	 -1.9816617e-001	 -3.4923472e-001	  2.3822584e-001	  2.2443730e+000	  9.0063690e-001	 -7.5493105e-001	
 -9.2164570e-001	 -4.4109401e-001	 -6.6781706e-001	 -7.7770049e-001	 -9.3826026e-001	  3.1423956e-001	  1.1965402e+000	 -7.1154359e-001	 -1.2638910e+000	 -7.9506126e-001	  1.1277872e+000	
 -1.6235830e+000	 -1.8143359e+000	  1.4171851e+000	  6.3606219e-001	  8.1797525e-001	  1.1682491e+000	  7.8369348e-001	 -1.2313425e-001	  1.0710941e-001	 -7.3976675e-001	 -7.9223628e-001	
 -1.3073039e-001	 -8.5088682e-001	 -7.0056074e-001	 -6.6801200e-001	  1.7312873e-002	 -7.9507390e-001	 -1.0318720e+000	 -3.9495378e-001	 -4.0627706e-002	 -4.5715039e-001	 -6.2508016e-001	
 -5.4991550e-001	  4.6568158e-001	 -1.1156351e+000	 -8.4077137e-001	 -6.0349056e-001	  2.5131254e-001	 -5.7005970e-001	 -3.4698563e-001	 -1.1080284e-002	  5.3200687e-001	  2.6295617e+000	
 -3.9568702e-001	 -5.8059795e-001	 -1.4295507e-001	 -7.4266111e-001	 -1.2927564e+000	 -3.0604106e-001	 -4.1644232e-001	  1.7572333e-002	  9.5413552e-001	  1.0603766e+000	  1.8643263e+000	
  2.6077269e-001	  1.0149783e+000	 -1.2369408e-001	 -6.4820714e-001	 -3.3080120e-001	  3.9514572e-001	  4.1885219e-001	 -3.5977714e-001	 -1.1910074e+000	 -2.9741071e-001	 -7.6856181e-001	
  1.7772658e-001	  9.9483745e-002	  1.4171851e+000	  5.1723300e-001	  5.3948399e-001	 -1.0881340e+000	 -1.1394041e+000	 -1.5378750e+000	 -9.0045771e-001	 -8.9950643e-001	 -8.0371481e-001	
 -1.6532424e+000	 -7.2882088e-001	 -8.3538767e-001	  1.3520842e+000	 -5.7448106e-001	  2.2649772e+000	  1.5229771e+000	  3.4329048e+000	 -2.4745966e-001	 -4.3257506e-001	 -6.9442962e-001	
  6.3043859e-002	  9.9483745e-002	 -1.2369408e-001	 -5.3090140e-001	 -9.6262825e-001	  2.2434381e-001	 -5.7005970e-001	 -6.1560729e-001	  6.7712844e-002	  5.0743153e-001	  2.5099937e+000	
 -2.7911401e-002	  3.6977262e-001	 -4.1260894e-001	  8.0364181e-001	 -5.5707535e-001	  1.1233012e+000	  4.9086034e-001	 -9.1300984e-001	 -8.6401588e-001	 -5.1244490e-001	  1.4817086e+000	
  2.2657430e+000	  6.0518552e-001	  4.7339662e-001	 -3.5418107e-001	  2.8420033e-001	 -7.6361039e-001	 -1.1400810e-001	  1.8723409e+000	 -3.1640365e-001	 -1.5610253e-001	  6.2799284e-001	
 -9.4141858e-001	 -7.9857285e-001	 -7.4004577e-001	  3.2832505e-001	 -1.0049821e+000	 -5.1370023e-001	 -4.7884938e-001	 -1.1208558e-002	  5.7001903e-001	  3.9684252e-001	 -3.6681321e-001	
 -1.3073039e-001	 -7.7241586e-001	 -1.9110755e-001	 -5.1414344e-001	 -4.8745254e-001	  4.5807274e-001	  7.4528913e-001	 -1.3592576e-001	 -8.1477018e-001	 -5.1244490e-001	 -5.0312077e-001	
  9.6073273e-001	 -2.4055710e-001	  2.1779943e+000	 -4.6996335e-001	 -1.3734029e+000	  2.6929169e-001	 -6.6002668e-002	 -6.6037756e-001	  4.7152762e-001	  2.4939051e-001	 -6.8008146e-001	
 -6.0132500e-001	 -1.3863204e-002	 -1.3188385e+000	 -9.1389702e-001	 -7.5433999e-001	 -1.8917660e-001	 -3.3963363e-001	 -1.2313425e-001	 -6.8377661e-001	  4.0500153e-002	 -5.9160111e-001	
 -1.4396952e+000	 -1.3452539e+000	 -5.1854438e-001	 -7.4418456e-001	  1.6998642e+000	 -5.0650857e-001	  1.7402449e-001	  1.9043197e+000	  1.2003640e+000	  6.9789038e-001	 -6.5616785e-001	
  7.5509475e-001	 -3.0159007e-001	  3.0967820e-001	 -6.9848103e-001	 -1.1395862e+000	 -4.2290553e-001	 -2.2922114e-001	 -2.7197943e-002	  7.8670013e-001	  9.5593140e-001	  4.3907535e-001	
 -7.4368975e-001	  3.5747884e-003	 -1.4295507e-001	 -7.8531774e-001	 -1.2353176e+000	 -7.5282290e-001	 -7.0927546e-001	  1.7107042e-001	 -1.3505634e+000	  2.1969859e+000	 -7.8530133e-001	
 -4.3918736e-001	  3.5747884e-003	 -9.6058411e-001	  1.1083320e+000	 -3.1919740e-001	  6.8281210e-001	  4.0445056e-001	 -6.2520092e-001	  1.3665683e-001	 -7.8277359e-001	 -7.3030004e-001	
 -1.4654870e-001	  5.5287154e-001	  5.5044058e-001	 -4.0750186e-001	 -4.4103733e-001	 -1.1681412e+000	 -7.5248035e-001	 -1.5497071e+000	 -1.2313888e+000	 -6.1689007e-001	  9.4604381e-001	
  1.9749946e-001	  4.1336760e-001	  8.9713841e-001	 -1.8812489e-001	  2.2626487e+000	 -6.8360318e-001	 -5.8446133e-001	 -7.5951175e-001	 -1.2313888e+000	 -1.7381398e+000	 -7.4871351e-001	
 -5.6177923e-001	 -4.7596999e-001	 -1.2841687e+000	 -8.3056424e-001	  7.5415433e-001	 -9.7846122e-001	 -8.0528632e-001	 -8.5544805e-001	  1.5635511e-001	  2.3095900e-001	 -4.8159852e-001	
  2.2261972e+000	  1.8345640e+000	 -8.2768328e-001	 -7.1066864e-001	  1.1486836e+000	 -6.5303863e-001	 -4.1644232e-001	 -2.7197943e-002	 -1.0028888e+000	 -1.2497050e+000	  6.8777686e-001	
  1.0160968e+000	  6.0518552e-001	 -7.7760470e-001	  1.1692701e+000	 -8.0075520e-001	  3.7716658e-001	  2.0282775e-001	 -6.7636695e-001	 -8.4333269e-001	 -2.0525320e-001	  1.8404127e+000	
  1.6765111e+000	  1.1021683e+000	 -7.0056074e-001	  4.3380485e+000	  7.5415433e-001	 -3.2402021e-001	 -5.0285210e-001	 -4.9089009e-001	 -6.0399857e-001	 -1.2374173e+000	 -4.1942314e-001	
  1.1228704e+000	  1.4307873e-001	 -8.6813136e-001	  4.3953699e-001	 -2.2056508e-001	 -5.5774914e-001	 -4.7884938e-001	 -9.7551234e-002	  5.7001903e-001	  3.6371497e-003	 -6.4181969e-001	
 -4.8268770e-001	 -5.2828397e-001	  1.5038596e+000	  7.7317279e-001	  2.0363745e+000	 -4.0492638e-001	 -4.0684124e-001	  1.4598148e+000	 -9.5659781e-001	 -7.5819825e-001	 -1.4680802e-001	
 -6.1318873e-001	 -4.1493702e-001	  1.1571618e+000	  2.8205175e-002	  2.0015631e+000	 -1.1142038e+000	 -4.1644232e-001	  2.8939187e-001	 -1.1348673e+000	 -1.1329721e+000	  1.1851799e+000	
 -2.4541311e-001	  2.2154969e-001	 -3.2593448e-001	  8.4572868e-002	 -7.4853809e-001	  6.2531478e-002	 -5.0285210e-001	 -8.8742682e-001	  2.0473902e+000	  1.3491368e+000	 -3.2616008e-001	
  2.6216549e+000	  3.0988184e+000	 -5.5706636e-001	  3.3478052e+000	 -1.6254607e-001	  5.3897891e-001	  3.4808739e-002	 -6.5078393e-001	 -7.4976585e-001	 -7.1519142e-001	 -2.0420068e-001	
 -7.7532637e-001	 -4.4109401e-001	 -1.0048844e+000	  1.9309957e+000	 -7.4853809e-001	 -4.0492638e-001	 -3.7803798e-001	 -1.3592576e-001	 -9.9722552e-002	 -3.7113672e-001	 -6.2268880e-001	
  4.5059236e-001	 -5.0212698e-001	  7.9120296e-001	  7.4270377e-001	 -2.3300435e-002	  1.7040637e-001	  2.3163101e-001	  3.0538125e-001	 -1.0294815e+000	 -1.1821228e+000	  7.4756088e-001	
 -4.6686940e-001	 -7.8113486e-001	  7.2378950e-001	  2.8262152e-001	 -5.0485824e-001	  5.7493721e-001	 -3.9724015e-001	 -7.5951175e-001	 -1.0957169e-001	 -5.1657355e-002	 -6.2986289e-001	
  2.3704523e-001	 -5.7187895e-001	  4.9265761e-001	 -7.0305138e-001	 -7.6594380e-001	 -5.2898250e-001	 -3.3003254e-001	  1.3909165e-001	  2.3428644e+000	  1.6686161e+000	 -5.5333934e-001	
  5.4154762e-001	  5.0927656e-001	 -2.7778200e-001	 -4.6996335e-001	 -1.0049821e+000	 -6.6562403e-001	 -3.2043146e-001	  2.3776055e+000	 -2.0806310e-001	 -4.5715039e-001	 -9.5484880e-001	
  1.2691897e+000	  2.6514467e-001	 -8.4212902e-001	  1.1845046e+000	 -1.2794121e+000	  2.2434381e-001	 -2.1481951e-001	 -6.7636695e-001	  1.8996530e+000	  2.3935885e+000	 -1.7550435e-001	
  9.3305070e-001	  1.0498543e+000	  2.7269325e+000	 -1.5917932e-001	  2.8486407e+000	 -4.0492638e-001	  1.5962286e-001	  2.7933295e+000	 -4.0504592e-001	 -2.3597237e-001	 -8.7952094e-001	
 -7.3182602e-001	  3.9592961e-001	  2.2165162e+000	 -5.9031600e-001	 -8.3556661e-001	 -3.6353838e-002	 -2.4842331e-001	 -6.0601366e-001	  9.7383381e-001	  6.9789038e-001	 -5.0790349e-001	
  2.6077269e-001	 -4.1493702e-001	 -5.2817488e-001	 -3.3589965e-001	 -1.1192796e+000	 -8.3372907e-001	 -7.8128360e-001	  1.2310227e-001	  2.9732094e+000	  2.9403898e+000	  7.3321271e-001	
  1.1228704e+000	  3.9592961e-001	 -8.9413369e-001	 -8.7626778e-001	  2.3670829e+000	  1.1053221e+000	  1.1293326e+000	  3.6663498e+000	  2.4906015e+000	  2.0495338e+000	 -4.9355533e-001	
 -1.3526945e+000	 -8.3615172e-002	 -7.0922819e-001	 -8.1273986e-001	  1.1718912e+000	 -1.0350955e+000	 -7.7648306e-001	  1.1688080e+000	 -2.1791224e-001	 -2.8512304e-001	 -9.1228258e-001	
  1.3601450e+000	  2.6514467e-001	  8.3935544e-001	 -2.5058639e-001	 -1.7414987e-001	 -1.3523915e-001	 -7.4767980e-001	 -3.5977714e-001	 -9.8220558e-001	 -1.4598241e+000	  5.4066274e-002	
 -1.4871501e+000	 -1.9468646e+000	  1.6772085e+000	  3.7345882e-002	 -8.5877422e-001	 -2.2513490e-001	 -2.4842331e-001	 -4.9089009e-001	 -1.2983630e+000	 -8.2578043e-001	  8.2886714e-001	
 -5.7364296e-001	 -1.0950187e+000	 -1.0443309e-001	 -7.2895005e-001	  6.9613532e-001	  1.7583607e-002	 -3.3003254e-001	 -3.0221535e-001	 -1.0413004e+000	 -1.3725816e+000	  6.5668917e-001	
  1.0258962e-001	 -2.0568112e-001	 -9.7695595e-001	  2.8755354e+000	 -1.6254607e-001	 -5.0650857e-001	 -1.7161462e-001	 -5.5804550e-001	 -1.1141841e+000	 -3.1584221e-001	  9.1017340e-001	
 -5.6177923e-001	 -6.4163092e-001	 -1.0443309e-001	 -4.8824477e-001	 -9.5334521e-001	 -1.0575695e+000	 -1.1691675e+000	 -8.0428202e-001	  1.2003640e+000	  8.7606156e-001	  5.9929651e-001	
 -8.3069044e-001	 -4.3237501e-001	 -1.2668339e+000	 -7.5484872e-001	 -1.3933846e-001	 -1.1097090e+000	 -9.6610452e-001	 -7.4352236e-001	 -1.2569966e+000	  2.8482322e+000	 -8.6493364e-001	
 -1.4001495e+000	 -6.2419293e-001	  5.1191860e-001	  6.3606219e-001	  8.1797525e-001	 -5.0650857e-001	 -3.4923472e-001	 -2.5424720e-001	  1.8110108e+000	  1.1463903e+000	 -5.5573070e-001	
 -5.4991550e-001	 -3.7134204e-001	  5.5044058e-001	  6.3606219e-001	  6.9529985e-002	 -3.2402021e-001	 -3.9724015e-001	 -6.8596058e-001	 -1.2501022e+000	 -1.3295748e+000	  1.0895255e+000	
  1.1545070e+000	  4.8311957e-001	 -1.1108198e+000	  8.0364181e-001	 -4.9905634e-001	  1.3390510e+000	  1.9790287e+000	  1.0217057e+000	 -5.8036063e-001	 -6.5375308e-001	 -6.8008146e-001	
  2.4239260e+000	  3.2617764e-001	  1.1379008e+000	  5.5627296e-002	  2.6679463e-001	 -3.8694723e-001	 -6.2766622e-001	 -3.3739200e-001	  3.0409222e-001	 -1.8682170e-001	 -7.9558418e-001	
 -2.9286803e-001	 -1.8824312e-001	 -7.6315896e-001	 -2.4296913e-001	  9.6882468e-001	 -5.5055748e-001	 -7.1407600e-001	  1.5508104e-001	 -6.4142530e-001	  9.5794658e-002	  2.9643522e+000	
 -1.8877487e+000	 -1.4498819e+000	 -2.2962953e-001	  1.4398746e-001	 -1.1053550e+000	  2.1535424e-001	 -2.0521842e-001	 -1.0025504e+000	 -1.2757100e+000	 -1.4936152e+000	  8.1212762e-001	
 -2.7911401e-002	  6.7493748e-001	 -9.5480581e-001	 -8.0664606e-001	 -6.3830197e-001	 -3.6353838e-002	  3.9952569e+000	 -1.0473207e+000	  2.7454480e-001	 -2.5440387e-001	 -7.6090945e-001	
 -8.1385185e-003	  7.2725146e-001	  2.4669091e+000	 -2.5668019e-001	  1.4495470e-001	  1.1053221e+000	  7.8369348e-001	 -1.2313425e-001	 -9.2902021e-001	 -1.2005543e+000	 -1.1572034e-001	
 -1.2815122e+000	 -1.7227864e+000	 -2.0073804e-001	  1.2911462e+000	 -5.2309942e-002	  3.4120828e-001	  4.7165817e-001	 -4.9089009e-001	 -9.8220558e-001	 -9.3636944e-001	  6.2799284e-001	
 -4.3918736e-001	  1.2503912e+000	 -5.8595785e-001	  4.2582593e-001	 -1.8575367e-001	  1.1233012e+000	  7.3213084e-002	 -9.1300984e-001	  1.7605339e-001	 -1.1923953e-001	 -7.9869295e-001	
  3.6359168e-001	  5.7902853e-001	 -7.7760470e-001	 -8.7900999e-001	 -9.9569909e-001	 -4.2290553e-001	 -3.5883580e-001	 -4.4931769e-001	 -9.9722552e-002	 -4.7558189e-001	 -6.3942833e-001	
  5.8504796e-001	  2.1310098e+000	  1.2669879e-001	  4.3953699e-001	 -3.4904238e-002	 -5.2089189e-001	 -8.5809230e-001	 -5.5978835e-002	 -1.1673694e+000	 -1.0469584e+000	  3.8885677e-001	
  1.5460101e+000	 -5.9803594e-001	  4.1561365e-001	  3.2832505e-001	  2.2037942e-001	 -1.2679255e+000	 -1.2776598e+000	 -8.3306292e-001	  1.5635511e-001	 -2.3597237e-001	 -5.1268621e-001	
 -4.5500567e-001	 -6.6177180e-002	  1.9411226e-001	 -6.4211333e-001	 -8.8778372e-001	  2.4232296e-001	  1.1641797e-001	 -1.3592576e-001	 -4.1489506e-001	 -5.8002707e-001	 -8.1447593e-001	
 -5.8550669e-001	 -7.6369686e-001	 -5.5706636e-001	  3.2832505e-001	 -2.6698029e-001	 -4.4987425e-001	 -2.9162820e-001	 -3.0221535e-001	  7.0790700e-001	  1.2938423e+000	 -3.3333416e-001	
  2.1866515e+000	  4.3979488e+000	  3.0928913e+000	 -4.1873579e-002	 -6.3913744e-002	  8.0510627e-002	  3.0843970e-001	  1.0711289e-001	 -6.9067100e-001	 -2.9741071e-001	  3.0121795e+000	
 -9.6119146e-001	 -9.2935779e-001	 -7.4775017e-001	 -7.0000448e-001	  1.9087327e+000	 -7.6361039e-001	 -6.1326459e-001	 -3.0221535e-001	  2.2529910e-001	  7.4704105e-001	 -2.4848629e-002	
 -8.4255417e-001	 -3.1902807e-001	 -8.5561171e-001	  9.2551791e-001	  8.6935688e-002	  6.6428998e+000	  5.7714579e+000	  9.2896724e-001	 -1.1821431e+000	 -1.0653899e+000	  1.9276519e-001	
  1.8109667e+000	  2.8198105e+000	  1.2630972e+000	 -3.8160319e-001	 -5.6867915e-001	 -2.6109319e-001	  3.9004894e-001	  1.5717405e+000	  2.5484652e-001	  8.7606156e-001	 -4.2898859e-001	
