 -1.0109360e+000	  1.3917517e+000	  7.0592600e-001	  1.5292953e+000	  1.7259143e+000	  1.3576514e+000	  1.2953078e+000	  1.3752537e+000	  1.2926359e+000	 -6.8746644e-001	  1.0571115e+000	
 -1.9733876e+000	  1.6725972e+000	  5.0259554e-001	 -1.5323414e-001	  1.9443830e-001	  2.0218353e+000	  2.0245559e+000	  1.6914576e+000	  7.4185289e-002	  3.4621243e-001	 -1.8460695e-001	
  1.6752595e+000	 -1.8398402e+000	 -4.9102284e-001	 -1.0548252e+000	 -1.1500237e+000	 -1.4904592e+000	 -1.4187200e+000	 -1.0975510e+000	 -7.7797160e-001	  6.4514947e-001	 -5.1284643e-001	
 -3.9908641e-001	  6.2618480e-001	 -2.8311187e-001	  4.4657081e-001	 -4.6719890e-001	  6.6082752e-001	  7.0114323e-001	  7.3569336e-001	  2.1814874e-001	 -1.6751721e-001	 -1.5172953e-002	
  1.3787017e+000	 -3.9512897e-001	  1.2170399e+000	  1.2159282e+000	  1.1668193e+000	 -4.4384401e-001	 -6.4904175e-001	 -1.6512920e+000	  1.0161395e+000	 -1.3989272e+000	  1.3324272e+000	
 -3.5333142e-001	  4.7976082e-001	 -1.5384580e+000	 -9.4090170e-001	 -7.2840973e-001	  3.9815532e-001	  4.0265534e-001	 -6.5747205e-002	 -7.5215505e-002	 -1.0732821e-001	 -1.7436860e-001	
  8.7599421e-001	 -1.2572668e+000	 -4.8443327e-001	 -6.2408709e-001	 -5.5356030e-001	 -1.2488822e+000	 -1.2141664e+000	 -7.4901046e-001	 -8.0294680e-001	  3.4835283e-001	 -6.5660192e-001	
 -5.8755604e-002	  3.0078452e-001	  7.8048247e-001	  3.8605634e-001	  8.3799743e-001	  1.5811535e-001	  1.3308433e-001	 -5.4017587e-001	  2.1302923e-001	 -5.3286478e-001	  1.4177138e-001	
  8.9992259e-001	 -1.4044280e+000	 -5.6445308e-001	 -6.1226329e-001	 -4.8981078e-001	 -1.4224156e+000	 -1.6038727e+000	 -1.8844537e+000	 -1.1266946e+000	  8.0058717e-001	 -7.0496753e-001	
  2.9179333e-001	 -6.7884958e-001	 -1.6191715e+000	 -1.1236793e+000	 -7.6362270e-001	 -7.2163266e-001	 -8.0916551e-001	 -1.2618758e+000	 -7.9660863e-001	  3.9331001e-002	 -5.9458519e-001	
  1.4718778e+000	  5.4893928e-001	  6.7996072e-001	  2.0305154e+000	  1.5212988e+000	  3.9402934e-001	  2.7607222e-001	 -1.6207325e+000	  2.5563959e+000	 -2.0932574e+000	  2.8660020e+000	
  1.1961025e+000	 -9.8411028e-001	 -1.8789781e-001	  8.8484427e-002	 -3.7184545e-002	 -1.0155646e+000	 -1.1483775e+000	 -1.3055509e+000	 -7.7129358e-001	  6.4089552e-002	 -4.0594228e-001	
  3.3278757e-001	 -6.9360451e-001	  7.6462289e-001	  7.4469220e-003	  1.2071095e-001	 -6.4470283e-001	 -5.9591937e-001	  2.3461660e-001	 -4.2343654e-001	  5.8952677e-001	 -5.9541685e-001	
  9.2983173e-001	 -9.4096536e-001	 -1.6357165e+000	 -1.4467070e+000	 -1.4614077e+000	 -1.0002505e+000	 -8.9605384e-001	 -8.2358624e-001	 -5.0231753e-001	  3.1499913e-001	 -3.1448333e-001	
  4.2489045e-001	  1.6466110e-001	 -4.3609676e-001	  7.8890465e-001	  8.2020206e-001	 -1.6945327e-002	  2.3446086e-002	  2.8647999e-001	  8.0366196e-001	 -8.6535043e-001	  5.3341715e-001	
 -2.1125929e+000	  2.7533834e+000	  5.5771587e-001	  1.3536454e+000	  2.1517853e-002	  2.4491177e+000	  2.4431739e+000	  1.8435719e+000	  1.5437597e+000	 -1.2477422e+000	  1.3003520e+000	
 -9.2080160e-001	 -1.1555106e+000	 -2.0594662e+000	 -2.9420417e+000	 -2.3866335e+000	 -1.1358697e+000	 -1.0913931e+000	  1.5035742e-001	 -2.5484985e+000	  2.4187574e+000	 -2.2447743e+000	
  6.1371227e-001	 -7.7405247e-001	 -2.8363877e-001	 -8.0173806e-001	 -4.3680070e-001	 -5.8116774e-001	 -5.9956689e-001	 -3.6730382e-001	 -6.5986059e-001	  3.2733117e-001	 -2.3957635e-001	
  6.4010408e-001	 -1.0777443e+000	 -8.0691531e-001	 -1.1702250e+000	 -6.6831818e-001	 -1.1879182e+000	 -1.2171955e+000	 -1.1995752e+000	 -7.3872921e-001	  2.7484836e-001	 -6.1525178e-001	
 -8.6724966e-001	  4.4616967e-001	 -2.3984589e-001	 -4.4739640e-001	 -1.1328373e+000	  5.3078890e-001	  5.5324196e-001	  1.2160536e+000	 -1.5776346e-001	  7.1225631e-002	 -5.6872767e-001	
 -5.4498895e-002	 -1.9370993e-001	 -7.0095435e-001	 -7.3141287e-001	 -1.3641505e+000	 -1.8483962e-001	 -9.6722136e-002	 -3.8774128e-001	 -8.8719613e-002	 -1.5316063e-001	  1.1624651e-001	
  2.5662170e-002	 -2.1409142e-001	  4.1902381e-001	  3.6476309e-001	  1.0252257e+000	 -2.1470387e-001	 -2.1670166e-001	 -4.5688552e-001	  5.4161222e-002	  1.8217302e-002	  2.6508734e-001	
 -1.5340083e+000	  1.7632960e+000	  1.4151246e+000	  1.0710309e+000	  1.8563561e+000	  1.8204362e+000	  1.8597496e+000	  1.5628645e+000	  7.0802152e-001	 -3.0478308e-001	  3.0783704e-001	
 -4.8746345e-001	 -3.6418197e-001	 -1.3105258e+000	 -9.5684475e-001	 -1.2740128e+000	 -2.0055740e-001	 -1.0502499e-001	  1.6119189e+000	 -1.1138342e+000	  1.4326182e+000	 -1.6911811e+000	
  9.3230919e-001	 -4.1862623e-001	  9.7946863e-001	  4.1434908e-001	  7.7773540e-001	 -4.3912934e-001	 -4.9662622e-001	 -9.3631450e-001	  3.7152914e-001	 -4.6575689e-001	  6.5923629e-001	
 -1.2884005e+000	  1.1527168e+000	 -9.8107490e-001	 -1.3794850e-001	 -5.3193220e-001	  1.3172911e+000	  1.3503677e+000	  7.4572020e-001	  3.3183814e-001	  8.3532560e-002	  2.5463540e-001	
  1.2694648e+000	 -1.6161551e+000	 -3.0628588e-002	 -7.3466698e-001	 -8.3068869e-001	 -1.6525348e+000	 -1.6010321e+000	 -7.7092457e-001	 -1.4580031e+000	  1.3140304e+000	 -1.0924029e+000	
 -9.3757373e-001	  5.7989666e-002	 -2.9189748e-001	 -1.1983727e-001	  1.6175446e-001	  2.2347042e-001	  2.8156155e-001	  7.5330087e-001	 -3.6424488e-001	  7.1701322e-001	 -6.7811135e-001	
  1.0284702e+000	 -9.1525228e-001	  9.9165494e-001	  2.8816239e-002	  1.3754899e-001	 -9.7663245e-001	 -9.8580098e-001	 -1.1206189e+000	 -5.4538316e-001	  3.4739220e-001	 -6.1775462e-001	
  3.4845453e-003	  4.9966067e-002	 -1.0102146e+000	 -1.2289696e-001	 -1.5033482e-001	 -1.3483415e-001	 -2.0754905e-001	  8.5792909e-001	  2.0548926e-002	  6.3954210e-001	 -2.3235021e-001	
  6.7533908e-001	 -1.6458815e+000	  6.9635891e-001	 -9.7728893e-001	 -5.9462436e-001	 -1.6010964e+000	 -1.5702468e+000	 -7.7826103e-001	 -1.2819128e+000	  7.0971446e-001	 -1.0460398e+000	
  3.1225918e-001	 -5.1460386e-001	 -2.3138215e+000	 -1.2736708e+000	 -2.4144133e+000	 -5.6824013e-001	 -4.6641528e-001	 -3.3854433e-001	 -4.4215347e-001	  7.9969454e-001	 -3.5811452e-001	
 -1.3864290e+000	  1.1735170e-001	 -6.2736638e-001	 -1.7798002e+000	 -1.1228432e+000	  4.3146017e-001	  5.2761124e-001	  1.6471226e+000	 -1.6438405e+000	  2.3235220e+000	 -1.7431865e+000	
  2.7078906e-002	  1.0359885e+000	  1.2076939e-001	  2.8144786e-001	  2.6295601e-001	  1.0331468e+000	  9.0880654e-001	  4.4835944e-001	  1.3395514e+000	 -1.4857993e+000	  9.8468587e-001	
  1.0077018e+000	 -1.1074912e+000	  5.8426924e-001	 -3.8652338e-001	  9.4728927e-001	 -1.0358435e+000	 -1.0856747e+000	 -8.5788852e-001	 -8.4387395e-001	  2.7638402e-001	 -6.5021004e-001	
  4.1106920e-001	  3.6744513e-001	 -8.9206293e-001	  3.6789136e-001	 -3.9296203e-001	  1.4781899e-001	  1.5684099e-001	 -1.5874716e-001	  1.2153015e+000	 -1.4846844e+000	  1.3859272e+000	
  2.2962491e-001	 -1.6377458e-001	 -3.9599549e-002	 -4.6710769e-001	 -2.0899388e-001	 -1.2355706e-001	 -9.7550557e-002	  2.6096520e-001	 -3.1151395e-001	  5.4339763e-001	 -4.4771512e-001	
  5.1864203e-001	 -3.8090001e-001	  1.0382430e-001	  5.3732451e-001	 -4.9072221e-001	 -4.1146001e-001	 -3.2140882e-001	 -3.8433488e-001	  3.0660425e-001	 -6.9660915e-001	  3.9489735e-001	
 -5.8190526e-001	  5.8849185e-002	 -2.4289811e-001	 -1.8839046e-001	  4.2394236e-002	  2.7106335e-001	  4.5066757e-001	  1.5897251e+000	 -8.5928438e-001	  1.3475599e+000	 -1.1544194e+000	
 -6.0590927e-001	 -2.4436061e-002	  4.2002751e-001	 -7.4181906e-001	  2.5837574e-002	  1.1913785e-001	  2.0488508e-001	  1.5495417e+000	 -1.1665867e+000	  1.3971061e+000	 -1.5455446e+000	
 -1.3549335e-001	  1.1489488e+000	  1.3274730e+000	  1.5000967e+000	  1.6339398e+000	  1.0769913e+000	  9.4431619e-001	 -2.8972458e-001	  1.4548333e+000	 -1.0632425e+000	  1.4747545e+000	
  1.5746586e-001	 -1.5083645e+000	  1.0871865e+000	 -1.5512454e+000	  2.3374387e-001	 -1.3360971e+000	 -1.3172344e+000	 -7.0501372e-001	 -1.7385049e+000	  1.2333742e+000	 -1.3037696e+000	
 -6.2587923e-001	 -1.0751714e+000	 -1.2430148e+000	 -1.9501068e+000	 -2.0220227e+000	 -8.9566738e-001	 -8.8119094e-001	  1.7434539e-002	 -2.5137734e+000	  2.2547587e+000	 -2.2205137e+000	
  9.2442691e-001	  3.9606160e-001	  1.2503542e-001	  1.1176489e+000	  9.4092801e-001	  5.1968455e-001	  2.6699221e-001	 -1.1477494e+000	  1.7351556e+000	 -2.0649303e+000	  1.8664825e+000	
 -1.2521053e-001	 -6.4804642e-001	 -2.3315708e+000	 -1.8949111e+000	 -1.5121354e+000	 -6.1896279e-001	 -4.1030221e-001	  6.4085136e-002	 -1.1633199e+000	  1.6273717e+000	 -1.0277413e+000	
 -2.3763910e-001	 -5.5177411e-001	 -3.8846911e-001	 -6.5270071e-001	 -1.3850034e-001	 -6.0887026e-001	 -6.0783606e-001	  1.9909899e-001	 -4.0180139e-001	 -2.5500125e-001	 -4.4537180e-001	
 -9.0387290e-001	  1.1928960e+000	 -3.2772100e-001	  3.7033206e-001	  1.0677800e-001	  1.2817412e+000	  1.2920955e+000	  8.2058071e-001	  3.6921010e-001	  2.6059043e-001	  3.1363622e-001	
 -2.3548748e+000	  1.5199932e+000	 -1.2515034e+000	 -1.1201549e+000	 -1.3834760e+000	  1.6042100e+000	  1.8770773e+000	  2.1816699e+000	 -8.2625319e-001	  9.5902711e-001	 -1.0669299e+000	
  6.8450985e-002	  6.2529746e-001	  1.2112520e+000	  1.6207821e+000	  1.8948071e+000	  7.4810654e-001	  5.9201841e-001	  4.3661073e-003	  9.0492370e-001	 -9.2235518e-001	  7.1155689e-001	
 -1.9048367e+000	  2.2104577e+000	  4.2302035e-001	  7.2137824e-001	  1.1615743e+000	  2.1607146e+000	  2.0133262e+000	  1.3561848e+000	  5.2640003e-001	  2.9302490e-001	  2.0040316e-001	
 -4.0621118e-001	  1.1409006e-001	 -1.0367898e-002	 -7.7640961e-001	 -5.6179749e-001	  2.4364010e-001	  2.6624270e-001	  1.1073202e-001	 -6.9911993e-001	  5.5426241e-001	 -4.2298811e-001	
  8.3555575e-001	 -1.4143541e+000	 -3.2650394e-001	 -8.4204337e-001	 -1.0499240e+000	 -1.1764989e+000	 -1.0304576e+000	 -1.5693167e-002	 -9.4082536e-001	  8.3522941e-001	 -8.4157373e-001	
 -2.5646434e-001	 -3.1995969e-001	 -8.2111896e-001	 -1.6984369e+000	 -1.8539759e+000	 -3.3039475e-001	 -1.3269529e-001	  4.9956510e-001	 -1.0080326e+000	  8.0765711e-001	 -1.3139858e+000	
 -1.8844986e+000	  1.1253071e+000	 -3.5329969e-001	  1.2029089e-001	  2.0357675e-001	  1.1413762e+000	  1.2919610e+000	  2.0147277e+000	 -3.2671933e-001	  8.6342342e-001	 -8.7080252e-001	
 -3.6850334e-001	  4.8858966e-002	  7.8138345e-002	  8.5669564e-002	 -8.6594914e-003	  1.2541285e-001	  1.8699454e-001	 -4.6376421e-004	 -3.8520169e-001	 -3.6149027e-002	 -3.6593033e-001	
 -2.3488438e-001	  8.7039342e-001	 -9.2385020e-001	  6.4495365e-002	 -2.2069002e-001	  5.4465588e-001	  3.5608715e-001	 -8.7697490e-001	  4.2967099e-001	 -5.2038832e-001	  4.4001345e-001	
 -1.4328432e+000	  7.1569129e-001	  2.5198030e-001	 -6.9186189e-001	  6.3403958e-002	  6.4295626e-001	  7.9100031e-001	  1.1087817e+000	 -5.7333757e-001	  1.1211687e+000	 -6.3448477e-001	
 -3.6200567e-001	  3.6973275e-001	  2.5490591e-001	  3.5825045e-001	  6.8394495e-001	  2.8036599e-001	  2.0244720e-001	  1.4890074e-001	  9.1424957e-002	 -4.8762648e-002	  1.7581831e-001	
 -1.1890503e+000	  1.7896901e+000	  6.6506952e-001	  8.7588842e-001	  1.1605812e+000	  1.8797131e+000	  1.8105459e+000	  5.3200028e-001	  1.2291279e+000	 -8.8002198e-001	  1.1647175e+000	
  7.2521430e-001	  2.1583756e-001	 -2.7138309e-001	  1.1114560e+000	  2.5124870e-001	  2.4953138e-001	  8.8443923e-002	 -1.1613535e+000	  1.8314180e+000	 -1.8383341e+000	  1.7613762e+000	
  1.8837887e+000	 -4.3896371e-001	  2.6169719e-001	  1.5177327e+000	  8.1702927e-001	 -6.2689830e-001	 -7.8346943e-001	 -1.5057957e+000	  1.9721753e+000	 -2.6826431e+000	  2.2255754e+000	
 -4.7024970e-001	 -1.1057537e-001	 -1.5468736e+000	 -5.9296727e-001	 -4.5273463e-001	 -1.1361349e-001	 -1.0610923e-001	  2.5670667e-001	 -6.9882050e-001	  7.4567891e-001	 -9.8749459e-001	
 -2.1362232e+000	  2.0244640e+000	  1.4526786e+000	  5.3091358e-001	  7.6226893e-001	  2.0462242e+000	  2.0936611e+000	  2.4628001e+000	  1.3366925e-001	  5.7006482e-001	 -8.1444458e-001	
  3.3893072e-001	 -9.9612679e-001	  7.1530028e-001	 -7.2737476e-001	  1.4843538e-001	 -1.0064268e+000	 -9.4401502e-001	 -5.1338186e-001	 -1.0758278e+000	  1.1713692e+000	 -9.9250288e-001	
 -3.1059658e-001	 -2.3076379e-001	 -9.6332408e-001	 -8.8833303e-001	 -5.2599049e-001	 -2.4598123e-001	 -2.9063790e-001	  1.6930952e-001	 -1.0594408e+000	  6.8192412e-001	 -9.7217795e-001	
  3.1970787e-001	 -9.7366316e-001	 -1.7241491e-001	 -2.3446774e+000	 -1.7270348e+000	 -7.4938713e-001	 -5.4665678e-001	 -1.3163787e-001	 -1.6444327e+000	  1.4079999e+000	 -1.5463850e+000	
  2.1302973e+000	 -2.4448907e+000	  7.4241951e-001	 -1.9162740e-001	  4.2266579e-001	 -2.5283555e+000	 -2.5944851e+000	 -2.0193103e+000	 -8.0472050e-001	  2.2847915e-002	 -2.3391677e-001	
 -2.9038670e-001	  2.1353496e-001	  2.1703171e+000	  1.1899719e+000	  1.2656808e+000	  4.3583316e-002	 -5.7961843e-002	  1.9997983e-001	 -6.0989075e-002	  5.0739310e-002	 -9.4002926e-002	
  2.1022242e+000	 -1.5797327e+000	  1.1740292e+000	  1.2769703e+000	  8.1275427e-001	 -1.6113086e+000	 -1.6633329e+000	 -1.5078795e+000	  4.3554654e-001	 -5.0683720e-001	  7.7467850e-001	
 -8.6084011e-001	  1.5151208e+000	  2.5278818e+000	  1.0878767e+000	  8.3723244e-001	  1.8235397e+000	  1.8481300e+000	  1.2660567e+000	  1.0495916e+000	 -1.9767815e-001	  3.8683269e-001	
  1.2878675e+000	 -4.4623154e-001	 -5.3066771e-001	  2.6489104e-001	  2.3833546e-001	 -7.6796499e-001	 -8.5040513e-001	 -1.5997196e+000	  4.1164012e-001	 -6.8967058e-001	  1.0722703e+000	
  5.3905437e-001	 -3.6541107e-001	  9.0477309e-002	  4.2444703e-001	 -4.6021274e-001	 -5.4018934e-001	 -4.7766702e-001	  2.9740587e-001	  3.7278513e-001	 -2.1381804e-001	  3.6947133e-001	
 -4.4270146e-001	 -1.6405907e-001	 -7.2387328e-001	 -7.4197819e-001	 -8.7032823e-001	  7.5907846e-002	  1.3493406e-001	  9.5906378e-001	 -6.5751020e-001	  9.3294205e-001	 -6.4208784e-001	
  4.4649386e-001	  4.1996104e-001	 -9.4783410e-001	  7.8693398e-001	  2.4338061e-001	  3.1585820e-001	  3.8018345e-001	  1.4515143e-001	  1.0284800e+000	 -8.3813426e-001	  1.0705995e+000	
  4.6565658e-002	 -1.0296140e-001	 -4.4005536e-001	  4.9745793e-002	 -8.4131859e-001	 -1.2424122e-001	 -1.0497107e-001	 -4.1055823e-001	 -2.2596942e-002	  4.1187043e-001	  1.1271764e-001	
 -3.0823503e-001	  5.1074545e-001	  9.0337218e-001	  8.6004500e-001	  4.3381980e-001	  6.6043454e-001	  6.0904564e-001	  1.3746653e-001	  7.1317405e-001	 -6.0253567e-001	  6.5595666e-001	
  4.6695910e-001	 -6.3528769e-001	  7.3138807e-001	 -5.2881111e-001	 -4.3924132e-001	 -5.5190357e-001	 -5.4220645e-001	 -1.0317080e+000	 -5.3739175e-001	  5.7302838e-002	 -3.4327423e-002	
  2.4578182e-001	  5.9249780e-001	  2.1709912e-002	  1.0357552e+000	  5.0935346e-001	  6.6202252e-001	  6.4718290e-001	 -4.3100187e-001	  1.2502250e+000	 -6.9837069e-001	  1.3507110e+000	
  9.0456836e-001	 -1.0797673e+000	 -1.4742527e-001	  1.0271780e-001	 -4.9238773e-001	 -1.0170770e+000	 -9.8626645e-001	 -5.1535576e-001	 -4.4605949e-001	  1.7223585e-001	 -1.5736938e-001	
  1.1103850e-001	  3.3073382e-001	  1.2857963e+000	  1.2096814e+000	  1.4104495e+000	  1.8810759e-001	  1.6476004e-001	 -3.5908824e-001	  8.8526428e-001	 -9.9302509e-001	  7.2786153e-001	
  8.7003877e-001	 -4.9066311e-001	 -3.1357190e-001	  1.2382345e+000	  6.5991445e-001	 -5.0567356e-001	 -6.0705019e-001	 -8.1154500e-001	  1.3218791e+000	 -1.5648580e+000	  1.2523403e+000	
  9.9205099e-002	 -2.6251129e-001	 -9.4847669e-001	 -4.3518063e-001	 -1.1143052e+000	 -2.3775712e-001	 -1.0451374e-001	  8.4925256e-001	 -6.0414682e-001	  6.6558461e-001	 -7.3336813e-001	
 -1.3851128e+000	  1.4147667e+000	  1.2524964e+000	  9.5348862e-001	  7.1043844e-001	  1.3635812e+000	  1.2114959e+000	  6.2493796e-001	  5.3916954e-001	 -9.0431910e-001	  3.1845502e-001	
  1.3141866e+000	 -1.4128955e+000	 -7.1516943e-001	 -6.1743351e-001	 -1.1944887e+000	 -1.4319069e+000	 -1.3839782e+000	 -1.1206437e+000	 -4.4247193e-001	  2.1196798e-001	 -2.0623296e-002	
 -1.0911546e+000	  5.6074860e-001	  7.0542181e-001	  5.5985217e-002	  8.5505531e-001	  3.5439608e-001	  3.6153052e-001	  1.0032538e+000	 -1.0733468e+000	  1.4867783e+000	 -1.4496999e+000	
  2.3632400e+000	 -7.5177689e-001	  6.1752135e-001	  1.2459754e+000	  1.2573007e+000	 -8.0013752e-001	 -1.0026144e+000	 -1.6416732e+000	  1.5510396e+000	 -1.8709418e+000	  1.8565682e+000	
  1.5166600e-001	  6.5813545e-001	 -2.7104160e-001	  6.6623356e-001	  4.0325332e-001	  7.4824057e-001	  8.9779121e-001	  5.0818463e-001	  9.0863524e-001	 -8.8053534e-001	  1.1157455e+000	
  8.2456335e-001	 -6.7351522e-001	  1.6570608e+000	  7.8427321e-001	  1.7046382e+000	 -7.1116755e-001	 -8.6080969e-001	 -9.2745115e-001	  4.3053050e-001	 -4.0521669e-001	  4.8835569e-001	
 -9.9803167e-001	  1.0794285e+000	  2.6893538e-001	 -1.0838082e-002	  2.9179393e-001	  9.1649850e-001	  8.5296439e-001	  5.9555587e-002	  1.8568799e-001	 -1.5277828e-001	  2.5568975e-001	
 -5.3042487e-001	  1.7866626e+000	  2.1953312e-001	  1.9031086e+000	  1.1844175e+000	  1.8931605e+000	  1.7624678e+000	 -2.9194766e-003	  2.2635591e+000	 -1.9867069e+000	  2.2691250e+000	
  1.0965516e+000	 -3.2296910e-001	 -7.1177315e-001	  3.4495640e-001	  4.1095284e-003	 -4.5733256e-001	 -5.0192438e-001	 -5.6219121e-001	  1.0740782e+000	 -1.2501651e+000	  1.0778538e+000	
 -8.7767596e-001	  1.1218058e+000	 -2.4102702e+000	 -3.3464002e-001	 -7.4643927e-001	  1.1277344e+000	  1.1106510e+000	  1.2801632e+000	  4.6949641e-001	 -1.5865636e-001	 -2.2224437e-001	
  5.6924509e-002	 -1.6491341e-001	  2.6177726e-002	 -5.9225161e-001	 -2.3248065e-001	 -4.3882645e-001	 -4.1611130e-001	  2.2256056e-001	  3.4962249e-003	  1.1708927e-001	 -8.1126258e-002	
 -2.0593153e+000	  1.6130087e+000	  6.7077212e-001	  5.5880542e-001	  5.2215825e-001	  1.4234372e+000	  1.5404727e+000	  1.6599419e+000	  3.3598067e-001	  3.6903165e-001	 -3.1077056e-002	
  2.2486727e-001	 -3.4481262e-001	  1.2214524e+000	  9.6687753e-001	  4.1659806e-001	 -3.7702597e-001	 -3.1876644e-001	 -2.2593214e-001	  2.7304397e-001	 -7.2586859e-001	  6.3352345e-001	
 -3.0724525e-001	 -9.4091769e-001	 -1.0444118e+000	 -1.6396028e+000	 -1.7112783e+000	 -1.0657350e+000	 -8.2013828e-001	  1.0952225e-001	 -1.2901240e+000	  1.1917878e+000	 -1.3696266e+000	
  3.0190875e-001	  7.1027105e-002	  1.5374964e+000	  9.7021679e-001	  1.1695227e+000	 -2.0158568e-003	 -2.5324840e-002	 -3.2993911e-001	  6.5676131e-001	 -6.8434212e-001	  7.4317943e-001	
  5.2913035e-002	 -5.0608404e-002	 -5.8801723e-001	  9.2802855e-002	 -8.0160606e-001	 -4.3987584e-002	 -2.0100543e-002	 -3.7568646e-001	  5.8190305e-002	 -2.9169474e-001	  4.3258851e-001	
  8.2179368e-001	 -4.9473041e-001	  2.3453155e+000	  1.1534132e+000	  2.5750252e+000	 -6.2235202e-001	 -8.1133270e-001	 -5.4901894e-001	  6.7311352e-001	 -7.9766328e-001	  4.9647764e-001	
  1.7845634e-001	  5.1329026e-001	  8.3309832e-001	  6.2808018e-001	  3.7635955e-001	  5.2066582e-001	  5.0680111e-001	 -3.0384651e-001	  8.6056634e-001	 -8.5034659e-001	  5.8594907e-001	
