 -2.7279990e-001	 -1.6292499e+000	  1.6057495e+000	  1.4149523e+000	 -1.2277175e+000	 -1.7026941e+000	 -1.5494646e+000	 -7.3829179e-002	  1.3989283e+000	 -1.0196473e+000	 -1.3613627e+000	
 -1.4738850e+000	 -4.1129929e-001	 -3.6259680e-001	  7.5337774e-001	 -6.1861922e-001	 -4.1441538e-001	 -3.6181034e-001	 -1.2229208e+000	  6.0025537e-001	 -4.9187661e-001	 -6.6649189e-001	
 -6.8023981e-001	  8.6447649e-001	  5.9691526e-001	 -1.6251960e+000	 -1.1912587e-001	  6.4882514e-001	  5.1390143e-001	 -1.3206406e-001	 -6.7931945e-001	  3.4556820e-001	  6.4395469e-001	
 -1.8319765e+000	  7.7241818e-001	  1.9872758e-002	 -6.6635280e-001	  2.8043730e-001	  5.9544134e-001	  6.6704867e-001	 -1.3606796e+000	 -1.1841387e-001	  2.3392836e-002	  2.6710631e-001	
 -1.6481899e+000	  1.0967037e+000	  2.4512305e-001	 -5.7578998e-001	 -3.1973164e-001	  1.0943989e+000	  1.1431902e+000	 -1.6358690e+000	 -4.8171343e-001	  5.9368723e-001	  6.1868421e-001	
 -1.4416414e-001	  1.3637319e+000	 -2.7089611e+000	 -1.3866029e+000	  1.5331439e+000	  1.2587329e+000	  1.1974385e+000	 -5.6816407e-001	 -1.7607573e+000	  1.6473400e+000	  1.7658854e+000	
  9.9317788e-001	  7.5694081e-001	 -7.0073784e-001	 -8.6589865e-001	  4.8037872e-001	  5.7695795e-001	  4.8680517e-001	 -3.9512786e-001	 -1.0487898e+000	  1.1827838e+000	  1.1355321e+000	
 -1.9559847e+000	  7.5029011e-001	  8.3254950e-001	  2.3652632e-001	 -9.6693880e-001	  4.3112764e-001	  4.2591128e-001	 -1.8829312e+000	  4.5649118e-002	  3.5423182e-001	  2.5042813e-001	
 -7.4495065e-001	 -1.1522155e+000	  1.1891134e+000	  8.5626083e-001	 -8.8689635e-001	 -8.4755877e-001	 -8.1623358e-001	 -3.2514139e-001	  1.0829038e+000	 -1.0643259e+000	 -9.9338186e-001	
  9.1278596e-002	 -4.2962285e-001	  1.8155913e-001	  7.4240668e-001	 -6.4863857e-001	 -5.7313010e-001	 -6.4741992e-001	  3.9262596e-001	  2.3168240e-001	 -2.7968330e-001	 -7.3664129e-002	
  3.9732897e-001	 -1.9988921e-001	  6.1129835e-001	  8.8725886e-002	  1.0810884e-001	 -1.6153667e-002	  9.8013215e-003	  3.8670794e-001	  9.4962403e-002	 -3.1646313e-001	 -1.9050791e-001	
 -1.0752910e+000	  2.9450735e-001	 -2.9677360e-001	  8.6554105e-003	  2.6112728e-001	  1.6914388e-001	  2.5905471e-001	 -1.7600938e+000	  8.4288328e-002	  1.5348660e-001	  1.4073908e-001	
  2.5969426e+000	 -6.0703487e-001	 -6.0614448e-001	 -3.5132294e-001	  1.1158105e+000	 -3.5670822e-001	 -4.1590330e-001	  1.5803405e+000	 -2.1087498e-001	  1.9405748e-001	  2.3868087e-002	
 -5.4246459e-001	 -8.1634675e-002	  1.2888236e-001	  3.3940244e-001	 -5.2372947e-001	  5.3378034e-002	 -4.1030281e-002	  1.4507202e-001	  4.6803709e-001	 -4.9065768e-001	 -4.6449091e-001	
 -7.2552196e-001	  7.6194435e-001	 -5.3871985e-001	 -2.6648303e-001	  9.1512756e-001	  8.6484385e-001	  8.4282681e-001	 -6.2104124e-001	 -5.1084029e-001	  5.7553305e-001	  5.4806324e-001	
 -1.7432800e-002	  1.4259967e+000	 -8.5967543e-001	 -1.1152191e+000	  2.5170879e-001	  1.4915776e+000	  1.4622253e+000	 -2.6497599e-001	 -1.4482338e+000	  1.6148428e+000	  1.4067055e+000	
 -5.9795477e-001	 -7.5352840e-001	 -4.6680362e-001	  1.6494444e+000	 -6.7584123e-001	 -1.0013986e+000	 -8.3247964e-001	 -8.5835129e-001	  1.0178572e+000	 -1.0121919e+000	 -8.8796867e-001	
 -1.8057141e-001	 -2.0153837e-001	  3.7524214e-001	 -4.1845602e-002	  4.4950547e-001	 -4.5063594e-001	 -3.5609449e-001	  6.1028308e-001	  3.2325628e-001	 -3.4280223e-001	 -3.2073063e-001	
 -1.7280376e+000	  4.7178454e-001	 -1.9022839e-001	  8.1719666e-002	 -8.6480143e-002	  3.7315004e-001	  4.8560774e-001	 -1.9074599e+000	 -2.0062204e-001	  6.2003289e-001	  3.7657130e-001	
 -3.6121172e-001	 -9.8317562e-001	  1.0565660e+000	  8.6993158e-001	 -1.1949086e+000	 -7.8657769e-001	 -7.6009201e-001	 -9.5218331e-002	  1.2697122e+000	 -1.1728156e+000	 -1.2738948e+000	
  1.0620606e+000	 -4.5661484e-001	  2.5282100e-001	  5.2146455e-001	 -1.0069957e+000	 -4.4276134e-001	 -5.7669935e-001	  1.3884890e+000	  5.3308940e-001	 -6.4205710e-001	 -7.5004364e-001	
 -2.5402931e-001	 -9.1432435e-001	  9.7752822e-001	  1.2280935e+000	 -1.1136336e+000	 -6.7884238e-001	 -6.9479958e-001	 -1.0869035e-002	  1.3009291e+000	 -1.1557465e+000	 -1.5461599e+000	
 -5.5808903e-001	  1.0524172e+000	 -1.5166225e+000	 -8.4658823e-001	  9.6979505e-001	  1.0523668e+000	  1.0894130e+000	  1.6042494e-001	 -9.3741776e-001	  8.5927229e-001	  9.8412392e-001	
 -2.0503270e+000	 -3.3152743e-001	  8.8302286e-001	  5.8860758e-001	  1.7032079e-002	 -6.9348609e-001	 -6.6273437e-001	 -1.7010664e+000	  9.1913561e-001	 -4.6045072e-001	 -6.1179390e-001	
 -2.2461133e-001	 -7.2570044e-002	 -8.6724483e-002	  2.0204964e-001	  2.6247392e-001	 -1.1724646e-001	 -1.5556544e-001	  4.7584700e-001	 -2.0612058e-001	 -3.4814442e-002	  3.5929168e-002	
  1.0130649e+000	  1.7620315e+000	 -1.5055391e+000	 -1.6218347e+000	  2.0278407e+000	  1.9502475e+000	  1.8775933e+000	  6.4810358e-001	 -1.7030342e+000	  1.5897079e+000	  1.5568893e+000	
 -4.8871613e-001	 -1.0621965e+000	  1.5941378e+000	  1.0815453e+000	 -3.7759904e-001	 -1.2451455e+000	 -1.2872760e+000	 -4.8671151e-001	  1.1637977e+000	 -1.1283764e+000	 -9.4153554e-001	
  2.4022172e-002	  1.1321493e+000	 -1.2495016e+000	 -4.9890094e-001	  1.4817635e+000	  1.4599092e+000	  1.5105428e+000	  3.0444447e-001	 -9.8241241e-001	  8.5756716e-001	  1.2033254e+000	
  1.7510292e+000	  7.8085635e-001	 -1.7061379e+000	 -1.0116744e+000	  1.4828519e+000	  9.7879380e-001	  8.7717655e-001	  1.6102555e+000	 -1.2285693e+000	  9.3961696e-001	  8.5916024e-001	
  6.4907132e-001	 -4.3336212e-001	  5.2807648e-002	 -4.0391053e-002	  2.9161388e-001	 -2.8802478e-001	 -2.1546834e-001	  3.5725466e-001	 -1.9129130e-001	  3.0964681e-002	  9.1678753e-002	
 -1.1194254e+000	 -2.3496034e-001	 -3.4865472e-002	  7.3418217e-001	 -4.0294562e-001	 -5.2163102e-001	 -4.1262327e-001	 -9.4462082e-001	  5.7062301e-001	 -6.3632114e-001	 -4.1383147e-001	
  1.0371406e+000	  9.2539426e-001	 -1.8731595e+000	 -4.7162070e-001	  1.3516397e+000	  8.7327833e-001	  8.0750466e-001	  6.2473155e-001	 -1.2266181e+000	  8.7377586e-001	  1.1219589e+000	
  1.3478248e+000	 -1.5329952e+000	  1.3538732e+000	  1.1592289e+000	 -7.0425217e-001	 -1.4520649e+000	 -1.5156917e+000	  1.3786427e+000	  1.3448566e+000	 -1.7410481e+000	 -1.4173419e+000	
  5.1502624e-001	 -4.5554186e-001	 -1.1359385e+000	  4.3418902e-001	  5.4905396e-001	 -3.3188684e-001	 -3.9421495e-001	  1.5273871e+000	 -5.3625005e-003	  1.6376013e-001	 -1.9282770e-001	
 -1.5807823e-001	  3.1673132e-001	 -1.7470642e-001	 -6.5240521e-001	 -6.4865610e-001	  3.9292553e-001	  3.7329508e-001	 -2.0156752e-001	 -4.5681545e-001	  5.6009857e-001	  1.7605024e-001	
  7.8225893e-001	 -3.5200187e-001	  6.1628948e-001	 -5.4233870e-002	 -2.1755983e-001	 -2.8984044e-001	 -3.9636946e-001	  1.1040028e+000	  2.7760819e-001	 -4.7877180e-001	 -5.7068219e-001	
  5.7472738e-001	  1.2491243e+000	 -1.6233268e+000	 -9.7154305e-001	  1.4318424e+000	  1.3047777e+000	  1.3283256e+000	  6.8859226e-001	 -1.4094302e+000	  1.2702186e+000	  1.1845436e+000	
 -5.3089757e-001	 -4.5384153e-001	  5.5583334e-001	  8.6552060e-001	 -1.3079167e+000	 -5.6550239e-001	 -6.9635394e-001	 -4.1835866e-001	  5.6671823e-001	 -4.5141600e-001	 -5.2130594e-001	
  1.3179402e+000	  2.2587818e-001	 -1.0339108e+000	 -8.1535715e-001	  6.3885643e-001	  2.9881273e-001	  2.6687440e-001	  2.5914654e-001	 -1.0039660e+000	  1.2008291e+000	  9.0119126e-001	
  1.1024680e+000	 -2.1289346e+000	  1.3934405e+000	  1.9843778e+000	 -2.3324413e+000	 -1.7584128e+000	 -1.8722687e+000	  1.6548231e+000	  1.8825930e+000	 -2.4194066e+000	 -2.0368961e+000	
 -3.8019572e-001	  1.0069459e+000	 -5.7963337e-001	 -1.1049345e+000	  3.1349387e-001	  1.0918031e+000	  1.0706076e+000	 -1.1870053e+000	 -9.8054374e-001	  1.0067595e+000	  1.1379872e+000	
  2.9905817e+000	 -2.3309039e+000	  1.0353584e+000	  2.0867710e+000	 -2.0200548e+000	 -1.9288349e+000	 -2.1838755e+000	  2.2425834e+000	  1.7431211e+000	 -2.0147259e+000	 -1.7465044e+000	
  2.3937596e-001	  5.1016042e-001	 -6.1418257e-001	 -1.1731083e+000	  8.5151129e-001	  6.9301062e-001	  5.4925976e-001	  2.7736066e-002	 -6.6860643e-001	  7.1641458e-001	  9.7837094e-001	
  9.3524831e-001	  4.8370909e-001	 -1.3612964e+000	 -5.5688147e-001	  8.1797981e-001	  6.2925473e-001	  5.0174885e-001	  8.7133297e-001	 -1.2134849e+000	  1.1359692e+000	  1.1170933e+000	
  1.6219075e-001	  3.9388406e-001	  2.2408902e-001	 -3.1206667e-002	 -1.2958639e-001	  7.0686069e-001	  5.3539913e-001	  4.3128759e-001	  1.1143630e-001	 -5.9320326e-002	 -1.6161191e-001	
  2.9334876e-001	  2.6185985e-001	  3.9066941e-001	 -1.3822814e-001	  5.2185338e-001	  3.5302252e-001	  3.0629906e-001	  4.8948341e-001	 -1.5412442e-001	  9.8982067e-002	  8.6323948e-002	
 -5.7554329e-001	  1.1278294e+000	 -1.8402765e+000	 -1.0482672e+000	  1.4701496e+000	  1.4243538e+000	  1.4452942e+000	 -4.0037086e-001	 -1.0632840e+000	  1.0294762e+000	  9.1612358e-001	
 -3.4382740e-001	  6.6853559e-002	 -6.6456756e-001	 -2.4636819e-001	  4.1678430e-001	 -6.7124872e-002	  5.9857405e-002	 -5.7071959e-001	 -3.2600136e-001	  6.6148917e-002	  3.1343881e-001	
  5.4786226e-001	 -1.0423971e+000	  5.2152867e-001	  9.7886416e-001	 -1.2827125e+000	 -1.0953181e+000	 -1.0780951e+000	  4.3141440e-001	  7.6306008e-001	 -6.4326398e-001	 -6.1143854e-001	
 -1.0049316e+000	  1.1797481e-001	 -2.5501059e-001	  6.5572991e-001	  1.5832336e-002	 -1.0575504e-001	  2.1023351e-002	 -7.5820824e-001	  2.9704135e-001	 -2.5229496e-001	 -3.1586387e-001	
 -2.1278670e+000	  2.0990851e+000	 -1.3465513e+000	 -1.3879707e+000	  7.8913776e-001	  1.7960102e+000	  1.9706821e+000	 -2.5118287e+000	 -1.2493324e+000	  1.6619371e+000	  1.6957528e+000	
  1.1268426e+000	  1.3073874e+000	 -1.0342831e+000	 -1.5056834e+000	  1.5598247e+000	  1.3026068e+000	  1.2782623e+000	 -2.5032451e-001	 -1.5303470e+000	  1.3263082e+000	  1.5193029e+000	
 -2.6777106e-001	 -8.0750064e-001	  3.9640406e-001	  5.6858784e-001	 -7.0113152e-001	 -9.8881751e-001	 -9.6272024e-001	 -4.0138273e-001	  6.0695775e-001	 -5.0959663e-001	 -6.8326692e-001	
  6.5228089e-001	 -1.0008962e+000	  6.7705036e-001	  4.9147596e-001	  1.2067191e-001	 -1.0065728e+000	 -8.4682712e-001	 -1.1037918e+000	  6.1575897e-001	 -4.3811442e-001	 -4.8533917e-001	
  1.6811875e+000	 -1.3449467e-001	 -2.7152136e-001	 -3.0251937e-001	  3.6052371e-001	  1.7162114e-001	  4.2210759e-002	  1.9989754e+000	 -3.6978283e-001	  1.8200491e-001	  2.0499127e-001	
  6.9329107e-001	 -1.1961765e+000	  2.4072228e-001	  1.3100811e+000	 -8.4163259e-001	 -1.0296696e+000	 -1.1736799e+000	  1.9049045e+000	  8.9802431e-001	 -1.0736771e+000	 -1.0774619e+000	
  1.0053233e+000	 -5.1570062e-001	 -7.2714376e-001	 -1.3252409e-001	  1.3342761e+000	 -5.6268905e-003	 -5.6298792e-002	  9.6664824e-001	 -1.3500730e-001	  5.0507713e-002	  5.2936359e-003	
 -9.2151572e-001	 -8.5093028e-001	 -3.3629982e-001	  1.3694344e+000	  2.4815185e-002	 -7.7142801e-001	 -5.4408398e-001	 -1.8228692e+000	  1.2895719e+000	 -1.1678481e+000	 -1.0352091e+000	
  7.1723676e-001	  1.5052639e+000	 -1.9899473e+000	 -2.3251442e+000	  2.3345384e+000	  1.5140705e+000	  1.5400119e+000	  2.1834627e-001	 -2.0565023e+000	  1.7981147e+000	  2.0796451e+000	
 -5.0150550e-001	  3.5359160e-001	  1.9698767e-001	  1.6234182e-001	 -3.5960058e-002	  3.4932200e-002	  1.2084123e-001	 -1.0026663e+000	  2.9422547e-001	 -2.1098036e-001	 -1.9588153e-001	
  9.0654409e-002	 -2.6244928e-002	  1.3244928e-001	 -4.7086002e-002	  6.6703485e-001	  1.0816619e-001	  1.9067003e-001	  1.8163823e-001	  1.1266352e-001	  3.7168915e-002	 -1.2604906e-001	
  4.2362378e-002	 -1.5516194e+000	  1.5229846e+000	  7.4309204e-001	 -1.2793173e+000	 -1.6891690e+000	 -1.5935148e+000	  3.3611353e-001	  1.0041994e+000	 -1.0125262e+000	 -1.1405698e+000	
  8.1217333e-001	  2.2080849e+000	 -1.9905219e+000	 -1.8439676e+000	  1.5034960e+000	  2.2801994e+000	  2.3462926e+000	  7.3372936e-001	 -2.2087521e+000	  2.0335609e+000	  2.1838549e+000	
  9.1348028e-001	 -1.2848388e+000	  7.2033823e-001	  6.6514413e-001	 -3.4233943e-001	 -1.2835378e+000	 -1.1618231e+000	  3.6152744e-001	  1.3425593e+000	 -1.2497833e+000	 -1.3876667e+000	
  8.5766445e-001	  1.2164059e+000	 -1.0143368e+000	 -1.8634536e+000	  1.0631272e+000	  1.1481174e+000	  1.0227829e+000	  1.6285283e-001	 -1.4243502e+000	  1.4249669e+000	  1.2845443e+000	
 -6.5050203e-001	 -5.2696717e-002	  6.3160616e-001	  2.3072945e-002	 -9.3167682e-001	 -2.4124452e-001	 -2.3599740e-001	 -5.1651099e-001	  2.1462009e-001	 -3.8314924e-001	  1.7269923e-002	
 -1.1658359e+000	  6.8082027e-001	  6.6454898e-002	 -6.3010062e-001	 -4.2705260e-002	  4.3637276e-001	  4.2990114e-001	 -4.9186101e-001	 -6.1419364e-001	  8.4322127e-001	  6.2498808e-001	
 -3.1946116e-001	  1.0533866e+000	 -5.7279710e-001	 -8.8787384e-001	  3.6777717e-001	  9.6824112e-001	  1.2060267e+000	 -1.0475926e+000	 -1.0000144e+000	  1.2734752e+000	  1.1417745e+000	
  6.2424025e-001	  3.0763093e-001	 -4.2454515e-001	 -2.3400349e-001	  6.2723246e-001	  3.7369453e-001	  1.8290897e-001	  8.1930536e-001	 -1.8167695e-001	 -3.2794188e-003	  2.4363103e-001	
  1.7587784e-001	 -7.5072258e-001	 -2.0385033e-001	  1.1317413e+000	 -5.5896289e-001	 -6.8891447e-001	 -7.3916816e-001	  1.8638457e-001	  3.2818276e-001	 -1.4960002e-001	 -2.6109202e-001	
 -1.1756108e-001	 -1.8179683e-001	  9.6841156e-001	  1.9411958e-001	 -6.6020036e-001	 -2.3632425e-003	 -4.9673453e-002	  2.3861594e-001	  3.1288765e-001	 -2.9560699e-001	 -2.7106301e-001	
  1.2419418e+000	 -1.5333146e-001	  5.9393916e-001	 -5.0215491e-001	 -7.5275607e-001	 -2.7024520e-001	 -3.1176531e-001	  9.7693749e-002	 -5.4573417e-001	  3.5363520e-001	  5.9708163e-001	
  2.0841818e-002	  1.2983094e+000	 -1.3668144e+000	 -1.4052923e+000	  1.0874160e+000	  1.5736120e+000	  1.5786396e+000	  5.5682801e-001	 -1.5232806e+000	  1.4884752e+000	  1.3016292e+000	
 -9.6625376e-001	 -2.8649069e-001	  4.3950055e-001	  2.1178215e-001	 -5.1170098e-001	 -5.8816189e-001	 -6.6014405e-001	 -7.9085951e-001	  6.2868414e-001	 -6.9016775e-001	 -4.8689689e-001	
 -5.4176586e-001	 -6.0372877e-001	  8.0584832e-001	  9.7498796e-001	 -2.6405736e-001	 -4.6719869e-001	 -4.4987549e-001	  7.3802830e-001	  8.3859069e-001	 -7.7415305e-001	 -9.3391592e-001	
 -2.0154073e+000	 -7.7076595e-001	  2.6232519e+000	  7.4229498e-001	 -2.0694426e+000	 -1.0140871e+000	 -1.0240581e+000	 -1.1618334e+000	  1.3992163e+000	 -1.2543787e+000	 -1.2447958e+000	
 -4.8012967e-001	 -1.1565904e+000	  5.6440432e-001	  1.1426890e+000	 -1.1245829e+000	 -1.4926100e+000	 -1.2951063e+000	 -1.0708759e+000	  1.3945723e+000	 -1.3515502e+000	 -1.0491345e+000	
  1.3970313e+000	  2.0860109e-001	 -6.6588342e-001	 -5.7150812e-001	  9.7645910e-001	  3.9488742e-001	  3.9600365e-001	  1.7904188e+000	 -5.6087626e-001	  3.8939876e-001	  3.9202121e-001	
 -7.8174986e-001	  2.2099246e-001	  1.4430353e-001	  1.9336116e-001	 -9.8886035e-002	 -4.6928881e-002	  1.0863328e-002	 -6.0621196e-001	  3.3501988e-002	 -7.1840634e-002	 -7.3204900e-002	
  7.1810729e-001	 -2.1040383e+000	  2.1789111e+000	  2.2897592e+000	 -2.0139609e+000	 -2.1566430e+000	 -2.1498885e+000	 -4.7579781e-002	  2.4645639e+000	 -2.4122303e+000	 -2.4005861e+000	
 -2.3081319e+000	  8.7877186e-001	  2.7515969e-002	 -6.7696251e-001	  2.1374722e-001	  5.6394404e-001	  7.1332574e-001	 -1.6753352e+000	 -4.3310613e-001	  8.7302565e-001	  4.7556361e-001	
  4.5203747e-001	  1.6638411e-001	  3.5801195e-001	  1.8590888e-001	 -3.2622671e-001	  5.5408225e-001	  4.2792537e-001	  9.5637224e-001	  8.4348238e-002	  4.7723966e-002	 -1.6101615e-001	
 -3.1854240e-001	  3.1168915e-001	  3.3403389e-001	 -6.1314670e-001	  2.1318229e-001	  1.8569303e-001	  1.9793355e-001	 -1.8018511e-001	 -3.3111540e-001	 -3.9433417e-002	  2.8507198e-001	
 -7.2403083e-001	  1.1007214e+000	 -5.0223413e-001	 -7.5787824e-001	  6.5279836e-001	  1.1791479e+000	  1.1033767e+000	 -4.8361711e-001	 -6.0836436e-001	  4.9008119e-001	  6.7191034e-001	
 -1.2461614e-001	  8.4742458e-001	 -1.1424465e-001	 -1.4998335e+000	  7.3276208e-001	  1.0472434e+000	  8.7137525e-001	 -2.0234391e-001	 -1.1612126e+000	  1.1682531e+000	  1.0743515e+000	
  2.6511441e-002	  1.1956431e+000	 -6.5443502e-002	 -1.0154279e+000	  5.6525618e-001	  1.0254963e+000	  8.8083126e-001	  6.8957806e-001	 -9.6818157e-001	  9.2906498e-001	  9.5094449e-001	
 -7.0347527e-001	 -5.4642364e-001	  7.0994969e-001	  3.4455984e-001	 -7.2740599e-001	 -8.1668454e-001	 -7.0958074e-001	 -8.8708326e-001	  5.7986495e-001	 -2.8352657e-001	 -7.7253126e-001	
  1.8049565e+000	  6.1415029e-001	 -9.1504485e-001	 -6.3898436e-001	  7.5661926e-001	  7.1746561e-001	  7.0533848e-001	  1.1756090e+000	 -1.0083442e+000	  1.0313118e+000	  9.0823871e-001	
  1.0616893e-003	  7.6567471e-001	 -1.4839158e+000	 -4.3617383e-001	  2.0057298e+000	  5.1566130e-001	  7.2899020e-001	 -5.5405120e-001	 -7.0665625e-001	  8.5069585e-001	  7.7296754e-001	
 -2.5288969e-001	 -5.0997543e-001	  5.0299159e-001	  4.3495848e-001	 -4.6799243e-001	 -4.8466695e-001	 -4.2319543e-001	  2.1643497e-001	  7.1949994e-001	 -5.1340679e-001	 -6.7746391e-001	
  1.7002594e+000	 -2.7143637e+000	  2.1102820e+000	  1.9908732e+000	 -1.5492386e+000	 -2.4450615e+000	 -2.6355670e+000	  3.0380983e+000	  2.1888304e+000	 -2.5772568e+000	 -2.5249846e+000	
  6.2574931e-001	 -3.6483042e-001	  5.7702117e-001	  6.7991984e-001	 -3.0640468e-001	 -6.6774446e-001	 -6.2947050e-001	 -6.5480651e-001	  1.7800085e-001	 -1.2182644e-001	 -1.4292177e-001	
  8.0336114e-001	 -5.4301208e-001	 -4.2982534e-001	  5.6272080e-001	  9.0748396e-001	 -4.0445709e-001	 -3.9535138e-001	  7.2851173e-001	  3.6361127e-001	 -4.3499513e-001	 -4.8825011e-001	
 -3.1570383e-001	  5.9686483e-001	  2.9448278e-001	 -1.0508945e+000	  7.9493362e-001	  4.4513197e-001	  5.2846553e-001	  5.6558877e-001	 -6.6968825e-001	  5.4918604e-001	  5.5132235e-001	
 -4.3182398e-001	 -7.8037659e-001	  4.6912904e-001	  6.4975633e-001	 -7.6371887e-001	 -7.7042441e-001	 -6.3753506e-001	 -6.9464677e-001	  4.9422901e-001	 -3.8485046e-001	 -3.9188422e-001	
 -7.0908921e-002	 -1.8332319e+000	  1.6279067e+000	  1.3482274e+000	 -2.3589595e+000	 -1.9087278e+000	 -2.0038763e+000	  4.5518329e-001	  1.8113702e+000	 -1.5900967e+000	 -1.8609081e+000	
 -4.7828584e-001	  9.1806881e-002	  7.8357503e-001	  4.3933845e-002	 -1.1937959e+000	  1.3105764e-001	  2.5764645e-001	 -4.8875422e-001	  4.5692159e-002	  5.9691621e-002	 -7.3801805e-002	
 -2.0179699e-001	 -3.8529052e-001	  2.7188111e-001	  6.2285434e-001	 -4.2979663e-001	 -5.7124803e-001	 -5.0634278e-001	 -4.1895431e-002	  7.0343668e-001	 -8.7098171e-001	 -6.0871545e-001	
 -3.9248582e-002	 -1.2424775e+000	  1.1513606e+000	  1.9367454e+000	 -1.4064681e+000	 -1.3248581e+000	 -1.2911014e+000	 -1.0500990e-001	  1.6643938e+000	 -1.6375193e+000	 -1.6505430e+000	
 -1.1231593e-001	  1.5986219e+000	  6.2526486e-001	 -2.0696131e+000	  6.0574164e-001	  1.6337923e+000	  1.5638772e+000	 -3.3111643e-001	 -1.2004336e+000	  1.2445258e+000	  1.4516067e+000	
