  7.4754773e-002	 -4.4938489e-001	  1.0954971e+000	 -4.4048684e-001	  3.5332605e-001	 -4.9974920e-001	  5.7455823e-001	  1.7557643e-001	  7.5917699e-001	 -1.6570442e-001	  1.1261141e+000	
 -2.0822956e-001	  5.5984595e-001	 -1.7852924e+000	 -8.1387140e-001	  1.5736371e+000	  7.0296057e-001	 -2.1094922e-001	  8.2354855e-001	 -3.9097010e-001	  2.1220918e-001	 -7.8659662e-001	
  3.0744817e-002	  1.7332439e-001	  1.7700192e-001	 -2.4964770e-001	  4.1141450e-001	  2.4960607e-001	 -1.6066298e-001	  5.0143601e-002	 -3.0710518e-001	  7.3905947e-001	 -3.4642706e-001	
 -5.9415883e-001	 -6.9134943e-001	  8.8854650e-001	 -1.0636942e-001	  4.1447682e-001	 -5.8310658e-001	  8.6133707e-001	 -2.9113665e-001	  5.5792353e-001	  1.7788896e-002	 -5.2394426e-001	
  7.4524218e-001	  9.4297724e-001	  2.2361098e-001	 -2.7501350e-001	  3.3143850e-001	  8.5092224e-001	 -1.1404049e+000	 -2.1298082e-001	 -2.4396866e-001	  5.5844872e-001	 -6.6949633e-001	
  1.5087277e+000	  1.3686260e+000	 -1.4076009e-001	  1.3993668e-001	 -1.2104923e+000	  1.3866678e+000	 -1.5547598e+000	  1.7663019e+000	 -5.4743047e-001	  5.1092991e-001	 -1.3242214e+000	
  1.3503391e+000	  1.3496297e+000	 -4.3920552e-001	  2.9683830e-001	 -3.5185182e-001	  1.2957513e+000	 -9.8684091e-001	  1.4679573e+000	 -5.0391220e-001	 -1.1113595e-001	 -9.9696842e-001	
 -1.7661585e+000	 -5.5872263e-001	 -1.0306516e-001	  5.1085058e-001	  8.0381374e-001	 -9.7943412e-001	 -1.4634110e-002	 -2.5500135e+000	 -5.2543587e-001	 -2.0439056e+000	  1.3299257e+000	
  1.4739857e+000	  1.3692542e+000	 -1.0608542e+000	 -6.3572643e-001	  7.5640939e-001	  1.3639625e+000	 -5.3822081e-001	  1.6396518e+000	 -5.5841065e-001	 -6.9803433e-002	 -2.0941666e+000	
  1.4013251e+000	  1.4770073e+000	  4.2811193e-001	  7.5260759e-002	  4.4928099e-001	  1.7051521e+000	 -9.1924467e-001	  2.2170285e+000	 -7.0675191e-001	 -1.3920154e-001	 -4.2029644e-001	
 -1.3756184e+000	 -9.8330708e-001	 -9.0174494e-001	 -4.1736487e-001	 -2.9982727e-001	 -6.6049491e-001	 -3.9834109e-001	 -1.4822669e+000	 -2.0357537e-001	 -2.5680139e-001	  5.7987524e-001	
  7.1218362e-001	 -1.0653113e-001	 -7.7088253e-001	 -1.2503572e+000	  1.5501460e+000	  2.0274831e-001	  7.3660212e-001	  9.1214976e-001	  3.8169961e-001	  1.2026575e+000	  3.7139771e-001	
 -5.8770340e-002	 -7.1213581e-001	  7.4879906e-001	 -6.9817680e-001	 -3.6936457e-001	 -8.4064765e-001	  5.1473267e-001	 -1.4087456e-001	  4.8065570e-001	 -3.6867892e-001	  2.5417640e-001	
  3.9036526e-001	  4.4615052e-001	  8.9504567e-001	  4.7667217e-001	 -5.6971712e-001	  2.7733573e-001	 -5.3322260e-001	 -2.5160857e-001	 -2.2410549e-002	 -5.1005548e-001	 -3.5915345e-001	
  6.1694776e-001	  1.3048532e+000	 -3.4162809e-001	 -5.0509770e-002	  3.8353474e-001	  1.1194064e+000	 -6.8973134e-001	  4.0285188e-001	 -1.1414448e+000	 -8.8732693e-001	 -7.1123871e-001	
 -1.6756443e+000	 -1.8079334e+000	 -8.4268826e-001	 -1.3822141e+000	  1.8402143e+000	 -1.8656499e+000	  1.5637994e+000	 -2.0346670e+000	  1.6251370e-001	 -8.0556089e-001	  1.3873675e+000	
  1.3836421e+000	 -6.4981064e-001	 -1.2415570e+000	 -7.7681458e-001	  6.8538570e-001	 -2.6655083e-001	  8.9882811e-001	  9.5206984e-001	  1.1978115e+000	  8.8565584e-001	  3.4431012e-001	
 -1.8625412e+000	 -7.7935784e-001	  3.0026610e-002	  9.1591718e-001	 -8.9977385e-001	 -1.1673973e+000	  6.9118555e-001	 -1.7122762e+000	 -5.0811591e-001	 -1.4746689e+000	  3.0109686e-001	
 -1.9896563e+000	 -2.7475079e+000	 -2.0686954e-001	 -1.7945460e+000	  1.5170452e+000	 -2.8056794e+000	  2.8773643e+000	 -9.9160529e-001	  1.7965986e+000	  7.3762967e-001	  1.4404813e+000	
 -1.7235474e+000	 -1.0296846e+000	 -6.9331460e-001	  3.6863696e-001	 -4.8611168e-001	 -1.2277155e+000	  2.9113410e-001	 -1.7531303e+000	 -1.4017678e-001	 -1.0394989e+000	  1.6320854e-001	
 -9.3710733e-001	 -4.3771605e-001	  7.5908426e-003	  7.2226330e-001	 -1.2873611e+000	 -6.8261227e-001	 -3.5391853e-001	 -9.8761150e-001	 -5.5219913e-001	 -6.1038633e-001	  1.1450175e+000	
  8.0374911e-001	 -1.6085062e-002	 -3.2121227e-001	 -1.0272265e+000	  7.0351607e-001	  3.7284951e-001	 -3.0535211e-001	  9.6475990e-001	  8.7264161e-001	  8.7784485e-002	  4.1789234e-001	
  2.4092652e-001	 -1.0031838e+000	 -4.1612052e-001	 -8.2039221e-001	  3.9493843e-001	 -1.1300319e+000	  9.9462123e-001	 -1.0444356e-001	  1.3650737e+000	  1.1045158e+000	  6.0776849e-001	
  2.7021787e-001	 -5.6734683e-001	  1.2764221e+000	 -5.8132428e-001	  1.3602997e-001	 -4.3019008e-001	  6.5601820e-001	  6.7928242e-001	  1.5302440e+000	  1.8770796e+000	  1.0138041e+000	
 -8.0715906e-001	  5.2621259e-001	  1.0971167e+000	  2.2993676e+000	 -1.8050911e+000	  7.1009410e-001	 -1.2386985e+000	 -2.4346610e-001	 -1.6023200e+000	 -9.1463618e-001	 -1.0404423e+000	
  3.9490476e-001	  3.3234074e-001	  1.3383956e+000	  7.6182241e-001	 -1.3187424e-001	  7.3284299e-001	 -5.2229511e-001	  7.8471567e-001	 -3.8630695e-001	  8.0300389e-001	 -1.0253011e+000	
  1.3541589e-001	  8.6486830e-001	 -2.3037921e+000	 -9.2611849e-001	  1.4977168e+000	  1.1670929e+000	 -7.2923358e-001	  5.6905258e-001	 -1.0803698e+000	 -8.4269907e-001	  5.8035622e-002	
 -5.0502355e-001	 -2.5732733e-001	  1.4504332e+000	  1.3259879e+000	 -1.2641390e+000	  2.2571987e-001	 -7.7501391e-001	 -1.5935313e-001	 -3.1937801e-001	 -7.5152473e-001	  1.2136657e-001	
  9.0949859e-001	  1.7450451e+000	  1.9046088e-002	  1.1047803e+000	 -5.5144943e-001	  1.5145516e+000	 -1.2738042e+000	  8.0677750e-001	 -1.5639074e+000	 -2.7776351e-001	 -1.1093338e+000	
 -3.4920543e-001	  9.9911712e-001	 -6.1035989e-001	  6.1652000e-002	  1.2080154e-001	  8.5632923e-001	 -8.3826609e-001	 -3.3825619e-001	 -1.0419120e+000	 -6.3001448e-001	 -1.1093573e+000	
  1.5486117e+000	 -5.6807628e-001	 -5.1082503e-001	 -1.4558780e+000	 -1.0473455e+000	 -3.2513186e-001	  9.3421200e-001	  1.7084932e+000	  1.8845741e+000	  1.5767860e+000	  6.1868205e-001	
  3.6220644e-001	 -5.4505653e-001	  9.9079413e-001	 -6.2427914e-001	 -2.0533678e-001	 -4.0932896e-001	  3.9969190e-001	  4.4222380e-001	  1.3981629e+000	  1.4883896e+000	  1.6138823e+000	
  6.3755863e-001	 -5.3360539e-002	  4.3427036e-001	 -4.0677249e-001	  5.0141153e-002	  1.2307002e-001	  1.5576808e-001	  6.9737850e-001	  9.2765464e-001	  1.5768052e+000	  9.8142768e-001	
 -9.1266662e-001	 -1.6850657e+000	  2.3507124e+000	 -4.4438877e-001	 -7.5620239e-001	 -1.4342254e+000	  1.0428689e+000	 -1.1599116e+000	  1.9561378e+000	  9.6724699e-001	  1.5802341e+000	
 -9.8848724e-001	  1.0736189e-001	  4.3266754e-001	  1.1999722e+000	 -1.1075371e-001	 -5.2322424e-001	  7.6441388e-001	 -5.3774980e-001	 -1.3101749e+000	 -1.4204448e+000	 -6.4350767e-001	
  1.0354754e+000	 -2.2454772e-001	  8.5674976e-002	 -1.1258430e+000	  6.0994220e-002	 -5.1633185e-003	  1.1437500e-001	  8.0634190e-001	  1.2518562e+000	  1.3635709e+000	  1.1601762e+000	
  1.2359242e-001	  8.8089389e-002	  9.7614418e-001	  9.8183566e-001	 -8.6965307e-001	  1.7567599e-001	 -6.6509480e-002	  5.2134197e-001	 -3.5498894e-002	 -1.9138723e-001	 -2.5090126e-001	
  5.2160086e-001	 -3.3536696e-001	  1.3675259e+000	  3.2093319e-002	 -9.9616193e-001	 -4.3822892e-001	  2.1974690e-001	  4.9273620e-001	  8.3874687e-001	  1.0322663e+000	  9.1216052e-001	
  1.7711293e-001	  1.5946032e+000	 -1.7370073e+000	  1.3128689e+000	 -5.8344634e-002	  1.3186337e+000	 -1.8467660e+000	 -7.5285843e-001	 -1.8310130e+000	 -2.1211041e+000	 -1.5735236e+000	
  5.8431527e-001	 -9.9528450e-001	  1.1617713e+000	 -3.3234412e-001	 -6.1289208e-002	 -9.6365528e-001	  1.1018547e+000	  3.9473287e-001	  1.4708774e+000	  1.3336098e+000	  6.1646804e-001	
 -2.3716799e+000	 -2.4159522e+000	  2.9785346e-001	 -1.1496741e+000	  1.6403198e+000	 -2.3426062e+000	  1.7760617e+000	 -2.3475878e+000	  7.6364510e-001	 -7.1474382e-001	  1.4777184e+000	
 -5.9406507e-001	 -8.9558741e-001	  2.3290452e-001	  1.0306172e+000	 -4.0148750e-001	 -7.8559807e-001	  8.1205603e-001	 -2.8648962e-001	  3.4012262e-001	  7.8706585e-001	  1.3048165e+000	
  8.9635508e-001	  1.1975656e+000	  6.5481098e-002	 -4.0901251e-001	 -3.1796548e-002	  1.1673964e+000	 -6.9507821e-001	  1.2840468e+000	 -3.8640899e-001	  3.1807089e-001	  1.7290805e-001	
  3.5248097e-001	  3.1201277e-002	 -1.9764210e+000	 -9.8091919e-001	  8.2857942e-001	  2.9471268e-003	  6.3499968e-001	  1.0480728e+000	  1.5700057e-001	  5.3011238e-001	  3.2286092e-001	
 -1.0495310e-001	  6.6001763e-001	  3.7342514e-001	  1.4619191e+000	 -2.4777385e+000	  4.7219537e-001	 -1.1371233e+000	 -5.3843581e-001	 -8.6269035e-001	 -1.0584575e+000	  1.1877918e+000	
  2.4148299e-001	  6.7643438e-001	 -1.5951278e+000	  6.0469333e-002	  3.8885220e-001	  4.6783425e-001	 -8.0615907e-001	 -5.5715568e-003	 -6.6310869e-001	  5.2670121e-002	 -5.5746038e-001	
  4.3812032e-001	 -1.1679417e+000	  8.2295411e-001	 -4.2787501e-001	  5.9870367e-002	 -7.4389147e-001	  1.2718086e+000	  6.2539015e-001	  1.6505601e+000	  1.7418586e+000	  6.3342272e-001	
 -5.7483565e-002	 -6.4698857e-002	 -5.8115839e-001	  1.4093395e+000	 -1.0495951e+000	 -1.4340366e-001	 -4.7424833e-001	 -3.2071958e-001	 -3.9097146e-001	 -1.4469538e-001	 -2.7893236e-001	
 -1.2477740e+000	 -1.4152890e+000	 -1.7268293e-001	 -6.6781078e-001	  1.4690477e+000	 -1.4586192e+000	  1.6366459e+000	 -4.6423536e-001	  7.1550363e-001	  3.3679370e-001	  4.9902021e-001	
  6.1946577e-001	  1.0474330e+000	  2.1780270e+000	  2.6748104e+000	 -2.9872018e+000	  1.0803767e+000	 -1.7939841e+000	  6.4486215e-001	 -1.0836289e+000	 -8.0399886e-002	 -1.3964814e+000	
 -1.4030431e+000	  4.7877821e-001	  1.3887129e+000	  2.5071590e+000	 -1.9013059e+000	  3.8500176e-001	 -1.0549667e+000	 -9.7363110e-001	 -1.7697672e+000	 -2.2910703e+000	 -1.6026018e+000	
 -6.0141700e-001	 -1.1622237e+000	 -5.8039216e-001	 -1.5644134e+000	  1.4665398e+000	 -1.1873063e+000	  1.0837370e+000	 -7.8440715e-001	  8.9811282e-001	  2.4983835e-001	  8.6001186e-001	
 -2.0726854e-001	 -1.8097473e+000	  4.4930302e-001	 -1.8894893e+000	  7.4462311e-001	 -1.3863460e+000	  1.1948282e+000	 -2.0633148e-001	  2.2949482e+000	  5.5217611e-001	  1.4453278e+000	
  1.4073327e+000	  1.2801728e+000	 -9.3739854e-001	  2.6250242e-001	  4.6153541e-001	  1.1376734e+000	 -8.4160932e-001	  1.1325353e+000	  5.1908817e-002	  9.4145969e-001	 -7.4105106e-001	
 -1.4166387e-001	  3.2019822e-001	 -1.9359207e+000	 -3.0828357e-001	 -3.6529904e-002	  1.3280832e-001	 -2.9632135e-001	 -5.4994116e-001	 -4.4120491e-001	  2.3299879e-001	 -8.8916520e-001	
  2.1566160e+000	  1.5741605e+000	 -2.8193380e-001	 -1.1736138e+000	  5.1925522e-001	  1.4238530e+000	 -1.0515468e+000	  1.0556989e+000	  2.4851255e-001	  7.1551659e-001	 -1.6861051e-001	
 -3.3907726e-001	 -7.1679475e-001	  1.1445738e+000	  6.7176875e-003	 -7.5204657e-002	 -3.2552634e-001	  1.9047143e-001	  2.2577788e-001	  5.3165745e-001	  1.1628357e+000	 -1.0594693e+000	
 -7.4891464e-001	  6.3806557e-001	  1.3618266e-002	  1.7152525e+000	 -1.6696297e+000	  1.8926260e-001	 -7.2165557e-001	 -9.0165761e-001	 -1.8093648e+000	 -2.2574219e+000	 -1.4101167e+000	
 -2.2381530e+000	 -1.3980081e+000	  1.0626221e-001	  3.7652265e-001	  8.4266968e-001	 -1.8064727e+000	  1.3941399e+000	 -2.2484811e+000	 -6.7545905e-001	 -1.0473020e+000	 -6.1270474e-001	
 -1.3338425e-001	 -1.1629478e+000	  7.8645605e-001	 -1.4207816e+000	  4.9679652e-001	 -1.1106441e+000	  1.4623787e+000	 -7.5384974e-001	  1.2032838e+000	  6.1264998e-001	  9.3229080e-001	
 -1.1126497e+000	 -1.4400793e+000	  6.5091074e-001	 -7.3442498e-001	  5.7936011e-001	 -1.6040546e+000	  1.7069501e+000	 -1.1477744e+000	  1.0536540e+000	  1.2708006e-001	  1.5400430e+000	
 -1.1415460e-001	  1.3326495e+000	  5.1443718e-002	  6.4428563e-001	 -1.8643800e+000	  1.2760210e+000	 -1.6655099e+000	  1.4202652e-004	 -1.5477461e+000	 -9.5286208e-001	 -1.8053488e+000	
  6.3005546e-001	  7.3964623e-001	  1.9951537e+000	  1.7603395e+000	 -3.0250992e+000	  7.4558232e-001	 -1.1153760e+000	  8.6797275e-001	  9.6506091e-002	 -6.2902461e-001	 -1.1013556e+000	
  6.7652361e-001	  1.4157148e+000	 -6.4090111e-001	  4.9365325e-001	  2.5155725e-001	  1.6807361e+000	 -1.5674417e+000	  7.4058795e-001	 -9.2763735e-001	 -1.6061292e-001	 -1.7858842e+000	
 -1.3080218e+000	 -1.2603753e+000	  2.6619637e-001	 -1.2699701e+000	  9.1813086e-001	 -1.0965543e+000	  9.2567692e-001	 -1.2012197e+000	  3.0864113e-001	 -2.8234654e-001	  6.0624626e-001	
 -1.0249746e+000	 -1.2016404e+000	 -1.5130727e+000	 -1.8770329e+000	  1.1245356e+000	 -1.0718422e+000	  1.2427831e+000	 -5.4703456e-001	  5.7567669e-001	  2.5701461e-001	  1.8832847e+000	
 -3.7456794e-001	 -1.2250904e+000	  7.0968805e-001	 -5.6973886e-001	  5.2400849e-001	 -1.1027772e+000	  1.2984513e+000	  8.9007525e-002	  7.1041800e-001	 -2.9374759e-002	  7.4925530e-001	
  1.1324811e+000	  2.9451663e-001	 -2.4450378e-001	 -1.6946367e+000	  1.1980563e+000	  8.1459128e-002	  6.2619844e-001	  6.4467689e-001	  5.5296435e-001	  1.3611536e-001	 -3.6783925e-001	
  2.0822975e+000	  1.5216389e+000	  8.4181030e-001	  1.4623874e-001	 -3.4765053e-001	  1.7304873e+000	 -1.0679900e+000	  1.4419439e+000	  2.2480892e-001	  6.3881678e-001	 -1.7649109e-001	
  2.1081624e-001	  1.0052098e+000	 -8.7764647e-001	  1.8567529e+000	 -1.3747238e+000	  1.2907082e+000	 -1.4992521e+000	  5.8275229e-001	 -1.2828326e+000	 -1.7126475e+000	 -1.0535483e+000	
  2.1391069e+000	  4.6737134e-001	 -8.7330872e-001	 -1.0217589e-001	  4.6128972e-001	  4.0837204e-001	  7.6011193e-001	  1.6728449e+000	  1.1454031e+000	  1.9140007e+000	  1.0479722e-001	
  1.6263377e+000	  1.6200871e+000	  1.5279761e+000	  6.7119881e-001	 -7.4715526e-001	  2.0764266e+000	 -1.6945487e+000	  2.0824902e+000	 -4.5936583e-001	  1.5136790e-001	 -9.4612457e-001	
  2.0994272e-001	 -9.7583940e-002	  1.0600859e-001	 -7.7992977e-001	  7.2485248e-001	 -1.3328501e-001	  4.3019778e-001	 -5.9367553e-001	  4.3907344e-001	  4.5145344e-001	  2.5674249e-001	
  7.8326473e-001	  1.2088410e+000	 -5.1561854e-001	  1.3021120e-001	 -5.9421576e-001	  1.0848293e+000	 -1.4047834e+000	  2.1860709e-001	 -7.6753169e-001	  4.1169536e-002	 -3.2027340e-001	
  5.5834663e-002	 -3.7979957e-001	  1.2750134e+000	  6.5214813e-001	  1.2982900e-001	 -5.4275241e-001	  5.8719224e-001	 -4.5373667e-001	  2.0373919e-001	 -6.3566956e-001	 -7.9864208e-001	
  1.3505468e+000	  3.6564278e-001	 -2.1478813e-001	 -1.2297301e+000	  1.3383925e+000	  5.9187301e-001	  2.0398790e-001	  1.7926685e+000	  1.0703649e+000	  1.9947307e+000	  4.6502364e-001	
  1.0475719e+000	  3.4760666e-001	 -5.0483958e-001	 -5.4039095e-001	  4.7270459e-001	  3.1062664e-001	 -1.2999608e-001	  7.3454781e-001	  2.2114829e-001	  6.4919526e-001	  3.2600167e-001	
 -8.0962658e-001	  4.4493674e-001	 -7.0402053e-001	  8.3905929e-002	  7.7060089e-001	  5.1419299e-001	 -5.9473312e-001	  4.8907010e-002	 -8.0503599e-001	 -9.8348487e-001	 -1.2988072e+000	
 -1.2392936e+000	 -1.5290977e-001	 -2.2365819e+000	  3.9933809e-001	  8.4717048e-001	 -3.0357505e-003	  2.1384240e-001	 -8.0075514e-001	 -8.8267640e-001	 -1.5820657e+000	 -2.4701095e-002	
 -1.9232895e+000	 -6.0185031e-001	 -8.2019956e-001	  6.5165670e-001	  1.2587406e-001	 -6.9450922e-001	  4.2601472e-001	 -1.2426904e+000	 -6.0931485e-001	 -5.3902737e-001	 -9.3398421e-001	
 -9.3208504e-003	  1.0452029e+000	 -3.1162684e-001	  9.9443467e-001	 -3.5687065e-001	  9.9338211e-001	 -9.6175920e-001	  5.6430225e-002	 -1.6332556e+000	 -9.5427635e-001	 -1.0809688e+000	
 -1.8170612e-001	 -5.0061179e-001	 -1.0239754e+000	 -1.1983043e+000	  6.4345289e-001	 -5.0213757e-001	  4.9116807e-001	 -7.9401022e-001	  7.9686992e-001	  6.7995946e-001	  1.6754597e+000	
 -1.2506959e+000	 -2.1888237e+000	 -1.0517360e+000	 -4.2477452e-001	  1.5042834e+000	 -2.3262117e+000	  2.5074300e+000	 -1.6452074e+000	  1.8865445e+000	  1.0240599e+000	  2.2766610e+000	
  5.6095857e-001	  1.2074872e+000	  2.1380294e-001	  1.8247754e-001	 -1.6576391e-001	  9.5597298e-001	 -9.9095394e-001	 -7.6072627e-001	 -9.0574762e-001	 -7.3122337e-001	 -4.6966237e-001	
 -1.2367787e-001	 -2.9887866e-001	 -1.0883838e+000	  5.2138311e-001	  1.6714008e-001	 -4.1082158e-001	  6.1067681e-001	  5.0156918e-001	  1.7071641e-001	  2.2261674e-001	 -2.7881252e-001	
 -3.7191059e-001	 -1.8322607e-001	  6.3695504e-001	  3.7409915e-001	 -8.8537681e-002	 -1.7983574e-001	 -2.9942928e-002	 -7.3700009e-001	  2.5452990e-001	 -9.6352889e-001	  7.8475137e-001	
 -1.3752575e+000	  1.2124389e+000	 -3.7754398e-002	  1.6662313e+000	 -1.4565130e+000	  7.3284307e-001	 -1.3120461e+000	 -5.9225553e-001	 -2.8795426e+000	 -2.3664854e+000	 -2.3147651e+000	
 -4.3843383e-001	  4.6673156e-002	  1.7491660e+000	  6.8630823e-001	 -7.2215380e-001	  1.2247107e-001	 -1.1642568e-001	  6.2016752e-002	 -5.0397772e-001	 -4.4588039e-001	  1.6925365e-001	
  7.2088986e-001	  6.4676062e-001	  2.8497288e+000	  6.9196531e-001	 -1.1378192e+000	  6.8699949e-001	 -8.2852031e-001	  1.8384425e-001	 -5.0359034e-001	 -8.1288661e-001	 -2.8633749e-001	
  5.8523943e-001	  5.3688706e-001	 -4.0097993e-001	  2.0810233e-001	  2.6363322e-001	  9.5417373e-001	 -5.0262006e-001	  8.1597218e-001	 -3.7335307e-002	  9.6220621e-001	 -3.5607767e-001	
  3.9650798e-002	 -3.0921610e-001	 -5.0654996e-001	 -7.0368270e-001	  8.9622975e-001	 -4.7661484e-001	  4.7546895e-001	 -8.1605776e-001	  5.0618551e-001	  2.6061135e-001	  1.1638670e+000	
  1.4853664e-001	  1.1334511e-001	 -3.6859924e-001	  3.3472647e-002	  2.8579714e-002	  1.7226606e-001	 -1.2745705e-001	  4.9448305e-001	  2.7032494e-001	  1.5200994e+000	  2.4255219e-001	
  2.1351710e-002	  6.3929437e-001	  1.6681681e-001	  8.6989318e-001	 -3.2730815e-001	  5.6391655e-001	 -7.9227841e-001	  7.0133001e-002	 -8.7909906e-001	 -7.2076914e-001	 -1.3894377e+000	
  3.9153893e-001	 -8.6272511e-001	 -3.2277596e-001	 -1.3702157e+000	  3.9656050e-001	 -7.4484471e-001	  1.0855918e+000	  1.5336455e-001	  1.4057855e+000	  5.9423935e-001	 -7.9240037e-002	
 -2.3757109e-001	 -3.0753976e-001	 -3.1387759e-001	 -8.5578036e-001	  1.2680232e+000	 -3.8392071e-001	  6.1116961e-001	  2.4861624e-001	  2.3670617e-001	  1.1835064e-001	 -1.5370121e-001	
  5.2670042e-001	 -2.0573184e-001	  1.5998077e-001	 -2.8451534e-001	  1.2276717e+000	 -1.4304278e-001	  5.0037013e-001	  2.1801381e-001	  8.1573716e-001	  1.0282113e+000	  1.3183633e+000	
  3.9879752e-001	  7.6238842e-001	 -9.5870552e-001	  4.2915725e-002	 -9.8194130e-001	  5.3482563e-001	 -7.6254439e-001	  4.3040286e-001	 -6.1058392e-001	  8.0251357e-002	 -6.9325653e-001	
 -8.0329464e-001	 -3.7683462e-001	  2.4470970e-001	  1.0290043e+000	 -5.7942584e-001	 -6.0990888e-001	  3.3173383e-001	 -5.0549047e-001	 -2.3826924e-001	 -5.2887800e-002	  8.3905884e-001	
 -7.9491172e-001	  3.9139623e-001	 -2.3548280e-001	  1.0244569e+000	 -4.7184515e-001	 -2.0122595e-002	 -7.4382059e-001	 -1.8392927e+000	 -1.4024246e+000	 -1.9584842e+000	 -4.5244937e-001	
  5.5246810e-001	  4.8718062e-001	 -5.2599448e-001	  3.5630260e-001	 -6.1025384e-001	  2.5601601e-001	 -7.6929985e-003	  3.1898087e-001	 -1.5204290e-001	  5.7889700e-001	  4.8677886e-001	
