  1.0020683e+000	  3.4221101e-002	 -1.2845041e+000	 -3.3605708e-001	 -1.2315065e+000	  1.7346043e-001	 -4.6494615e-001	  8.6241445e-001	 -5.1962145e-001	  1.8481874e-002	  2.1651262e-001	
 -2.0702534e-001	  3.4989291e-001	  8.9373509e-001	  2.5029974e-001	  1.9274881e-002	 -4.2358304e-001	  4.4618495e-001	 -6.4185299e-001	  8.4748740e-001	 -6.1132785e-001	 -9.2694443e-001	
  6.5757123e-001	 -3.9893147e-001	 -1.5458543e-001	 -2.2664644e-001	  8.2996189e-001	  4.5787197e-001	 -6.3859058e-001	  2.3983199e-001	 -8.3823438e-001	  7.4191719e-001	  7.9148075e-001	
 -2.4825857e-001	 -3.0373709e-001	  1.5221763e-001	 -8.5098963e-001	  1.3563780e-001	  4.7930436e-001	 -5.2307625e-001	 -9.4888320e-002	 -2.6786147e-002	  4.9215804e-002	 -3.3438284e-002	
  1.1753230e+000	  1.1203763e+000	  6.7342073e-001	  3.7500222e-001	  8.7381855e-001	 -1.0156510e+000	  1.0051966e+000	  7.4971913e-001	  6.0428434e-001	 -7.2724222e-001	 -6.5656185e-001	
 -9.7779895e-001	 -6.9711669e-002	  8.6282761e-001	  5.6511226e-001	  4.8542615e-001	 -2.2926156e-002	  7.9360488e-002	 -7.2162359e-001	  5.2381217e-001	 -3.6259757e-001	 -3.8250015e-001	
 -2.6543177e-001	 -5.2587824e-001	 -1.4765863e+000	  1.8407355e-002	 -8.6024190e-001	  5.5721087e-001	 -4.2596384e-001	 -1.9332989e-002	 -3.3919980e-001	  3.7193028e-001	  4.8471491e-002	
  1.0579634e+000	  1.1631875e+000	 -9.8885040e-001	  1.7029296e+000	 -1.7669664e-002	 -1.2957483e+000	  1.0776749e+000	  5.5241960e-001	  1.1074240e+000	 -1.3413779e+000	 -1.0253231e+000	
 -1.0106967e-001	  1.2686712e-001	  1.0257442e+000	 -7.0483373e-002	 -1.2405335e-001	 -2.2126058e-001	  2.8074343e-001	 -3.6104325e-001	  1.5785332e-002	  8.6212088e-002	  1.1435347e-001	
 -1.7576863e+000	 -1.4933935e+000	 -6.1531955e-001	 -9.8434695e-001	 -5.0257783e-001	  1.2231030e+000	 -8.8061508e-001	 -1.7830929e+000	 -1.2831697e+000	  1.8850284e+000	  1.6968069e+000	
  3.4723958e-001	 -2.4285840e-002	 -1.0288668e+000	  3.5970554e-001	  1.1471321e+000	  2.8424857e-003	  4.4262063e-002	 -2.2488314e-001	 -4.2004187e-001	  5.6387232e-001	  4.8665742e-001	
  4.0838648e-001	  1.7978138e+000	  1.3579395e+000	  2.2222890e+000	  1.3370218e+000	 -1.9775408e+000	  2.0682955e+000	 -8.9048432e-002	  1.8396656e+000	 -1.4737991e+000	 -1.7166225e+000	
 -9.6959970e-001	 -1.0704036e+000	 -3.2569303e-001	 -4.3753805e-001	 -8.3066732e-001	  1.0561609e+000	 -1.2502850e+000	 -7.1832499e-001	 -4.8655484e-001	  6.6872382e-001	  3.1413336e-001	
 -1.4690214e+000	 -6.8131673e-001	 -1.3797870e+000	  5.9041639e-002	 -5.4311950e-001	  7.9954491e-001	 -7.7270575e-001	 -2.0434891e-001	  4.2546034e-002	  1.4489630e-001	 -1.5606355e-001	
  1.3964873e-001	  9.9840527e-001	  1.8177223e+000	  5.5021231e-002	  2.0079964e+000	 -1.0130603e+000	  8.5747412e-001	 -6.5931319e-001	  8.7652266e-001	 -7.6192197e-001	 -6.0675354e-001	
  2.1479059e-001	  4.5305259e-001	 -8.1236518e-001	  1.0344897e+000	 -1.7138291e-001	 -4.3441288e-001	  6.0375735e-001	  4.6919078e-001	  4.6167158e-001	 -7.5560685e-001	 -3.7007241e-001	
  7.7472416e-001	  1.1175774e+000	  4.1498954e-001	  1.0605607e+000	  6.7417948e-001	 -9.4272795e-001	  8.0585991e-001	  1.3498736e+000	  9.2930705e-001	 -1.2774173e+000	 -1.1612764e+000	
 -7.7194888e-001	 -3.2224371e-001	 -6.4952207e-001	  5.5719015e-001	 -8.9061864e-002	  2.3902112e-001	 -7.5785125e-002	 -1.3665557e+000	  1.3305899e-001	  1.0876140e-001	  1.3727549e-001	
 -3.8551860e-001	  6.1974002e-001	  1.8816985e+000	 -3.1491480e-001	  3.2000158e-001	 -7.3179665e-001	  8.2703428e-001	 -8.4618778e-001	  4.5029535e-001	 -2.4112769e-001	 -1.5720850e-001	
 -6.2092509e-001	 -1.6193666e+000	 -2.0869098e-001	 -1.4790605e+000	 -9.1907592e-001	  1.5313104e+000	 -1.6310377e+000	 -2.6424962e-001	 -1.4107772e+000	  1.6038718e+000	  1.4557803e+000	
  3.9148889e-001	 -2.1590031e-001	  2.3254773e-001	 -7.5427137e-001	 -2.3245791e-001	  2.9926028e-001	 -7.5651793e-001	  8.0761595e-001	 -1.2336771e-001	 -2.6389024e-001	  3.5532376e-001	
 -4.9916093e-001	 -1.5707899e+000	 -1.6063061e+000	 -1.2599660e+000	 -1.2405480e+000	  1.7444108e+000	 -1.8297635e+000	 -2.9746422e-002	 -1.5320757e+000	  1.5818656e+000	  1.5363247e+000	
  5.0133281e-002	  1.2497770e+000	  4.2204268e-001	  7.5416907e-001	  6.7581370e-001	 -1.0279721e+000	  1.0912134e+000	  1.1742380e+000	  1.2652368e+000	 -1.4942274e+000	 -1.2868345e+000	
 -9.6885584e-001	 -6.3454648e-001	 -6.0399664e-001	 -1.7205610e-002	 -8.9053779e-001	  5.9128629e-001	 -3.8079015e-001	 -5.7058707e-001	 -2.3257596e-001	  3.1165957e-001	  3.3153509e-001	
 -5.0138124e-001	 -3.9588735e-001	 -6.9057682e-002	 -3.7861767e-002	  2.1059562e-001	  1.8275192e-001	 -7.6186670e-002	 -2.7186527e-001	  2.4602644e-001	  1.7384709e-001	 -1.1264004e-001	
  8.5204739e-001	 -7.5682922e-001	 -7.6526408e-001	 -1.3587565e+000	 -1.2808309e+000	  1.0430549e+000	 -1.3877384e+000	  1.4389117e+000	 -1.1211213e+000	  6.7236653e-001	  8.8424056e-001	
  3.3752772e-001	  2.6779853e-001	  8.3463178e-001	  3.6324409e-001	  2.1528937e-001	 -2.0298838e-001	  3.1565222e-001	  9.6298685e-002	  4.1897109e-001	 -5.2707038e-001	 -5.7353512e-001	
  5.3755910e-001	  1.2321977e+000	  1.2808156e+000	  7.0175532e-001	 -2.6267527e-001	 -1.2536511e+000	  1.0394581e+000	  5.5172965e-001	  1.1878634e+000	 -1.6403605e+000	 -1.2484679e+000	
 -5.5208459e-001	 -1.1296201e+000	  4.2203486e-002	 -1.2752889e+000	 -8.3115811e-001	  1.0542570e+000	 -1.0079914e+000	 -6.0048515e-001	 -8.6978827e-001	  1.0778053e+000	  1.1210784e+000	
  6.1963745e-001	  7.3936160e-001	  7.9950499e-001	  1.5818006e-001	  1.2872465e-003	 -6.2091234e-001	  6.6906991e-001	  9.8182937e-001	  3.6992681e-001	 -5.6417395e-001	 -5.1070032e-001	
 -1.0251596e+000	 -9.6505045e-001	 -2.8557674e-001	 -8.0412374e-001	 -4.0974873e-001	  8.5648855e-001	 -6.2623359e-001	 -1.3094613e+000	 -6.4602272e-001	  6.1842902e-001	  9.8177939e-001	
  3.4956491e-001	 -7.3888034e-001	 -4.3059854e-001	 -8.8273016e-001	 -1.2945024e-001	  6.8062570e-001	 -7.4598214e-001	  1.1947024e-001	 -6.5139982e-001	  3.5503036e-001	  6.6491720e-001	
 -1.6614068e+000	 -5.1062518e-001	 -6.2548227e-001	  1.4105390e-001	  1.2632776e-001	  5.1617435e-001	 -3.8929006e-001	 -4.4931262e-001	  3.5682430e-001	 -2.3588660e-001	  4.1785666e-002	
 -1.2305573e+000	 -1.6800351e+000	 -9.8504072e-001	 -1.1172698e+000	 -7.9567337e-001	  1.5198848e+000	 -1.3974000e+000	 -1.3186391e+000	 -1.2734611e+000	  1.6950796e+000	  1.3828785e+000	
 -1.2064428e+000	 -2.4925254e-001	  4.1841094e-002	  5.6221624e-001	  2.6980293e-001	  1.2537639e-001	  3.6658476e-001	 -1.8415902e+000	  1.9567132e-001	  6.5922784e-001	  2.3427498e-001	
  3.5124102e-001	  1.0342115e+000	  1.0820471e+000	  7.3741764e-001	  1.1519125e+000	 -1.1668825e+000	  6.5450412e-001	  1.1656764e+000	  1.0395255e+000	 -1.5699285e+000	 -1.1914778e+000	
 -1.1762475e+000	 -4.6448192e-001	  6.5141610e-001	 -1.5183640e-001	  7.9378189e-001	  3.2313220e-001	 -3.3254258e-001	 -5.8416860e-001	 -2.8752632e-002	  2.2310113e-001	  3.9895855e-001	
  3.8909050e-001	 -1.8146796e+000	 -1.8950769e+000	 -1.3815419e+000	 -2.1882855e+000	  1.9062801e+000	 -1.9823855e+000	  3.6819102e-001	 -2.2922318e+000	  2.2117700e+000	  2.3819487e+000	
  9.7814483e-002	  4.2771400e-001	 -1.0295325e-001	  1.0189865e+000	  5.7513799e-001	 -5.8261106e-001	  5.9167565e-001	 -1.6509492e-001	  7.3451285e-001	 -5.3936006e-001	 -5.5398351e-001	
 -6.5271781e-001	  4.7514398e-001	  9.3181215e-003	  4.5258314e-001	  3.3112978e-001	 -4.9912394e-001	  6.6023833e-001	 -2.3418776e-001	  2.3369322e-001	 -2.7007622e-001	 -2.2498522e-001	
  6.6588015e-001	  7.4521820e-001	  1.1048453e+000	  6.3548515e-002	 -3.9592565e-002	 -7.2184389e-001	  5.3639494e-001	  9.3012193e-001	  5.8016831e-001	 -6.5874646e-001	 -7.6035755e-001	
 -6.4844376e-001	 -2.1749168e-001	 -2.7812318e-002	  2.2705757e-001	 -6.0504981e-001	  2.0884988e-003	  3.2617435e-001	 -9.7530856e-001	 -1.3795051e-001	  3.9832929e-001	  5.2365061e-001	
 -1.5613090e+000	 -1.4500209e+000	  1.3752826e-001	 -1.3163814e+000	 -1.0518308e+000	  1.3551681e+000	 -1.5624912e+000	 -1.4219456e+000	 -8.6465717e-001	  9.0820405e-001	  1.0491524e+000	
  1.0154108e+000	 -2.0368632e-001	 -9.5400715e-001	  9.4429161e-002	 -5.1179784e-001	  3.7061662e-001	 -3.9878160e-001	  1.2417902e+000	 -5.3579668e-001	  1.9292204e-001	  1.0323632e-001	
 -2.4988595e+000	 -8.4554328e-001	 -3.6947949e-001	  7.2620491e-001	 -5.3905484e-003	  5.7776726e-001	 -3.3329607e-001	 -2.4555189e+000	  4.0687503e-001	  1.6588303e-001	  2.3895187e-001	
  9.7930216e-001	  1.4056528e+000	  1.7459702e+000	  2.1934319e+000	  1.7504938e+000	 -1.3282486e+000	  1.0591821e+000	  8.6184035e-001	  1.5829091e+000	 -1.6988207e+000	 -1.7303314e+000	
  9.2533224e-001	 -1.2762131e-001	 -6.3262185e-001	 -7.2235642e-001	 -2.0125180e+000	  2.9520038e-001	 -4.7796211e-001	  1.4028647e+000	 -6.2930428e-001	  4.0450513e-001	  2.3014926e-001	
 -6.2193878e-001	  9.7541504e-001	  8.4173976e-001	  2.0901955e+000	  7.5785048e-001	 -1.2056664e+000	  1.3817487e+000	 -1.1665253e+000	  1.6627086e+000	 -1.5742205e+000	 -1.5955421e+000	
 -4.6439287e-001	  5.4325362e-001	  1.0759370e-001	  1.1411048e+000	  5.7014005e-001	 -6.0329954e-001	  9.6411632e-001	 -1.0932033e+000	  6.0678016e-001	 -3.4758413e-001	 -4.4707516e-001	
 -2.8272701e-001	  6.3137879e-001	  1.4859933e+000	  6.8276574e-001	  1.4164041e+000	 -7.6942154e-001	  7.2133431e-001	 -3.7878539e-001	  9.9829260e-001	 -9.0968679e-001	 -7.7160553e-001	
 -6.7227312e-001	 -3.3166648e-001	 -1.1852472e+000	 -1.0780324e-001	 -1.1074707e+000	  3.1797553e-001	 -1.1068737e-001	 -3.2692202e-001	 -1.5904470e-001	  3.0123205e-002	  1.9986777e-001	
  6.1185043e-001	 -3.5756324e-001	 -1.2993236e-001	 -3.0036935e-001	 -9.0179916e-001	  4.7035001e-001	 -6.6789866e-001	  5.9293776e-001	 -8.0446076e-001	  4.8833124e-001	  4.9077357e-001	
  7.4767812e-001	  6.5037381e-002	 -4.9318938e-001	  8.4069634e-001	 -4.3781148e-001	 -6.5190876e-002	  2.0858504e-001	 -2.0487761e-001	 -1.5014521e-002	 -1.9947700e-001	  3.5868974e-002	
  1.8466139e+000	  3.4513598e+000	  2.7094768e+000	  2.6044021e+000	  1.8164793e+000	 -3.2771926e+000	  3.3137919e+000	  1.7281233e+000	  2.6885994e+000	 -2.9288248e+000	 -3.0915361e+000	
  6.2576864e-001	  9.9825232e-001	  3.9632669e-001	  4.0923340e-001	  5.9819114e-001	 -9.4199273e-001	  8.2233666e-001	  7.6174642e-001	  7.9810050e-001	 -9.2804192e-001	 -7.4824865e-001	
  4.2794510e-002	  2.5762010e-001	 -2.6499711e-001	 -4.0624866e-001	 -4.3285745e-002	 -4.7259970e-001	  8.1411813e-001	 -9.7646120e-001	  1.9597100e-001	  2.2205270e-001	 -5.3234359e-003	
  1.6467693e-001	  1.1853572e+000	  2.1441300e-001	  1.5263566e+000	  7.8156752e-002	 -1.3517189e+000	  1.3570356e+000	 -2.3988676e-001	  1.3490430e+000	 -1.3657361e+000	 -1.2928738e+000	
 -6.6982819e-002	  8.3131338e-001	  7.7648836e-001	  9.6665394e-001	  1.4788444e+000	 -8.4996214e-001	  8.4795618e-001	 -2.0960244e-002	  9.3681359e-001	 -8.3897758e-001	 -1.0085564e+000	
 -1.7619456e+000	 -3.5808582e-001	  4.3932052e-001	  3.5650614e-001	 -5.5733897e-001	  5.9850152e-002	  5.9989341e-002	 -1.6072480e+000	  3.8845738e-001	  1.5788060e-002	  9.7113620e-002	
  2.0366585e+000	 -1.2663163e-001	 -1.2459514e+000	 -9.9623579e-001	 -2.0600339e+000	  2.5382745e-001	 -3.9029295e-001	  1.7674040e+000	 -1.3560311e+000	  8.6855415e-001	  1.1754670e+000	
 -1.7979941e-001	 -8.0690072e-001	 -5.7259345e-001	 -8.6593298e-001	 -1.1113414e+000	  9.1847600e-001	 -8.4989517e-001	  3.7221664e-001	 -1.0854965e+000	  9.7670967e-001	  1.0057707e+000	
 -5.0712132e-001	 -1.1221395e+000	 -1.3826462e+000	 -8.9447768e-001	 -6.2100999e-001	  1.2310378e+000	 -1.2090180e+000	  2.9154186e-001	 -9.6377221e-001	  6.7026501e-001	  8.1929679e-001	
 -7.9671532e-001	 -4.3595752e-001	 -4.1802265e-001	 -2.6633156e-001	 -5.7288067e-001	  6.1601610e-001	 -6.0193426e-001	 -2.9253625e-001	  6.7972948e-002	 -1.4842987e-001	 -2.3005269e-001	
  1.2423034e+000	 -5.2524181e-001	 -4.2775299e-001	 -1.1800866e+000	 -1.0986042e+000	  7.3359961e-001	 -8.5950383e-001	  9.4387252e-001	 -1.1809244e+000	  9.1934698e-001	  6.5926477e-001	
 -1.2828932e+000	 -1.7140297e+000	 -1.8109190e+000	 -1.0269318e+000	 -4.1205628e-001	  1.6763849e+000	 -1.5687143e+000	 -8.1311382e-001	 -1.3295798e+000	  1.2447309e+000	  1.3417393e+000	
 -1.2244963e+000	  1.1298521e+000	  2.0237786e+000	  1.3686877e+000	  2.5439767e+000	 -1.3640609e+000	  1.3114786e+000	 -1.3291691e+000	  1.7488767e+000	 -1.4661240e+000	 -1.3556552e+000	
  6.9045348e-001	  1.1159313e+000	  7.4567632e-001	  1.2737388e+000	  1.4983968e+000	 -1.0342275e+000	  9.1399149e-001	 -6.1210413e-002	  1.0538306e+000	 -7.6626671e-001	 -1.1575870e+000	
 -1.1625171e+000	 -1.0138092e+000	 -1.2357764e+000	 -6.1022754e-001	 -1.2037520e-001	  8.2505025e-001	 -6.0254581e-001	 -1.0659776e+000	 -5.1060092e-001	  5.2295659e-001	  5.4084077e-001	
  1.2313257e+000	  1.5509645e+000	  9.4042704e-001	  6.8066539e-001	  1.2451425e+000	 -1.4630155e+000	  1.1712457e+000	  1.0093002e+000	  1.1277469e+000	 -1.1173309e+000	 -1.2620744e+000	
 -1.0432230e+000	 -6.9044928e-001	 -4.8470353e-001	 -8.8245761e-001	 -8.2468534e-001	  5.8398946e-001	 -2.3364940e-001	 -1.1622926e+000	 -6.9681073e-001	  1.0094401e+000	  6.2308399e-001	
  1.9166725e+000	  6.8078719e-001	 -3.5918308e-001	 -5.7888238e-001	 -3.4404912e-001	 -6.3848233e-001	  5.4052936e-001	  1.7070152e+000	 -2.7212370e-001	 -2.0814789e-001	  1.6760716e-001	
 -7.4540812e-001	  1.2240803e+000	  1.4856819e+000	  8.9477324e-001	  1.6053794e+000	 -1.1610835e+000	  1.3932932e+000	 -5.1883290e-001	  1.5850043e+000	 -1.0932425e+000	 -1.5374687e+000	
  5.9267293e-001	  1.3578206e+000	  1.5264349e+000	  9.5356096e-001	  9.3647121e-001	 -1.4019436e+000	  1.1830584e+000	  5.0599369e-001	  1.1789290e+000	 -1.0121551e+000	 -1.2243158e+000	
 -2.5530518e-001	 -1.1130519e+000	 -8.6716518e-001	 -9.4246981e-001	 -7.5301849e-001	  1.0789802e+000	 -1.0519168e+000	 -3.7197220e-001	 -8.8390102e-001	  9.3052681e-001	  1.0797369e+000	
 -5.7208540e-002	 -1.3686682e+000	 -5.8897998e-001	 -1.3211250e+000	 -1.3045843e+000	  1.3784708e+000	 -1.1922699e+000	 -6.6734667e-001	 -1.4876935e+000	  1.8952045e+000	  1.5543649e+000	
 -9.5917544e-001	 -3.9792851e-001	  1.4408473e+000	 -5.3432839e-001	  7.5591854e-001	  2.2291705e-001	 -2.4997501e-001	 -1.0379317e+000	  1.7725625e-001	  5.9937039e-002	  2.1618220e-002	
  1.8456172e+000	  1.7736715e+000	  1.3994879e+000	  1.4303509e+000	  1.5882961e+000	 -1.7187610e+000	  1.2842758e+000	  1.7171583e+000	  1.3373320e+000	 -1.6216127e+000	 -1.6600189e+000	
  7.6818378e-001	 -8.2470931e-001	  1.4086681e-001	 -1.5959676e+000	 -3.4885057e-001	  9.6304753e-001	 -1.2662790e+000	  1.2657452e+000	 -1.3209748e+000	  6.1837267e-001	  9.1647395e-001	
  1.2150186e+000	  7.5454124e-001	  8.1013074e-001	  2.9380160e-001	  5.6874158e-001	 -6.8377375e-001	  7.5898460e-001	  8.6165192e-001	  4.9308059e-001	 -6.2797282e-001	 -6.6027526e-001	
 -2.2667242e+000	  9.7759823e-003	  6.3764040e-003	  1.3713717e+000	  2.2674926e-001	 -2.9411109e-001	  9.9870036e-001	 -2.3694026e+000	  9.9094077e-001	 -2.3230398e-001	 -4.7352963e-001	
 -4.3658778e-001	 -1.6279419e+000	 -5.9357511e-001	 -1.4217549e+000	 -7.5275190e-001	  1.6754089e+000	 -1.4445380e+000	 -8.7837536e-001	 -1.4374651e+000	  1.7925281e+000	  1.5363599e+000	
  1.2313535e+000	  7.4702139e-002	  1.4469981e-001	 -1.3277099e+000	 -4.0341518e-001	  1.5052830e-001	 -2.7778007e-001	  1.1643285e+000	 -7.9963555e-001	  5.9659706e-001	  6.5096070e-001	
 -6.1112132e-001	  1.1687214e+000	  1.4814426e+000	  1.8566924e+000	  1.9471734e+000	 -1.3072957e+000	  1.3707779e+000	 -7.5447917e-001	  1.6950121e+000	 -1.3393733e+000	 -1.7962760e+000	
  8.3206263e-001	  3.9665858e-001	  3.6377930e-001	 -7.8057666e-001	 -3.8756106e-001	 -3.7792272e-001	  4.0108928e-001	  1.3713327e-001	  9.4430340e-003	  1.1753513e-001	  6.4299280e-002	
  1.4471408e+000	  4.8347817e-001	 -1.4923313e+000	  4.8779989e-001	 -3.5454521e-001	 -2.8807766e-001	  1.1466699e-001	  1.4802030e+000	 -5.3007857e-001	  2.0094901e-001	  2.9809271e-001	
  4.0466824e-001	 -3.8808048e-001	 -3.0900275e-001	 -2.2638960e-001	  8.1589900e-002	  6.1581883e-001	 -9.0607958e-001	  9.6050729e-001	 -8.6127053e-001	  2.7287343e-001	  7.1736467e-001	
  1.0368542e+000	 -1.2974216e+000	 -1.5547063e+000	 -2.2678755e+000	 -2.2993798e+000	  1.5995594e+000	 -1.4352948e+000	  9.1081829e-001	 -2.0012293e+000	  1.8352241e+000	  1.8639416e+000	
 -2.7258768e-002	  4.4958645e-001	 -4.8874781e-001	  1.8287003e-001	  2.3128262e-002	 -4.4322203e-001	  6.4779795e-001	  2.1448933e-001	  3.9029795e-001	 -3.1210902e-001	 -3.3432556e-001	
  3.0457316e-002	  1.3533818e+000	  1.4666594e+000	  1.4249157e+000	  2.0081138e+000	 -1.2629816e+000	  1.2924663e+000	 -3.8684995e-002	  1.5112776e+000	 -1.3570653e+000	 -1.5338307e+000	
 -1.2025741e+000	 -3.9836601e-002	  3.3002768e-001	  1.9366079e-001	  2.9893368e-001	 -2.2286338e-001	  4.7920161e-001	 -8.7158720e-001	  4.1165350e-001	 -3.8825061e-001	 -4.2596990e-001	
  5.3027801e-002	  1.9844912e-001	 -5.5266135e-001	  6.4617672e-001	  2.8999100e-001	  1.6242908e-002	  1.4437971e-001	 -3.0386841e-001	  2.3896939e-002	  2.2658040e-001	  2.1708319e-001	
  1.6495469e+000	  1.4230794e+000	  1.2146559e+000	  4.9727847e-001	  1.6704991e+000	 -1.2359212e+000	  1.1571772e+000	  1.2987267e+000	  8.7348397e-001	 -1.2640759e+000	 -1.2237190e+000	
  1.2246716e+000	 -1.0823542e+000	 -1.7044291e+000	 -1.6581795e+000	 -1.5599453e+000	  1.1854649e+000	 -1.3830195e+000	  1.3278457e+000	 -1.9311454e+000	  1.6040650e+000	  1.6331814e+000	
  2.7433917e+000	  1.5922477e+000	 -2.1366273e-001	 -5.5787345e-003	  5.2079151e-001	 -1.4543580e+000	  1.2644294e+000	  2.5935318e+000	  2.1372016e-001	 -9.5011878e-001	 -5.7936779e-001	
 -4.4990660e-001	 -1.0563767e+000	 -1.8894261e+000	 -5.0918669e-001	 -2.6338889e-001	  1.0339602e+000	 -1.0520939e+000	 -1.3229092e+000	 -1.1950113e+000	  1.1437598e+000	  1.2958176e+000	
 -7.8897486e-001	 -2.6268107e-001	  3.0545344e-001	 -6.0536714e-002	  7.8866309e-001	  2.7674744e-001	 -4.1143186e-001	 -3.3345519e-001	 -7.7599955e-002	  1.6984069e-001	 -3.5221768e-003	
  4.3829147e-002	 -6.0008970e-001	  3.8612867e-001	 -1.0979327e+000	 -3.1510208e-001	  6.0596777e-001	 -6.8224782e-001	 -1.4367783e-001	 -5.7549387e-001	  8.0325883e-001	  5.4338662e-001	
  8.9155604e-001	 -6.0156164e-001	 -3.5632140e-001	 -8.3594296e-001	 -9.5990126e-002	  4.5661012e-001	 -8.1225109e-001	  7.1191572e-001	 -7.7234413e-001	  6.5006175e-001	  6.4479386e-001	
  5.2807609e-002	 -8.7965254e-001	 -9.3627832e-001	 -9.9652305e-001	 -9.3220813e-001	  9.5617671e-001	 -1.3355550e+000	  1.1315408e+000	 -8.6960592e-001	  5.0431654e-001	  3.6012513e-001	
 -7.3522010e-001	 -1.5318872e+000	 -8.1266750e-001	 -1.1508962e+000	 -1.4856601e+000	  1.5059746e+000	 -1.3813169e+000	 -2.4542505e-001	 -1.5843867e+000	  1.7292216e+000	  1.5288751e+000	
