 -4.0469539e-001	  6.3571939e-001	 -4.0389853e-001	  1.8797916e+000	  1.3821070e+000	  6.2130466e-001	 -5.1353295e-001	  5.4317616e-002	 -1.1556232e+000	  1.1405888e+000	 -1.4069827e+000	
 -1.7657734e+000	 -2.1726898e+000	  5.4289982e-001	 -1.1969127e+000	 -1.3909433e+000	 -2.1710837e+000	  2.0740751e+000	 -8.0814963e-001	  1.3987935e+000	 -1.3095871e+000	  1.4732950e+000	
 -9.1889340e-001	 -1.8502172e-001	  3.5314584e-001	  6.5333209e-001	  1.5353557e-001	 -3.5242503e-001	  3.9937249e-001	 -9.0700721e-001	 -2.0464741e-002	 -1.6822608e-002	  4.2231138e-001	
 -9.6402775e-001	 -3.6879077e-001	  2.6872264e-001	 -6.3615686e-003	 -2.2653155e-001	 -5.2330154e-001	  4.7968608e-001	 -7.8862897e-001	 -1.2999352e-001	  2.3286691e-001	  1.1680293e-001	
  8.7666411e-001	  3.2694943e-002	  5.7120353e-001	 -1.1208181e+000	 -5.1096253e-001	  3.5114508e-001	 -5.1331022e-001	  9.4441201e-001	  7.2680996e-001	 -2.8657965e-001	  3.6985543e-001	
  1.3277644e+000	 -1.1606402e-001	  1.4683519e+000	 -1.4665503e+000	 -9.3463661e-001	 -1.5763858e-001	 -3.2399084e-002	  3.3490704e-001	  1.5472372e+000	 -1.1686968e+000	  1.7972390e+000	
  1.1331206e+000	  1.5155412e+000	 -1.2122091e+000	  1.2842575e+000	  1.8082805e+000	  1.6549329e+000	 -1.5927532e+000	  1.9619177e+000	 -1.5066497e+000	  1.5267818e+000	 -2.0720358e+000	
 -1.7762841e+000	 -1.3172091e+000	 -2.8918349e-001	 -2.2540025e-001	  5.9981204e-001	 -1.4957893e+000	  1.5994414e+000	 -1.5906395e+000	  5.3605814e-002	 -3.1055761e-001	  7.6158434e-001	
 -2.6209727e-001	  3.6218253e-001	  2.8570606e-001	  1.0428835e+000	  3.6426209e-001	  4.5171973e-001	 -6.1337000e-001	  7.1904864e-003	 -6.1574006e-001	  8.3340426e-001	 -1.1272429e+000	
 -2.1151231e-001	 -6.1456734e-001	  1.5193184e+000	 -1.9219708e-001	 -1.2850014e+000	 -2.7767648e-001	 -7.5537603e-002	  1.3082307e+000	  4.5597999e-001	 -5.7633314e-002	 -3.4126178e-001	
  7.6018312e-001	  1.4333347e-001	 -4.3264010e-001	 -6.1386973e-001	 -5.8530190e-001	  1.5037217e-001	 -4.7109045e-001	  1.4352731e+000	  7.1051496e-002	 -3.0761942e-002	 -1.7159082e-001	
  9.1301643e-001	  8.9466132e-001	  1.5866992e-001	  5.9303580e-001	 -2.0964509e-002	  8.3024882e-001	 -1.0105177e+000	  1.6590328e+000	 -4.6175877e-001	  8.2443893e-001	 -8.0207871e-001	
  1.4183247e+000	  8.9790464e-001	  2.4205261e-001	 -7.8717115e-001	  8.0391755e-002	  1.1222647e+000	 -1.2592381e+000	  1.1733925e+000	  1.4239414e-001	  6.0316291e-002	 -3.2282030e-001	
  1.1254754e+000	 -8.5631371e-001	  1.5853821e+000	 -2.2404112e+000	 -1.6921559e+000	 -5.6428871e-001	  3.3077265e-002	  1.5876615e+000	  1.9300866e+000	 -1.4037256e+000	  1.1182406e+000	
  1.4853850e+000	  1.3337697e+000	 -5.4028785e-001	  3.0071396e-002	  7.6134824e-001	  1.3915945e+000	 -1.5205566e+000	  2.3469325e+000	 -4.5573157e-001	  9.4251087e-001	 -8.9476236e-001	
 -5.7199858e-002	  6.4199237e-001	 -1.3692840e+000	  4.1364736e-001	  8.2615245e-001	  6.2142552e-001	 -5.0521024e-001	 -6.7608490e-001	 -7.3257922e-001	  3.9393850e-001	 -2.6953096e-001	
 -5.7579097e-001	  1.4852330e+000	 -2.2295396e+000	  1.7654606e+000	  2.2318900e+000	  1.4323624e+000	 -1.0550577e+000	  4.4073562e-001	 -2.1869455e+000	  2.3868260e+000	 -1.5384202e+000	
  8.3878695e-001	  1.6683184e+000	 -3.0609425e-001	  1.3794994e+000	  9.9543861e-001	  1.3415139e+000	 -1.1575523e+000	 -3.4588298e-002	 -1.1182776e+000	  1.0748894e+000	 -1.0802011e+000	
  7.1608994e-001	  1.9823860e+000	 -1.7091579e+000	  1.1911629e+000	  1.1244388e+000	  1.8677853e+000	 -1.7446856e+000	  4.2590469e-001	 -1.8073106e+000	  1.6681622e+000	 -2.1992655e+000	
  3.8821627e-001	 -9.7025024e-001	  1.0883210e+000	 -2.4664811e+000	 -1.4684791e+000	 -5.3327749e-001	  2.6535581e-001	  1.1888669e+000	  1.7738987e+000	 -1.6450870e+000	  5.3560754e-001	
 -1.8882548e+000	 -1.4097365e+000	  1.1188793e-002	  8.3063710e-001	  2.7709514e-001	 -1.4955619e+000	  1.5059128e+000	 -1.1326986e+000	  1.1027531e-001	 -5.4453988e-001	 -1.4986882e-003	
  9.1668356e-002	 -6.7439286e-001	  8.1180732e-001	 -5.7590991e-001	 -1.2791713e+000	 -6.1092480e-001	  6.1092062e-001	 -2.9848698e-001	  1.1572442e+000	 -1.2886936e+000	  1.2497892e+000	
  1.4663043e-001	 -6.5740291e-001	  3.5189779e-001	 -1.9106469e+000	 -1.4630596e+000	 -6.9164675e-001	  7.0184784e-001	 -3.7441321e-001	  1.4283090e+000	 -1.3553381e+000	  1.0501637e+000	
 -1.4463516e+000	 -8.5552231e-001	 -5.4458397e-001	  6.1176350e-001	  4.0319803e-001	 -6.4777091e-001	  7.2617051e-001	 -3.9830373e-001	 -4.7452192e-002	 -3.1399913e-001	  6.0505094e-001	
  1.2713974e+000	  6.8435593e-001	  3.9458103e-001	 -5.2526082e-001	  3.8167469e-002	  9.7258139e-001	 -1.1516645e+000	  1.3056446e+000	  2.4719484e-001	  4.7060906e-001	 -2.5792688e-001	
  2.0832540e-001	 -8.7970104e-001	  3.3858915e-001	 -1.4347487e+000	 -1.4277758e+000	 -7.7164499e-001	  4.3332301e-001	  6.4235298e-001	  1.0047081e+000	 -6.7119800e-001	  4.1352915e-001	
  3.1124061e-001	  7.3507123e-001	  3.8552856e-001	  1.1383802e+000	 -7.8865948e-003	  6.0166952e-001	 -4.8055066e-001	 -4.4142216e-001	 -4.0465907e-001	  6.2008591e-001	 -1.4473681e-001	
 -1.2267235e-002	  1.6550043e+000	 -1.6673477e+000	  1.4633097e+000	  1.5172588e+000	  1.4642258e+000	 -1.2441886e+000	  8.5690718e-001	 -1.7560883e+000	  1.5847518e+000	 -1.7401863e+000	
 -1.5213136e-001	 -9.6525349e-001	  1.1069077e+000	 -8.0000723e-001	 -5.1945321e-001	 -7.5942425e-001	  6.3481928e-001	  9.6431642e-002	  1.0219683e+000	 -1.1680865e+000	  3.7732928e-001	
 -1.0739947e-001	 -1.1129716e+000	 -2.2592737e-001	 -1.2513115e+000	 -3.8072097e-001	 -8.7327526e-001	  6.5146181e-001	  1.0207820e+000	  9.4493070e-001	 -9.2271304e-001	  7.3699716e-001	
 -4.5843317e-001	 -7.4177040e-001	  6.5507276e-001	  1.7981800e-001	 -4.2743631e-001	 -7.1307936e-001	  6.4296468e-001	  1.6001452e-001	  5.4578681e-001	 -3.6726554e-001	  2.6833160e-001	
 -1.6079155e+000	 -8.1032098e-001	  6.3369062e-001	 -3.9497112e-001	 -7.5788709e-001	 -1.1328055e+000	  1.1855532e+000	 -1.6212870e+000	 -8.4566383e-002	 -2.8166225e-001	  6.7548144e-001	
 -8.6648287e-001	 -5.3985212e-001	  4.3178913e-001	  6.1933182e-001	 -3.6107515e-001	 -7.8156377e-001	  8.6114240e-001	 -1.2748836e+000	 -2.7632075e-001	  3.2219077e-001	  8.7825252e-001	
 -3.0922009e+000	 -2.2204632e+000	  4.0654208e-001	 -6.7659084e-001	 -8.6970096e-001	 -2.4097646e+000	  2.6378611e+000	 -2.9337395e+000	  3.5552758e-001	 -5.8506547e-001	  1.1109330e+000	
 -2.0355600e-001	  3.9052955e-001	 -3.7208005e-001	  9.4187598e-002	  5.3386715e-001	  1.2659422e-001	 -9.1429740e-003	 -7.2280150e-001	 -3.8607837e-001	  2.0622378e-001	  1.6884968e-001	
 -7.0231881e-001	 -1.2456516e+000	  3.7286581e-001	 -1.3788843e+000	 -1.1124808e+000	 -1.2059430e+000	  1.1430561e+000	 -1.5120128e+000	  1.1730440e+000	 -1.1140534e+000	  1.8311115e+000	
 -7.0464218e-001	 -9.1130072e-001	  5.1193054e-001	 -2.4024934e-001	  9.8591732e-002	 -1.0812923e+000	  1.3751932e+000	 -1.0264448e+000	  4.3476824e-001	 -9.3892489e-001	  1.1947386e+000	
 -1.4348753e+000	 -2.3439790e+000	  2.3487583e+000	 -7.0060768e-001	 -5.6935486e-001	 -2.4548986e+000	  2.4956439e+000	 -1.3138850e+000	  1.8427383e+000	 -2.0046357e+000	  2.1082614e+000	
  3.2941088e-001	 -1.3755858e-001	 -2.1496435e-001	 -5.3351731e-001	  1.4008076e-001	 -1.9536421e-001	  3.3598472e-001	  1.4648364e-001	  3.9518909e-001	 -5.9868807e-001	  4.1134152e-001	
  1.2287391e+000	 -2.9068642e-002	 -7.0950117e-002	 -1.1003491e+000	 -4.5752309e-001	  8.4024318e-002	 -1.3271303e-002	 -1.2297651e-001	  8.6906088e-001	 -7.1832295e-001	  1.3846074e+000	
  1.3189706e+000	  1.2678512e+000	 -2.3490426e-001	  1.0054058e+000	  4.5439800e-001	  1.4972693e+000	 -1.5438414e+000	  2.0103276e+000	 -6.4898955e-001	  7.5204722e-001	 -1.7304026e+000	
 -1.8157774e-001	 -3.1800822e-001	  1.2241168e+000	 -2.9409316e-002	 -7.0767899e-001	 -5.7858372e-001	  7.4606660e-001	 -8.9619344e-001	  5.8445708e-002	 -3.6940674e-001	  3.2259709e-001	
  1.9928359e+000	  2.9603219e-001	 -1.9699267e-001	 -1.2649514e-001	 -4.8047923e-001	  4.7336632e-001	 -7.5163896e-001	  1.2149089e+000	  1.0039958e+000	 -1.0592357e+000	  9.1423190e-001	
  1.1202246e+000	  1.6416136e+000	 -1.9484712e+000	  4.4618061e-001	  1.9630460e+000	  1.5071767e+000	 -1.4656079e+000	  1.1007274e+000	 -1.4230198e+000	  1.2677282e+000	 -1.0750968e+000	
  4.8183452e-001	  6.1189285e-001	 -3.5325144e-001	  9.6518027e-001	  1.5200929e+000	  6.1344385e-001	 -3.5993037e-001	  2.9927671e-001	 -4.4869665e-001	  3.6746975e-001	  6.4635613e-002	
 -6.2844949e-001	 -4.3099667e-001	 -5.3248994e-001	 -2.1470184e-001	 -1.3948596e-001	 -7.4476578e-001	  8.6432328e-001	 -1.3609265e+000	 -2.0262174e-001	  4.8702249e-001	  5.3542784e-002	
  2.2352540e-001	  3.0329998e-001	 -3.1948599e-001	  2.2322207e-001	  5.3677597e-001	  3.4697926e-001	 -4.2244632e-001	  1.0729793e+000	  1.0040811e-001	 -4.1709363e-001	 -5.2560798e-001	
  3.8002162e-001	  8.4859103e-002	 -1.0443651e+000	 -5.6408423e-002	  2.7571194e-001	  1.3873528e-001	  8.6983518e-002	  6.4867811e-001	 -3.1897762e-002	  3.6292874e-001	 -2.8279852e-001	
  1.7129756e+000	  1.2755199e+000	  8.5395447e-002	  2.7736574e-002	 -9.7275038e-001	  1.4846683e+000	 -1.9864263e+000	  1.8002722e+000	  9.1267351e-002	  8.8592960e-003	 -1.9447460e+000	
 -5.0716198e-001	  2.7011463e+000	 -2.1207566e+000	  3.3570652e+000	  2.4422753e+000	  2.6859996e+000	 -2.4009692e+000	  5.0827257e-001	 -3.7511809e+000	  3.8976452e+000	 -2.5389905e+000	
  3.2005752e-001	 -3.3289214e-001	  9.2367024e-001	  2.8257568e-001	  8.7914720e-002	 -1.7372330e-001	  2.0849185e-001	  1.9952785e-001	  7.9069987e-001	 -7.1535662e-001	  4.3913896e-001	
 -5.9378063e-001	  1.9093305e+000	 -2.2926369e+000	  1.9601087e+000	  2.1100370e+000	  1.8795124e+000	 -1.6303526e+000	 -5.4611609e-001	 -2.7897285e+000	  2.4800114e+000	 -2.3023372e+000	
 -9.1196451e-001	  2.4484961e-001	  4.5291724e-003	  1.1397081e+000	  6.6378560e-001	 -4.5233968e-002	  4.0639942e-001	 -1.0343891e+000	 -1.1929397e+000	  1.1274720e+000	 -9.0193877e-001	
  2.1007963e+000	  7.7026278e-002	  1.3255955e+000	 -1.1578576e+000	 -1.7239042e+000	  2.3877410e-001	 -4.6003235e-001	  5.9447286e-001	  1.4046269e+000	 -1.3740110e+000	  6.8974418e-001	
 -2.9497440e-001	  4.3834264e-001	 -1.4615149e+000	  1.2121389e+000	  1.6739869e+000	  2.6688148e-001	  4.2071141e-003	 -2.4026433e-001	 -8.2360245e-001	  6.9047093e-001	 -5.2824362e-001	
  5.2586434e-002	  2.8316919e-001	 -4.7053755e-001	  5.8946012e-001	 -1.5696022e-001	  1.0354491e-001	 -1.5265297e-001	  3.4989855e-001	 -7.0427358e-001	  8.4231899e-001	 -1.5137209e-001	
 -1.5517141e+000	 -1.7373619e+000	  1.4230968e+000	  3.7566856e-002	 -1.4629566e+000	 -1.9692560e+000	  2.0932075e+000	 -1.6111363e+000	  1.1698952e+000	 -1.4514246e+000	  2.3902294e+000	
 -1.7872012e-001	  1.0472933e+000	 -1.6868172e+000	  1.5791943e+000	  1.7002650e+000	  7.1928619e-001	 -4.3778884e-001	 -8.0318688e-001	 -1.4845092e+000	  8.1844840e-001	 -1.5863720e+000	
  2.2941614e-001	 -8.0340892e-002	  3.1101279e-001	  3.8681958e-001	  6.2753771e-001	  1.6728020e-001	 -1.9839300e-001	  6.8854173e-001	  4.5094115e-001	 -3.7958729e-001	 -1.3050468e-001	
 -7.2406888e-001	 -1.0353495e+000	  6.1670332e-002	 -3.5372955e-001	 -6.6180993e-001	 -8.1301524e-001	  8.1135827e-001	 -6.1654518e-002	  7.4806520e-002	  2.4481758e-002	  3.5993317e-001	
 -7.2880052e-002	  2.4971670e-001	 -7.9010048e-001	 -2.1694075e-002	  1.5125478e-001	  2.9631419e-001	 -3.1276292e-001	 -8.4994936e-001	 -5.2804465e-001	  9.4282232e-002	 -1.7577753e-001	
 -2.9951285e-001	 -9.9581196e-001	  1.1249910e+000	 -8.3711833e-001	 -1.6110211e+000	 -9.4772888e-001	  9.6602229e-001	 -1.0087357e+000	  1.0877202e+000	 -1.2766200e+000	  1.7112111e+000	
 -1.6292185e+000	 -2.6792058e-001	 -7.9640830e-001	 -5.4928485e-001	  4.9539046e-001	 -4.9158453e-001	  8.8346683e-001	 -1.5346730e+000	 -7.8487971e-001	  7.0227278e-001	 -4.3591758e-001	
 -8.0129275e-001	 -2.5533261e-002	  9.2446109e-001	  8.9426917e-001	 -2.0160822e-001	  2.4970566e-002	  1.1584970e-001	 -1.3558428e+000	 -5.3706020e-001	  4.7506460e-001	  8.5190029e-002	
  1.1342742e+000	  1.7267891e+000	  1.7398378e-001	  1.1181828e+000	  6.6706574e-001	  1.8809339e+000	 -1.9326327e+000	  1.3531543e+000	 -1.0848031e+000	  1.4272753e+000	 -1.1219347e+000	
 -1.3397594e-001	  3.8194443e-001	 -3.4661057e-001	 -3.4143582e-002	  2.8261729e-001	  3.2709376e-001	 -2.9508824e-001	  5.1580511e-002	 -8.0351180e-002	 -6.6778143e-002	 -3.4296441e-001	
  1.8680108e+000	  1.3605386e+000	  9.3967292e-001	  9.3942708e-001	 -3.3629375e-001	  1.3968498e+000	 -1.6769809e+000	  8.8441172e-001	 -1.2927635e-001	  5.0122217e-001	 -8.9739495e-001	
  3.1933494e-001	  1.8032238e-001	  8.8349150e-001	 -1.6333540e-001	 -1.0544990e+000	 -1.5873823e-003	 -1.8392482e-001	 -2.8629622e-001	  1.1851390e-001	 -3.2701284e-001	  2.5567604e-002	
 -9.7876181e-001	 -9.0181647e-001	 -1.6295588e-002	 -4.4254933e-002	  1.7407797e-001	 -1.0520858e+000	  1.1573401e+000	 -8.1979994e-001	  4.8099804e-001	 -2.4820006e-001	  6.0996036e-001	
  8.2565376e-001	  1.0049701e+000	 -8.6052607e-001	  3.6727981e-001	  3.9634696e-001	  9.0294843e-001	 -8.3418504e-001	  2.9302629e-001	 -5.7790165e-001	  4.2057666e-001	 -7.4300704e-001	
 -7.7445170e-001	 -1.5560806e-001	  2.9847645e-001	  1.7869964e-001	  5.8742880e-001	 -1.5647375e-001	  1.8295700e-001	 -1.9057255e-002	 -3.9231986e-001	  6.9766936e-001	 -8.8304832e-001	
  1.9215380e-001	 -1.3445322e+000	  1.6524818e+000	 -1.4949099e+000	 -1.1515654e+000	 -1.0719815e+000	  9.3638344e-001	  3.4506656e-001	  1.7242653e+000	 -1.7968304e+000	  1.0948481e+000	
  2.8501907e-001	 -7.6163144e-001	 -4.9845908e-001	 -7.4609987e-001	  1.7639053e-001	 -7.2037869e-001	  6.7729642e-001	  4.5856795e-001	  7.8826683e-001	 -6.9653854e-001	  4.0025950e-001	
 -1.5686519e-001	  3.3181999e-001	 -2.7665481e-001	  2.6613810e-001	 -1.0165914e-001	  2.7686975e-001	 -3.0002099e-001	 -1.8179940e-001	 -4.5993423e-001	  4.9600977e-001	 -4.7542429e-001	
  1.3511461e+000	 -4.4902009e-001	  1.7663269e+000	 -1.8776564e+000	 -2.5714822e+000	 -1.6482962e-001	 -2.2149410e-001	  1.1629134e+000	  1.2784090e+000	 -1.1013535e+000	  6.4692864e-001	
 -8.1082868e-001	 -1.2144073e+000	  1.0032070e+000	 -4.6569725e-001	 -1.0684833e-001	 -1.1397543e+000	  1.1660353e+000	 -1.0383324e+000	  7.9582951e-001	 -1.2622220e+000	  1.2866960e+000	
  9.6065702e-001	  1.2574630e+000	 -9.9324209e-001	  1.3564567e+000	  1.0690290e+000	  1.3044381e+000	 -1.1665158e+000	  8.0868500e-001	 -1.0908061e+000	  9.8040500e-001	 -1.6654033e+000	
  4.5095973e-002	 -1.4380138e-001	  4.6714563e-001	  2.3767079e-001	 -4.2421227e-001	 -3.6995294e-001	  2.2751054e-001	  1.5056165e-001	  2.3268261e-001	  1.2688895e-001	 -2.3136881e-001	
  6.5745090e-001	  4.0007906e-001	  6.0821877e-001	  2.0409089e-001	 -4.7121099e-001	  3.3479427e-001	 -2.5649394e-001	 -4.5670406e-001	 -2.9986928e-001	 -7.1381317e-002	 -1.2880142e-001	
  1.7093998e-001	 -2.2444521e-001	  8.5562159e-002	  6.7381399e-001	  8.2086806e-001	 -1.9455867e-001	  3.7779853e-001	 -6.9762132e-001	  2.5783609e-001	 -5.7677276e-001	  4.3934754e-001	
 -3.4785790e-001	 -7.1054704e-001	 -1.8683061e-001	 -9.6572784e-001	 -6.7755253e-001	 -5.8502096e-001	  5.6695152e-001	 -8.0599472e-002	  8.0544363e-001	 -8.3009028e-001	  4.2944870e-001	
 -1.5792387e+000	 -1.4207951e+000	  1.1367797e+000	  5.3135543e-002	 -9.8332242e-001	 -1.4135448e+000	  1.4523963e+000	 -1.0919693e+000	  2.8730979e-001	 -5.5001532e-001	  2.4453397e-001	
  5.6301034e-001	  3.9616480e-001	 -1.0246579e+000	 -3.0796692e-001	  6.1745763e-001	  4.7073192e-001	 -7.0094781e-001	  9.4135224e-001	 -2.6715687e-001	  2.8269194e-001	  4.9391959e-001	
 -1.6676089e+000	  4.2299302e-002	  9.8182842e-001	  2.2124993e-001	  3.5852685e-001	 -1.4581876e-001	  2.6239622e-001	 -6.1179955e-001	 -8.9940305e-001	  8.5916344e-001	 -6.7387518e-001	
  2.3111141e+000	  1.5762247e+000	  5.8353703e-001	  1.0086771e+000	  5.1103017e-001	  1.7176300e+000	 -1.7223628e+000	  1.4982455e+000	 -6.0439267e-001	  6.3869075e-001	 -1.1461592e+000	
 -5.7829642e-001	 -4.0338076e-001	 -9.3802718e-001	 -8.7009165e-001	 -3.8433200e-001	 -5.0413131e-001	  3.6855946e-001	 -8.1420434e-001	  1.4227629e-001	 -3.8717828e-002	 -6.7357009e-001	
  8.5812110e-002	  1.0665516e+000	 -1.5539828e+000	  1.1645783e+000	  7.5207071e-001	  8.0973646e-001	 -7.4895189e-001	 -1.1802075e+000	 -9.4419653e-001	  4.6025470e-001	 -1.0567913e-001	
 -1.6610977e-001	  5.1363662e-001	 -2.9964756e-002	  5.2039501e-001	  3.3205420e-001	  7.0905103e-001	 -7.6002313e-001	  6.8727264e-001	 -3.8454429e-001	  3.0322860e-001	 -1.3634642e-002	
 -5.7257073e-001	 -2.1435617e-001	 -5.9120273e-001	 -9.1777496e-001	 -5.4592101e-002	 -9.1806909e-002	  1.8734155e-001	 -6.4719730e-001	  1.1321175e-001	 -9.4156267e-002	  5.7385615e-001	
 -1.3792200e+000	 -1.2867977e+000	 -4.5487541e-001	 -4.5772387e-001	  2.0013490e-001	 -1.0908253e+000	  1.0983020e+000	 -6.9438561e-001	  3.4095777e-001	 -7.3151171e-001	  1.2435735e-001	
  1.2339729e+000	 -6.2081325e-001	  2.6187274e+000	 -1.5301552e+000	 -2.3143031e+000	 -7.4266376e-001	  2.5542507e-001	  1.6306197e-002	  1.6181451e+000	 -1.9144877e+000	  7.3628025e-001	
  8.6504787e-001	 -7.6616938e-002	 -1.5778318e-001	 -8.6195486e-001	 -2.7318148e-002	 -4.4861300e-003	 -1.0473477e-001	  7.3890021e-001	  5.4545730e-001	 -3.7351544e-001	  1.3367752e+000	
 -9.7025021e-001	 -9.7746903e-001	  1.2937094e-001	 -9.5426501e-001	 -2.6229235e-001	 -1.0677266e+000	  1.0636613e+000	 -1.3843998e+000	  5.6503480e-001	 -4.2270588e-001	  6.2060377e-001	
  2.3768598e-001	  1.2542406e+000	 -2.4563006e+000	  3.5989332e-001	  1.4830622e+000	  1.0578341e+000	 -6.9744603e-001	 -3.4298670e-001	 -1.1387255e+000	  1.5464455e+000	 -9.3564342e-001	
 -2.7332495e-001	 -2.7932172e-001	 -3.1081552e-001	  5.5614706e-002	  1.2061938e-001	 -3.7197510e-001	  4.0309561e-001	 -5.2081071e-001	 -1.2865550e-001	  1.1954550e-001	  2.3712770e-001	
  9.0833777e-001	  1.8652049e-001	 -3.8159253e-002	 -5.9128838e-001	  3.8217132e-001	  3.0937988e-001	 -1.4292715e-001	  5.2709484e-001	  4.8692437e-001	 -6.5913738e-002	  6.2253589e-001	
  3.1119880e-001	 -3.4373883e-001	  5.3351810e-001	 -6.8408210e-001	 -1.3622859e+000	 -4.5012591e-001	  3.6184648e-001	  7.7092910e-002	  6.5511910e-001	 -6.4349974e-001	  6.7984689e-001	
  7.6786772e-003	  4.4627107e-001	 -8.2647094e-002	  7.1865042e-001	 -1.3037423e-002	  2.4508257e-001	 -1.1026370e-001	 -6.4318344e-001	 -1.7612731e-001	  3.5895095e-002	  2.8388109e-001	
  3.1103337e-001	 -9.0278334e-001	  1.5009903e-001	 -1.1040200e+000	 -4.9510173e-001	 -5.6849236e-001	  3.9711027e-001	  1.2701852e+000	  9.8689299e-001	 -5.8198756e-001	  1.0246505e-002	
 -7.7053170e-001	  1.7547280e-001	 -1.6119740e+000	  5.3591938e-001	  1.6897257e+000	  2.9921155e-001	 -1.8018006e-001	 -5.6816412e-002	 -9.3083651e-001	  9.5599291e-001	 -2.6862265e-001	
