 -1.1833010e-004	  2.4375763e-002	 -1.8457756e-001	 -1.1444777e+000	 -5.8815604e-001	  2.6647188e-001	 -4.8830352e-001	 -1.9522960e-001	 -1.2556688e+000	  1.3735716e-001	 -1.4244027e+000	
  1.9218493e+000	  1.2461632e+000	  2.3489316e-002	  1.6601388e+000	  7.6827863e-001	  1.1684544e+000	 -3.8508106e-001	 -9.4018078e-002	 -1.1924775e-001	  6.2575254e-001	 -1.0791129e+000	
 -8.2125749e-001	 -7.0175111e-001	 -1.1926257e+000	 -7.0940256e-001	 -1.0278794e+000	  2.4148225e-002	  2.0083897e+000	  6.1172916e-002	 -4.4008430e-001	  1.7164024e+000	  2.9854070e-001	
 -4.5192416e-001	 -2.2503303e-001	 -1.1926257e+000	 -2.0960553e-001	 -9.2726470e-001	  9.1266828e-001	 -7.2700546e-001	 -4.1789494e-001	  1.5628953e+000	 -8.0347813e-001	 -7.0753206e-001	
 -6.0969762e-001	 -6.4492379e-001	  1.0171880e+000	  8.1156251e-001	 -5.5461782e-001	 -6.3887621e-001	 -4.3156665e-002	  8.2025930e-001	 -5.6279828e-002	  1.5066620e+000	  1.1625574e-001	
  5.3057423e-001	 -1.4926327e-001	  1.5263427e-001	  1.6817127e+000	  1.3496078e+000	  7.1409751e-001	  2.7808776e-002	 -1.6027444e+000	 -2.1220039e-001	 -1.5195916e+000	 -1.3602524e+000	
 -9.9337400e-001	 -1.3899931e+000	 -1.0803413e+000	 -3.3904936e-001	 -6.6641188e-001	 -1.0374481e-001	 -4.7540071e-001	  7.4667785e-002	 -1.0475748e+000	 -1.0012333e+000	 -8.7062101e-002	
 -1.1798335e+000	 -1.2463463e+000	 -1.1926257e+000	 -1.1444777e+000	 -1.2142028e+000	  2.6310627e-001	 -2.7863290e-001	 -1.3888508e+000	 -1.7921720e-001	 -1.3005628e+000	 -1.1422116e+000	
  8.5939923e-002	  3.1798359e-001	  8.9880515e-001	  1.3760815e+000	  3.4164267e-002	 -7.3647879e-001	 -1.4914968e+000	 -4.7524813e-001	  1.1341137e+000	  5.5084528e-001	  1.0627353e+000	
  6.2380400e-001	 -9.6063113e-001	  5.5441859e-001	 -8.5682470e-001	  7.7573157e-001	 -1.1908356e+000	  3.7485881e-002	  7.4941124e-001	  4.2347576e-001	  8.4448176e-001	 -8.4074030e-001	
 -7.2898512e-003	  6.8420410e-001	 -1.1834062e+000	  4.4480498e-001	 -1.3409027e+000	  4.4484901e-001	  4.5037572e-001	  1.4916290e+000	 -9.4682614e-001	  8.5946322e-001	  1.9986985e+000	
 -1.1798335e+000	 -1.3899931e+000	  3.9298739e-001	 -1.6645758e-001	  1.7949655e-001	 -2.8212194e-001	  8.1165432e-001	 -7.7550897e-001	  1.2962546e-001	  1.9261427e+000	  4.2640659e-002	
 -1.1798335e+000	 -9.1958917e-001	  2.0108867e+000	 -1.0704070e+000	 -9.5334998e-001	 -2.7875634e-001	 -1.3302117e+000	  9.5858171e-001	 -5.9000792e-001	  2.3024217e-001	 -3.1842378e-001	
  4.8754510e-001	 -1.3899931e+000	  2.4664815e+000	  2.1108694e-001	  5.3723756e-001	 -1.9461618e-001	 -1.2269892e+000	  2.6022223e-001	 -4.7606597e-001	  4.1900848e-001	  1.4308107e+000	
  5.0905967e-001	  1.1198802e+000	 -1.1388153e+000	 -1.1444777e+000	 -1.7672108e+000	 -5.5473605e-001	 -6.2510876e-002	  1.6299514e+000	 -1.2556688e+000	  4.7893430e-001	 -4.4996341e-002	
  1.9612927e+000	  2.3669242e+000	  6.7997619e-001	 -3.3545370e-001	  2.7265827e-001	 -1.0037921e-001	  8.6971696e-001	  1.6636886e+000	  4.4746354e-001	  7.7856337e-001	  5.3340786e-001	
 -1.1798335e+000	  1.3061475e+000	 -5.3613884e-001	  1.5630559e+000	  7.2356101e-001	 -7.9369410e-001	  2.0199668e-001	 -7.9575127e-001	  2.3157352e-001	  5.6582673e-001	  1.7234342e-001	
 -5.3439665e-001	 -4.3655695e-001	  4.4679779e-001	 -1.4847927e-001	 -1.3595351e+000	 -9.1485592e-001	  1.2987353e+000	 -4.0777378e-001	 -4.0710110e-001	  5.4485269e-001	 -2.7285254e-001	
 -3.6945167e-001	  1.0914666e+000	 -8.7969241e-003	 -6.0872402e-001	  8.2417567e-001	  8.8094744e-002	  4.4392431e-001	  9.7207658e-001	 -1.2556688e+000	  1.0092778e+000	 -1.3146812e+000	
 -7.9257141e-001	 -1.3899931e+000	 -4.8950316e-001	 -3.6781466e-001	  1.5322048e+000	 -5.5137045e-001	  1.5038545e-001	 -7.7550897e-001	  3.4251700e-001	  7.2163385e-001	 -1.4713762e+000	
 -1.1798335e+000	 -1.3899931e+000	 -1.1926257e+000	  1.3976554e+000	 -2.4159443e-001	  1.3521323e-001	  5.9230660e-001	  1.4241547e+000	 -9.9899956e-001	 -8.0347813e-001	 -9.9415413e-003	
  3.2618588e-001	  1.8302217e+000	 -1.1793525e+000	  1.8974525e+000	  5.1860522e-001	  2.6310627e-001	  1.5890485e+000	  1.4578919e+000	 -6.1999264e-001	 -1.4842354e+000	 -3.8152242e-001	
  2.4371339e-001	  1.4008597e+000	 -2.6708684e-001	 -5.8587718e-002	  6.3412576e-001	  1.6228112e+000	 -5.9475168e-001	  1.3229432e+000	  6.6935050e-001	  1.7463653e+000	  1.5605135e+000	
 -1.1798335e+000	 -6.9859404e-001	  8.7728099e-001	  1.3401248e+000	 -4.3164434e-001	 -1.5913428e+000	 -7.4958537e-001	 -1.3959356e+000	  3.9049256e-001	 -7.9748554e-001	 -3.9904982e-001	
  2.7598523e-001	  1.4103310e+000	  2.3122250e+000	 -1.1444777e+000	  1.1930961e+000	  5.8898110e-004	  1.1051932e+000	 -3.3017829e-001	  1.4039762e+000	  1.9261427e+000	 -1.0458950e-001	
  1.3086843e+000	  2.2958553e-001	  3.3917699e-001	 -1.5207493e-001	  2.5775240e-001	  5.3908598e-001	 -2.0121606e-001	  1.0800355e+000	 -3.5312860e-001	 -1.2032384e-001	  1.4429958e-001	
  2.5852150e+000	 -3.3868767e-001	  9.3109139e-001	 -1.1444777e+000	  4.8134053e-001	 -1.5913428e+000	 -8.4635643e-001	  4.7951386e-001	 -2.7816679e-001	 -4.7987873e-001	 -2.6934706e-001	
 -3.5152286e-001	  2.0748602e-001	 -6.9039532e-001	  5.5267484e-001	 -4.5027669e-001	 -4.4703665e-001	  4.5682712e-001	  8.7086506e-001	  5.9438869e-001	  1.0032852e+000	  5.1588046e-001	
  3.6204348e-001	 -1.3899931e+000	 -3.0296044e-001	  2.2138707e+000	 -6.5895894e-001	 -1.0259209e+000	  4.2134440e-001	  1.9274789e-001	  5.6140549e-001	 -7.2557457e-001	  1.7533149e+000	
 -5.0318978e-002	 -1.0941753e+000	 -1.1926257e+000	 -1.1444777e+000	  4.1799056e-001	  1.1838520e-001	  8.9552257e-001	  9.5183427e-001	  1.5683510e-002	  1.2190181e+000	 -1.1160046e-001	
 -9.5357206e-001	 -5.3758329e-001	  9.1674195e-001	  4.9514425e-001	  1.3384284e+000	 -6.3214500e-001	 -4.3156665e-002	 -4.2801609e-001	 -3.1414846e-001	  3.1713460e-001	  8.1384626e-001	
  7.1344802e-001	  1.3156188e+000	 -3.9623180e-001	  1.8591730e-001	 -9.7943527e-001	  1.6833921e+000	  1.4600204e+000	  4.2890810e-001	 -7.8490863e-001	 -9.5928524e-001	 -5.8133478e-001	
 -1.1798335e+000	 -5.4074037e-001	  1.9651558e-003	  1.0992155e+000	  1.1297461e+000	 -1.0225553e+000	  1.1167702e-001	 -1.3153037e+000	  1.2480557e+000	 -7.0759682e-001	 -2.9388542e-001	
  1.0003089e+000	  3.1482651e-001	  7.9118435e-001	 -1.1444777e+000	 -5.5834428e-001	  1.6531017e+000	 -1.0915098e+000	  1.2149842e+000	 -1.1393281e+000	 -4.5590840e-001	 -1.1457171e+000	
  1.1580823e+000	 -4.1761451e-001	 -1.1800341e+000	 -1.1444777e+000	  5.3723756e-001	  1.0304645e+000	  2.2664459e+000	  1.2790848e+000	  5.2842229e-001	  1.2789439e+000	  2.4193561e+000	
 -1.1798335e+000	 -6.3229550e-001	 -8.3604213e-001	 -1.1444777e+000	  4.5525525e-001	  8.2852812e-001	  1.2987353e+000	 -7.4514551e-001	  1.3562241e-001	 -8.0947071e-001	 -1.0108402e-001	
 -4.3040959e-001	  2.3353535e+000	  1.1676068e-001	  2.7028808e+000	  1.6216400e+000	 -1.2211261e+000	 -1.7140702e+000	 -1.5744052e+000	  2.4924217e+000	 -1.5195916e+000	  1.4780506e-001	
 -1.1798335e+000	 -1.3899931e+000	 -1.1926257e+000	  1.0452805e+000	  4.5152878e-001	  9.9007722e-001	 -1.0269957e+000	 -9.6751464e-003	 -1.2556688e+000	 -9.2033346e-001	 -1.6470007e+000	
  1.8967490e+000	 -9.8904479e-001	 -1.0860811e+000	  4.8435726e-001	  1.0962079e+000	  1.0155717e-001	 -7.7216528e-001	  1.4072861e+000	 -2.3318970e-001	  9.8830372e-001	  4.8433114e-001	
  1.4413574e+000	 -9.2435951e-002	 -7.6931724e-001	 -2.0600986e-001	  1.6812635e+000	 -1.2076637e+000	 -9.1542193e-002	 -2.1547190e-001	  9.5120690e-001	 -7.9748554e-001	 -3.7801694e-001	
  4.0148685e-001	 -2.2819011e-001	 -1.1926257e+000	 -1.1444777e+000	 -6.7386482e-001	  1.6396392e+000	 -1.8624525e+000	  3.9517093e-001	 -1.2556688e+000	 -1.6526820e-001	  1.1153175e+000	
 -1.2561995e-001	 -7.1437940e-001	 -1.4152924e-001	 -1.1444777e+000	  1.2825313e+000	 -1.4907112e+000	 -1.0044158e+000	 -7.4851923e-001	 -6.1999264e-001	 -8.4542620e-001	 -1.5271133e+000	
  2.8567754e-002	  2.0827876e+000	 -7.8007932e-001	 -4.2174959e-001	 -5.3598547e-001	  7.2755993e-001	  9.1165108e-001	  1.2689637e+000	  1.0561534e+000	  8.5166567e-003	  2.6699138e-001	
 -5.8101154e-001	  5.9896312e-001	 -4.7515372e-001	 -1.1444777e+000	  8.3535507e-001	 -1.0158241e+000	  1.4070834e-001	 -1.6142151e+000	 -4.6707055e-001	  1.4509238e-002	 -1.7820458e-001	
  2.8674251e-001	  2.6510608e+000	 -1.0329882e+000	  1.2825942e+000	  2.7265827e-001	  9.6988358e-001	 -7.9797090e-001	  3.2769658e-001	  1.7188158e+000	  7.1863756e-001	 -1.0108402e-001	
 -1.1798335e+000	 -3.7025841e-001	  3.0330339e-001	 -3.5702767e-001	  1.6402724e+000	  4.0446173e-001	  8.1488003e-001	 -1.5059188e+000	  6.0638258e-001	 -1.0731443e+000	 -9.3538826e-001	
 -1.1798335e+000	  1.8222943e-001	 -2.2762588e-001	 -1.1444777e+000	 -1.3856204e+000	  7.6794721e-001	  8.2455713e-001	 -1.0413923e-001	 -1.2556688e+000	 -1.5195916e+000	  3.1256262e-001	
 -3.5152286e-001	 -2.3134718e-001	 -2.7067420e-001	 -3.3545370e-001	 -2.0805621e-001	  2.2454484e+000	 -7.3990826e-001	  3.8197227e-003	 -1.2556688e+000	 -8.9935943e-001	  3.8968318e-001	
 -1.1798335e+000	  1.0409534e+000	  2.0324109e+000	 -5.7276740e-001	  1.6216400e+000	 -1.9461618e-001	  1.2019642e+000	  2.0286904e-001	  2.0426509e+000	  5.8979705e-001	  1.0381970e+000	
 -7.2802772e-001	 -1.9030523e-001	 -1.1926257e+000	 -6.1951101e-001	 -9.0117942e-001	 -3.5953089e-001	 -1.7237473e+000	 -3.9765263e-001	 -1.2556688e+000	 -3.5403452e-001	 -5.5329094e-001	
 -1.1798335e+000	 -1.3899931e+000	 -8.3030236e-001	  4.8795292e-001	 -6.5523247e-001	 -1.3486826e+000	 -7.9151949e-001	 -1.4070688e+000	 -1.2556688e+000	 -1.4954415e+000	 -1.6470007e+000	
  1.1867684e+000	 -1.3509117e-002	 -3.3524668e-001	  1.9670429e-001	  4.5152878e-001	 -2.4510028e-001	  4.8908414e-001	 -1.3787640e-001	 -6.4098195e-001	 -8.0347813e-001	 -1.0580801e+000	
 -1.1798335e+000	 -1.2125656e+000	 -8.0544124e-002	  8.2594516e-001	  1.6514518e+000	 -1.2413197e+000	 -2.2702167e-001	 -1.0690224e+000	 -6.1099723e-001	 -4.2294921e-001	  7.5858587e-003	
  3.6204348e-001	  1.8302217e+000	 -2.6349948e-001	  2.6861753e-001	  1.7408870e+000	 -1.0393834e+000	 -1.5283053e-001	  8.4724904e-001	  1.0471580e+000	  1.2489810e+000	  6.2455034e-001	
  3.7638653e-001	  6.6841873e-001	  1.1929687e+000	  1.2358506e+000	  1.2974372e+000	 -1.4634497e+000	  1.8793616e+000	  1.2318528e+000	  1.0861382e+000	 -4.8412867e-002	  1.9285889e+000	
 -1.1798335e+000	 -1.1620524e+000	 -1.1896123e+000	 -1.1444777e+000	 -1.6379023e+000	 -1.1384163e-001	 -1.1624752e+000	 -2.4583535e-001	 -1.2556688e+000	  1.1111516e+000	 -4.1490861e-002	
 -7.5671380e-001	 -8.5960478e-001	  1.7454221e+000	  1.2610203e+000	 -6.2723924e-002	 -5.0761756e-001	 -1.6818132e+000	 -1.4306849e+000	  5.4341466e-001	  2.6320137e-001	 -3.5698406e-001	
 -9.2667885e-001	 -6.1651013e-001	 -1.1926257e+000	 -1.1031276e+000	 -1.0912293e+000	 -8.1388773e-001	 -3.0121281e-001	 -1.2275871e+000	 -1.2556688e+000	 -1.2169662e+000	 -5.7432382e-001	
  1.5632733e+000	  6.7157580e-001	 -9.6554583e-001	 -1.1444777e+000	 -1.3185439e+000	  7.7467842e-001	  2.0083897e+000	  2.5684852e-001	 -6.9795293e-001	 -9.1434088e-001	 -1.6470007e+000	
  2.9437911e+000	  6.7788995e-001	 -1.0889510e+000	 -1.1444777e+000	 -1.7634843e+000	  2.6983748e-001	 -3.3479559e-002	  1.6738098e+000	 -5.3303694e-001	  1.1039054e-001	 -1.6470007e+000	
  1.1104025e-001	  4.4742359e-001	 -7.6931724e-001	 -3.4264502e-001	 -1.5868497e+000	  2.6983748e-001	 -1.1915065e+000	 -2.4583535e-001	 -8.0289946e-001	  7.9654111e-001	  4.9835306e-001	
 -3.7040906e-003	  2.0117187e-001	 -3.2448460e-001	 -8.6365646e-001	 -1.4821359e+000	  7.6458160e-001	  9.7293942e-001	  8.0339071e-001	 -1.2556688e+000	 -3.5703081e-001	 -1.1861142e-001	
 -6.3838371e-001	 -7.1949702e-003	  6.7280147e-001	 -1.1444777e+000	 -5.6952369e-001	 -1.3066966e-001	 -6.2510876e-002	 -1.6470076e+000	 -1.2309314e+000	 -1.5195916e+000	 -1.4499927e+000	
 -7.1368468e-001	  1.5902842e+000	 -5.3255148e-001	  1.6493518e+000	 -1.2700998e+000	  2.1262218e-001	 -9.7538450e-001	  1.5219925e+000	  9.4520996e-001	  1.1441108e+000	 -1.0721020e+000	
 -1.0051963e-001	 -2.3766133e-001	  3.8222531e-001	 -5.9074571e-001	 -3.6456790e-001	 -2.4846588e-001	 -1.4637912e-001	 -7.2827692e-001	  4.6245590e-001	  1.2429884e+000	 -1.6470007e+000	
 -1.1798335e+000	  3.7796798e-001	 -1.1926257e+000	  9.5179333e-001	 -2.4532090e-001	  1.0492278e-001	 -2.5282729e-001	 -1.1230018e+000	  1.7428036e+000	 -3.2706790e-001	  1.1328449e+000	
  4.8037358e-001	 -4.5865646e-001	 -9.8204769e-001	 -2.9822421e-002	 -9.4217058e-001	  1.6550369e-001	  1.8793616e+000	  3.8197227e-003	 -1.2556688e+000	 -1.1180887e+000	 -6.9000466e-001	
 -2.6187885e-001	 -6.0388184e-001	 -5.8636188e-001	  9.9853694e-001	  1.1614658e-001	 -9.6197441e-001	  6.0520941e-001	  5.2337218e-001	  1.4039762e+000	  1.0811887e+000	  4.2123250e-001	
  1.3732280e+000	  4.6005189e-001	 -2.9937308e-001	  2.4332061e+000	 -7.7447948e-001	 -1.3403527e-001	  3.9231308e-001	 -6.3718656e-001	  2.6723301e+000	  4.9990833e-001	  1.1573833e+000	
  1.2943412e+000	  9.3831377e-002	  2.2079411e-001	 -2.5634913e-001	  1.6104606e+000	  1.4006812e+000	  1.8909387e-001	  3.8197227e-003	  1.8681982e-002	  8.4448176e-001	 -5.2524710e-001	
  1.3050985e+000	  6.0527726e-001	 -3.0296044e-001	  3.1536114e-001	 -9.2726470e-001	 -1.0999643e+000	 -8.1865087e-002	 -1.1567390e+000	  6.6635203e-001	 -5.0085276e-001	  1.7007327e+000	
 -1.1798335e+000	 -1.0840727e+000	 -6.7604588e-001	  1.3917370e-001	 -1.4377909e+000	  1.1347983e+000	 -7.9151949e-001	 -5.5284363e-001	 -1.0760603e+000	 -1.3830159e-001	 -1.2158267e+000	
 -3.4793710e-001	  1.2051212e+000	  3.6428851e-001	  4.9873991e-001	  7.1428955e-002	  8.4535615e-001	  1.1490273e-001	 -3.8078405e-001	  2.1326050e+000	  1.8961798e+000	  8.6642846e-001	
  6.5249009e-001	  1.5587134e+000	  5.4006915e-001	  1.0237066e+000	  1.1930961e+000	  5.8620447e-001	  8.0520292e-001	  9.2484454e-001	 -8.5687196e-001	 -7.8550038e-001	 -1.8171006e-001	
 -1.1798335e+000	 -1.3328501e+000	  1.3436378e+000	  6.1020543e-001	  1.6998959e+000	 -1.5913428e+000	 -1.5140767e+000	 -1.5501144e+000	 -2.6617290e-001	 -1.2355432e+000	 -2.1676486e-001	
 -9.4855199e-001	 -8.0593453e-001	  8.7369363e-001	  4.0884835e-001	  6.0804047e-001	 -1.3271427e+000	 -1.9476465e-001	 -1.1769813e+000	  9.0645320e-002	 -5.5778229e-001	  3.3359550e-001	
 -9.5321348e-001	  3.9691042e-001	  3.4251396e-002	  1.9310863e-001	  1.4912136e+000	  6.5351660e-001	 -1.2915033e+000	  9.9231888e-001	 -2.3073245e-003	 -1.4617632e+000	  3.5813386e-001	
 -1.0403475e+000	  1.3487333e-001	 -2.6708684e-001	  1.1783200e+000	 -9.3844411e-001	  6.0976371e-001	 -2.3802454e-002	  3.1420171e-001	  1.8327578e+000	  1.7331265e-001	  4.6329826e-001	
 -1.0410539e-001	  1.0014552e-001	 -7.0115740e-001	 -4.4691922e-001	 -2.3786796e-001	 -6.1531696e-001	  2.0406467e+000	 -7.7213525e-001	 -9.2283836e-001	 -6.1471181e-001	  2.1739725e+000	
 -1.1798335e+000	 -3.6394426e-001	 -1.1926257e+000	 -8.4172292e-001	 -5.8442957e-001	 -1.5913428e+000	 -3.8508106e-001	 -1.5922859e+000	 -6.8895751e-001	 -1.3703763e+000	  8.3137366e-001	
 -1.2920571e-001	 -4.0498621e-001	 -1.6305340e-001	  1.6924997e+000	  3.4718765e-001	  3.3560984e+000	 -2.1208312e+000	  1.6603149e+000	 -2.8116526e-001	  7.0365610e-001	  5.1237498e-001	
  2.6164219e-001	  8.6415728e-001	  2.2871135e+000	 -1.1444777e+000	  2.8756415e-001	  3.4388082e-001	  1.1697072e+000	 -1.0622749e+000	  8.0728023e-001	  3.2612347e-001	  5.0886950e-001	
  9.0707908e-001	  1.1009378e+000	  9.7413971e-001	 -1.5439773e-002	  4.8134053e-001	  1.3333691e+000	 -8.6248493e-001	 -1.3379076e+000	  7.8651431e-002	  3.4110493e-001	  6.8414350e-001	
  9.6697204e-002	 -6.7965160e-001	  1.8566303e+000	  2.9019151e-001	  6.5648457e-001	  1.1415295e+000	  2.1812518e-001	  6.6506831e-001	  1.5718907e+000	  2.3156605e+000	  9.8912026e-001	
 -4.8061024e-001	 -1.3899931e+000	 -9.4893564e-002	  1.4300164e+000	  1.6775370e+000	  4.3475219e-001	  2.4393080e-001	 -1.0622749e+000	  1.0681473e+000	  9.9130001e-001	 -3.1842378e-001	
  3.4674304e-003	  3.0689910e-002	  2.8177923e-001	 -9.1471486e-001	 -1.3073645e+000	 -1.4769122e+000	 -6.7861993e-001	  1.8937417e-001	  1.1970816e+000	 -1.1929959e+000	 -1.0966403e+000	
 -2.9773645e-001	  5.3266457e-001	  1.5696415e+000	  6.4975772e-001	  4.1053762e-001	  1.2848202e-001	  1.2342213e+000	 -4.0440007e-001	  7.1732606e-001	  7.8155966e-001	 -2.7468941e-002	
 -4.7343872e-001	 -1.3899931e+000	 -1.1926257e+000	 -1.6286192e-001	 -8.8809206e-002	 -1.5913428e+000	 -1.3624687e+000	  4.2553438e-001	 -9.2283836e-001	 -4.8886760e-001	  6.9115446e-001	
  1.1222247e+000	 -7.3647892e-001	  4.7549667e-001	 -1.0441587e+000	 -1.5215918e-001	 -1.1268891e+000	 -2.2172797e+000	  7.9326956e-001	 -1.2556688e+000	 -4.9785647e-001	  1.4079410e-001	
  1.6923606e+000	 -1.0143014e+000	  1.8064072e+000	 -1.0470352e+000	  3.2110237e-001	 -1.5913428e+000	 -2.5605299e-001	  4.5927155e-001	 -4.1909499e-001	 -1.2897761e+000	 -8.3723482e-001	
  8.2354162e-002	 -1.2911767e+000	 -3.4959612e-001	 -3.7141032e-001	 -6.8877069e-001	 -3.8645574e-001	  1.8909387e-001	  1.6366989e+000	 -1.2556688e+000	  5.7481560e-001	 -1.1912883e+000	
  3.7638653e-001	  6.3369092e-001	  3.4635171e-001	 -8.4639728e-001	  1.2340872e+000	  1.1838520e-001	  4.1166730e-001	 -4.4825839e-001	  4.7444979e-001	  1.4617177e+000	 -5.4627998e-001	
 -3.8738047e-001	 -3.0711694e-001	  2.3767975e+000	 -9.6793066e-001	 -9.7943527e-001	  1.1078734e+000	 -1.9153895e-001	  4.1203951e-001	 -6.3798348e-001	  1.6564765e+000	 -1.2719143e+000	
  5.4491727e-001	 -2.3450425e-001	 -1.0565564e-001	 -9.6685196e-001	 -5.9560897e-001	  1.6213808e-001	 -9.1542193e-002	  2.0286904e-001	 -9.4382766e-001	 -1.2199625e+000	  6.0001198e-001	
  2.1144154e-001	 -3.3237353e-001	  8.8061795e-002	 -4.5051489e-001	 -6.7759129e-001	  5.9630129e-001	  8.1165432e-001	 -1.4445171e+000	 -8.0267607e-002	 -1.5195916e+000	 -8.8981702e-001	
  1.7389755e+000	  4.9793677e-001	 -1.1287707e+000	 -3.6421900e-001	 -3.1004221e-003	  7.9487206e-001	  3.7941028e-001	  1.4309021e+000	  4.8644368e-001	 -5.3680825e-001	  7.1569282e-001	
 -3.6945167e-001	  1.2855918e-001	  2.7101715e-001	 -2.2398817e-001	 -8.3410298e-001	  3.4388082e-001	 -4.9608069e-002	 -9.9142687e-001	  1.2930328e+000	 -1.2433336e+000	  1.5359751e+000	
  2.5852150e+000	  2.3905675e-001	  9.3826611e-001	 -8.9386002e-001	 -7.4094126e-001	  1.7675323e+000	  1.9761327e+000	  8.1013815e-001	 -8.2688724e-001	  3.9204187e-001	  2.6296849e+000	
 -4.7702448e-001	 -5.4389744e-001	  1.2970021e+000	  8.4032781e-001	  1.1670108e+000	 -1.4365249e+000	 -8.8316491e-002	 -1.2748191e+000	  5.6140549e-001	 -3.0435123e-002	 -5.7432382e-001	
  5.5926031e-001	  1.7576090e+000	  1.4010355e+000	 -1.1444777e+000	 -1.5957932e+000	  1.1987448e+000	  5.4714677e-001	  1.6468200e+000	 -2.6295104e-002	  2.8717169e-001	  1.5009203e+000	
