 -8.2519098e-001	 -9.7993411e-001	 -1.0663405e+000	 -1.1184853e-001	 -1.4654153e+000	 -5.9690906e-001	 -9.5140667e-001	  6.4236027e-001	 -1.3394121e+000	 -1.3199375e+000	  9.3437086e-001	
 -4.6194017e-001	  6.7617121e-001	 -1.0533173e+000	 -2.6582791e-001	 -5.7417473e-001	  5.8091964e-001	 -5.3630634e-001	 -8.3272035e-001	 -1.2769976e+000	 -1.6498638e-001	  2.1313687e+000	
 -5.7201618e-001	 -2.6614959e-001	  5.4340340e-002	  1.5329313e+000	  1.0442287e+000	  1.7366443e+000	  1.9176647e-001	 -6.6266093e-001	  9.2198271e-001	 -9.1857625e-001	 -1.7136024e-001	
  9.1767903e-001	 -1.3944300e+000	  8.4944111e-001	 -3.4281760e-001	  1.0442287e+000	 -1.0430510e-001	 -7.2079537e-001	 -1.8575517e-001	 -4.2879060e-002	  9.8365720e-001	  2.8146297e-001	
  8.8098703e-001	  1.7526979e-001	  1.4971741e+000	 -7.6976044e-001	  1.4022165e+000	 -1.1179325e+000	 -1.3401514e+000	 -3.3363292e-001	  1.5702492e+000	 -4.3388849e-001	 -8.4532967e-001	
 -8.6922138e-001	 -5.1033903e-001	  2.0283836e+000	  2.3658198e+000	  1.8273271e+000	 -4.3902318e-001	  1.3316452e+000	 -5.1478317e-001	  2.0439994e-002	  8.5418581e-001	 -1.7650171e+000	
  1.4753974e+000	  2.1868730e-002	  8.8611924e-002	 -1.3086883e+000	 -1.1335307e+000	 -9.1674229e-002	  1.5552755e-001	  6.4236027e-001	 -1.3394121e+000	 -1.1741992e+000	  9.1681957e-001	
  2.6823063e-001	 -1.4526598e+000	 -1.0663405e+000	 -1.3086883e+000	 -1.8454045e+000	 -8.5584191e-001	 -5.7583970e-001	  1.2079927e+000	 -1.3394121e+000	 -1.2704728e+000	 -1.5428178e+000	
  7.4889583e-001	  4.0652533e-002	 -1.0163040e+000	  1.0162289e-001	  1.5551071e+000	 -1.7368452e+000	  7.3535024e-001	  3.9466503e-001	 -1.0782963e+000	 -1.6124101e+000	 -1.5029869e-001	
  1.4753974e+000	  3.1927895e-001	 -1.0663405e+000	 -1.3086883e+000	  4.4385321e-001	 -1.1084593e+000	  3.9829865e-003	  1.0970844e+000	 -6.8511518e-001	  1.0059595e-001	  3.5744952e-002	
 -4.5460177e-001	 -1.4487152e+000	  1.2024384e+000	 -7.6276138e-001	  2.9469160e-001	  2.7777874e-001	 -8.9869552e-001	  1.4667788e+000	  8.3454211e-001	  5.7532436e-001	 -1.7155225e+000	
 -1.2911794e+000	 -8.6723129e-001	  5.8897706e-001	 -1.3086883e+000	 -1.7585179e+000	 -1.4962271e+000	 -2.1667282e+000	 -1.4852310e+000	  1.7723003e-001	 -4.2724894e-001	  5.4473228e-001	
  9.6904784e-001	 -1.1458577e+000	  2.8063486e+000	  1.3369575e+000	  2.8350448e-001	 -5.6533188e-001	 -8.4598436e-001	  2.2090867e-001	  1.7360848e+000	 -3.6085335e-001	  7.6236825e-001	
 -1.2486167e+000	 -3.2250099e-001	 -5.0771365e-001	  2.5407963e+000	 -9.0978834e-001	  1.3103524e+000	  1.6281454e+000	  7.3478387e-001	 -3.8359587e-001	  1.6177350e+000	  6.7812207e-001	
  1.2552454e+000	 -1.2072181e+000	 -1.0663405e+000	 -1.3086883e+000	 -2.8703864e-001	 -1.3768653e+000	 -3.5550379e-002	  4.6490696e-001	 -1.3394121e+000	  1.1230879e+000	 -4.7324238e-001	
 -2.8214937e-001	 -6.6060945e-001	 -1.0663405e+000	 -4.1280823e-001	 -1.3610022e+000	 -7.8952984e-001	  1.4564421e-001	  7.2738998e-001	 -1.0755827e+000	 -6.1979612e-001	 -2.3454487e-001	
 -1.2911794e+000	 -9.3923587e-001	 -1.0663405e+000	 -7.9775669e-001	 -9.3962066e-001	 -2.6534870e-001	  3.9931664e-001	 -1.6205391e+000	 -4.7103647e-001	 -1.6124101e+000	 -1.7650171e+000	
 -1.2911794e+000	 -7.1696086e-001	  4.3132777e-001	 -2.5182978e-001	 -5.5180049e-001	  5.1776529e-001	 -7.8338987e-001	 -7.4846848e-002	 -1.2727130e-002	  3.0642225e-001	 -5.2238598e-001	
 -6.5273858e-001	  4.0067543e-001	  6.5066592e-001	 -7.6853211e-002	  1.8683465e+000	  1.9892617e+000	  7.1228911e-001	  4.7599780e-001	  1.2988818e+000	 -5.8659833e-001	 -4.7324238e-001	
  3.7902836e-004	 -1.5698877e-002	  1.1602919e-001	 -1.3086883e+000	 -1.1745502e+000	  5.6513105e-001	 -1.6403381e-001	  5.0557335e-001	  3.2500766e-002	  1.5247812e+000	  6.9918361e-001	
  1.0094090e+000	  4.9146381e-001	  1.2983989e+000	  1.1339847e+000	  7.4590545e-001	  2.6830559e-001	 -6.5820088e-001	 -2.0054294e-001	  2.5864024e-001	 -1.7162594e-001	 -8.2777838e-001	
  1.3980863e-001	  6.9495501e-001	  1.0070904e+000	 -2.3083259e-001	  1.0964352e+000	  5.7460421e-001	  1.9246456e+000	  6.0169389e-001	  1.7360848e+000	  2.2674755e-001	  1.1414761e+000	
 -5.1697818e-001	  1.9597311e+000	 -7.1677032e-001	 -1.3086883e+000	 -1.7346520e+000	 -6.6006342e-001	 -5.9231194e-001	  1.1000035e-001	  8.6774240e-002	  2.5662557e-001	 -1.2139067e+000	
 -1.2911794e+000	 -5.3538410e-001	  9.3512007e-001	 -1.1638077e+000	  2.8723352e-001	 -1.1526674e+000	  1.4963675e+000	 -8.1793257e-001	 -5.1324917e-001	  1.0301341e+000	 -7.6583287e-002	
  9.4336344e-001	  1.6560596e+000	 -6.9620737e-001	 -1.0834899e-001	 -4.1755505e-001	 -1.4763334e+000	  7.5182248e-001	  1.3743552e+000	 -4.2882377e-001	 -7.5352347e-002	  1.7803429e+000	
  1.1304926e+000	 -1.6283867e-001	 -1.0663405e+000	  6.1605402e-001	  5.8928577e-001	 -4.0428828e-001	  1.0281640e-001	  9.1515628e-002	 -1.3394121e+000	  6.5831884e-001	 -1.5965248e+000	
 -4.4726337e-001	  8.9844621e-001	 -1.0663405e+000	  1.0499959e+000	  2.8350448e-001	  2.7777874e-001	  9.3631151e-001	 -1.8205822e-001	  7.3805594e-001	  1.1496462e+000	 -1.3788888e+000	
 -4.8762458e-001	 -8.1087988e-001	 -1.0663405e+000	 -1.6784103e-001	  1.3873003e+000	 -8.7163050e-001	  5.7721678e-001	  1.9133311e-001	 -1.3394121e+000	 -1.6124101e+000	  6.1493743e-001	
 -1.2911794e+000	 -3.9137494e-001	 -1.0337139e+000	  1.4011774e-001	  1.0964352e+000	 -3.0639903e-001	  7.9755270e-002	 -1.3133231e+000	 -9.4140658e-001	 -1.4729794e+000	 -1.7650171e+000	
  2.0844846e+000	  7.5443705e-001	 -2.7809403e-001	 -1.3284571e-001	  4.0283377e-001	 -4.1150746e-002	  2.8730544e-001	  1.6405351e+000	 -3.3535278e-001	  2.2717315e+000	  9.1330932e-001	
  1.4313670e+000	  1.2115096e+000	  1.7747739e+000	 -1.3086883e+000	 -8.1283329e-001	 -6.1901309e-001	  5.5745010e-001	  1.7033832e+000	  4.5161260e-001	  7.6123200e-001	 -6.4875525e-001	
 -6.4906938e-001	 -3.4128480e-001	 -1.0615425e+000	  1.8443896e+000	  1.1523708e+000	  1.3198256e+000	 -1.5345238e+000	  1.6775046e+000	 -5.6752265e-001	  6.6827818e-001	  3.9028096e-001	
 -1.2911794e+000	 -1.2062789e+000	 -6.8592589e-001	  1.1654805e+000	 -1.3787704e-001	 -9.1268083e-001	 -9.4481777e-001	 -1.4072254e+000	  7.8328383e-001	 -1.0523036e-001	  1.0431888e+000	
 -1.2070457e-001	 -3.4482680e-002	  1.8457236e-001	 -3.7081385e-001	  1.4469650e+000	  1.9252036e-001	 -2.0616353e+000	 -2.8557265e-001	 -1.3394121e+000	 -9.4181470e-001	 -9.5765791e-001	
 -1.0552498e+000	 -1.1176820e+000	  1.4697568e+000	 -1.1739563e+000	  4.0656281e-001	  1.4199688e-001	 -1.0473377e-001	 -1.7222051e+000	  5.8428109e-001	 -6.6295325e-001	  9.6596318e-001	
  1.5634582e+000	 -3.4482680e-002	 -1.0663405e+000	  5.8455824e-001	 -2.6839344e-001	  1.2945638e+000	  8.7042257e-001	  1.1229630e+000	 -1.3394121e+000	  2.0682888e-001	  8.7820674e-001	
 -6.1971578e-001	  1.3210818e+000	 -1.0663405e+000	 -1.3086883e+000	 -1.4978580e+000	  1.9261074e+000	  1.0680894e+000	  1.4852635e+000	  2.2547312e-001	  1.2226813e+000	  2.5689117e-001	
  2.6456143e-001	  1.4150008e+000	  3.1137723e-001	  9.1124300e-002	  2.6858832e-001	 -1.3452882e+000	  1.4564421e-001	 -1.7497103e+000	  7.5614709e-001	  4.6245187e-001	  8.4888556e-002	
 -1.0387384e+000	 -1.0988982e+000	 -9.4090649e-001	  7.0127111e-002	 -1.6477654e+000	 -1.7179620e+000	 -4.6712295e-001	 -1.5739576e+000	 -1.3394121e+000	  3.9273651e-001	 -1.7650171e+000	
 -1.0321339e+000	 -1.4526598e+000	 -1.0663405e+000	 -1.2540956e+000	 -1.2230277e+000	 -1.7368452e+000	 -1.7025406e+000	 -1.5185034e+000	 -8.5999637e-001	 -1.6124101e+000	 -1.3894196e+000	
  1.0678583e-001	 -1.4526598e+000	 -1.0663405e+000	  2.0310931e-001	 -1.0291176e+000	 -2.5903327e-001	  4.2567221e-001	 -7.8835702e-001	  2.3753389e-001	  2.0393470e+000	  1.1169042e+000	
 -4.1790977e-001	 -1.0926369e+000	  2.1551885e+000	  9.0651513e-001	  4.1116880e-002	 -1.5656969e+000	 -6.3843420e-001	 -1.6405026e+000	 -3.8962626e-001	 -1.6124101e+000	 -1.7074489e+000	
  8.7731783e-001	  4.0067543e-001	  9.0770280e-001	 -3.1359301e-002	  1.2828872e+000	  3.2830223e-001	  4.9485560e-001	 -2.1163377e-001	  1.8868445e+000	  1.3711352e-001	 -4.1356800e-001	
  1.4607206e+000	  3.4391265e-002	 -3.1236562e-001	 -2.4833025e-001	 -2.3110304e-001	  5.9896221e-002	  1.9506092e-001	 -5.4435872e-001	  7.1393439e-001	 -1.2973630e+000	 -4.4516032e-001	
 -7.6281458e-001	 -1.2494817e+000	 -9.7449264e-001	 -3.3630497e-003	 -1.7447204e+000	 -3.3166077e-001	  8.1441697e-001	  2.0612089e-001	 -3.2630721e-001	  5.8528370e-001	  3.5166812e-001	
 -1.8675017e-001	 -1.8475310e-001	 -1.0663405e+000	  1.3894505e+000	  2.8723352e-001	 -2.7166414e-001	 -1.2610847e+000	  8.3829830e-001	 -1.1606111e+000	 -8.1234331e-001	  9.5419328e-002	
 -1.2437377e-001	  2.2727945e+000	 -1.0663405e+000	 -5.3179230e-001	 -1.6421718e+000	  9.9142294e-001	  1.7599233e+000	 -4.8151068e-001	 -3.4439836e-001	 -5.1688297e-001	  3.9028096e-001	
  2.1945606e+000	  1.6153614e+000	 -7.4795746e-001	 -8.2925248e-001	  2.9469160e-001	 -2.6534870e-001	  1.6610899e+000	  2.8745366e-001	 -2.9314008e-001	 -5.2352253e-001	  1.0946036e-001	
 -3.9956377e-001	 -9.3923587e-001	 -2.6438540e-001	 -6.3677824e-001	  1.3276357e+000	  8.4932565e-001	 -5.0995076e-001	  7.1260221e-001	  6.5667889e-002	  1.2890769e+000	  2.0611635e+000	
 -8.3619858e-001	 -1.2119141e+000	 -1.0663405e+000	 -1.3086883e+000	  4.2520801e-001	 -1.7368452e+000	  1.7928678e+000	 -1.0323553e+000	 -1.3394121e+000	 -1.4862585e+000	 -1.5119276e+000	
 -6.4173098e-001	  2.8797261e-001	 -1.0663405e+000	 -4.6530120e-001	  3.6181433e-001	 -2.4008696e-001	 -4.0782290e-001	 -2.5230016e-001	 -5.1927956e-001	 -1.6124101e+000	 -1.1577426e+000	
  2.7449406e+000	  1.1833339e+000	 -8.8195936e-001	  9.5550857e-001	 -1.9754168e-001	 -2.3377153e-001	  1.0680894e+000	  8.2351052e-001	  2.2185157e+000	  1.6542526e+000	 -1.8189101e-001	
  3.9665263e-001	 -1.3437138e+000	  1.8193270e+000	  3.1007214e+000	  9.6591882e-001	 -7.2637549e-001	  5.0105246e-002	  3.2072615e-001	  4.5462779e-001	  4.9564966e-001	  9.5419328e-002	
  8.4796423e-001	  1.2803835e+000	  1.5715509e-001	  1.5784252e+000	  1.1299966e+000	  4.7039952e-001	 -1.5085603e-001	  9.5212572e-002	  6.5363053e-001	  4.8237055e-001	  4.9207842e-001	
 -2.3811897e-001	  7.2626135e-001	 -4.0147174e-001	 -3.8481198e-001	 -1.2826923e+000	  4.2619147e-001	  8.5065589e-001	 -1.1181629e-001	 -1.0016773e-001	  1.2923967e+000	  6.0440666e-001	
  1.4680590e+000	 -1.3153233e-001	  5.4785116e-001	 -3.3231901e-001	  2.2756888e-001	  8.7458739e-001	 -7.6362319e-001	  1.1081752e+000	 -8.1476848e-001	 -7.2032568e-002	  9.4841189e-001	
 -1.8675017e-001	 -1.4526598e+000	  1.7096579e+000	  8.7151982e-001	  7.0115697e-001	 -6.5690570e-001	  6.9252243e-001	 -1.3392017e+000	  1.3471249e+000	 -2.2474241e-001	  1.0853119e+000	
 -1.2911794e+000	 -3.6319924e-001	  2.6339701e-001	 -2.7982604e-001	  1.6044616e-001	 -2.8519875e-002	  1.5293120e+000	 -1.3392017e+000	  8.6469404e-001	  4.9896944e-001	 -1.7650171e+000	
  5.2507463e-001	 -9.4376088e-003	  1.5657172e+000	  1.2984627e+000	  3.9910473e-001	  2.6208053e+000	 -8.1303989e-001	 -1.8205822e-001	  1.1149551e+000	 -1.2276543e-002	  6.6759129e-001	
  3.6729903e-001	 -1.8475310e-001	  2.0068755e-002	 -8.7351805e-002	  2.7977544e-001	 -5.1165068e-001	 -4.5065071e-001	 -2.8926959e-001	 -4.5294531e-001	  1.7405668e+000	  5.1665022e-001	
  1.4130210e+000	 -3.2563163e-001	 -8.4665963e-001	 -1.3086883e+000	 -1.3871055e+000	  6.5670487e-001	  5.0473894e-001	 -7.8466008e-001	 -1.3394121e+000	 -1.3936366e+000	 -1.0115509e-001	
  2.2349218e+000	  2.4727437e-001	 -8.1855693e-001	 -2.6232838e-001	 -6.9350401e-001	  4.5776865e-001	  2.9059988e-001	  1.6922923e+000	 -1.0077408e+000	 -2.2806219e-001	  6.0089640e-001	
 -7.3346098e-001	 -1.4526598e+000	 -1.0663405e+000	 -1.0063288e+000	 -3.4297425e-001	  7.3880553e-001	  1.7269788e+000	 -6.6635787e-001	 -1.3394121e+000	  4.5249254e-001	 -1.7650171e+000	
 -1.2911794e+000	 -9.7054220e-001	  4.0631706e-002	 -3.9531057e-001	 -2.9449673e-001	 -4.2955002e-001	 -2.7933946e-001	 -6.8114565e-001	  1.1089578e-001	  1.2990362e+000	  8.1502211e-001	
  8.4062583e-001	  6.6051804e-001	  6.9521898e-001	 -1.0134993e-001	  7.8319585e-001	  4.6408409e-001	 -2.4240245e+000	 -5.2665184e-002	  9.9133215e-001	  6.5499906e-001	  1.1800889e+000	
 -3.2901717e-003	  3.2554021e-001	  1.1715940e+000	  5.3906433e-001	  1.4208617e+000	 -6.6412487e-002	 -3.8476177e-001	  5.6842139e-001	 -4.6802128e-001	 -8.9533779e-001	  5.0962971e-001	
 -1.2911794e+000	 -1.4526598e+000	  7.9117941e-001	  1.6204196e+000	  1.6417520e-001	 -1.0389895e+000	 -1.2413180e+000	 -1.2356872e+000	  1.7662368e+000	 -1.6124101e+000	 -4.2760903e-001	
 -1.2911794e+000	 -9.5801967e-001	  2.3608180e+000	 -2.5182978e-001	  1.5551071e+000	  1.5156041e+000	  1.8917012e+000	  2.1721172e-001	  4.5764298e-001	  4.3223524e-003	  1.1379658e+000	
 -1.2634035e+000	 -1.2369591e+000	 -6.6193578e-001	  1.3311868e-001	  1.1486418e+000	  2.2418792e+000	  6.5628351e-001	  1.0490241e+000	  4.1546345e-002	 -4.0733026e-001	 -3.6091414e-001	
 -1.2911794e+000	 -5.4477600e-001	 -4.9400502e-001	 -1.3086883e+000	 -4.9213585e-001	 -3.0955675e-001	 -5.2312855e-001	 -1.0471431e+000	 -1.0137712e+000	 -1.6124101e+000	 -1.3999503e+000	
 -9.2499322e-001	  2.3475183e-001	 -1.0663405e+000	  1.4559416e+000	  8.0184105e-001	 -9.4831947e-002	 -6.6808422e-001	  1.2005988e+000	  1.0064081e+000	 -6.6627303e-001	  1.4047454e+000	
 -3.3351817e-001	  1.4369152e+000	 -4.6316059e-001	 -6.4377731e-001	 -2.3483208e-001	  1.6725862e-001	  1.3316452e+000	  6.1940077e-002	  1.4345655e+000	  4.8569033e-001	  4.6750662e-001	
 -4.1790977e-001	  5.3216205e-001	  8.5629543e-001	  8.5402216e-001	  1.5439200e+000	 -4.1376143e-001	 -4.0782290e-001	  1.4741727e+000	 -3.5947433e-001	 -5.3348187e-001	  4.3591430e-001	
 -3.9589457e-001	  1.2476828e-002	  1.0036632e+000	  3.8858447e-001	  8.8387993e-001	 -4.0744600e-001	  5.4756676e-001	 -1.4952127e+000	 -3.1424643e-001	  6.7398156e-002	  1.3403216e-001	
 -1.2911794e+000	 -1.4526598e+000	 -4.6658775e-001	 -9.0974170e-001	 -4.3247121e-001	  7.5684810e-002	  3.6927457e-002	 -1.4878573e-001	 -1.3394121e+000	  2.4666623e-001	 -1.7650171e+000	
 -1.2497174e+000	 -2.3171261e-001	 -2.1983234e-001	 -4.4430401e-001	 -3.6907753e-001	  3.7566799e-001	 -5.5936747e-001	 -1.5218307e+000	  9.0690675e-001	  1.0391573e-001	  3.2709632e-001	
 -6.1604658e-001	  3.7876099e-001	  1.3737964e+000	 -4.5830214e-001	  9.3235746e-001	  2.3988613e-001	 -5.8611508e-002	 -8.7708368e-001	  1.3561705e+000	  1.6741713e+000	  2.7795272e-001	
 -3.2251057e-001	  1.0639584e-001	 -2.8494835e-001	 -1.3086883e+000	 -1.1923184e-001	  1.6734900e+000	  1.1010339e+000	 -2.4120932e-001	  2.6470380e-002	 -7.2270928e-001	  1.4807319e-001	
  3.6362983e-001	 -5.6669044e-001	 -8.4803049e-001	 -1.3086883e+000	 -1.7409914e+000	  4.9566126e-001	 -1.7391716e-001	  1.4593849e+000	 -1.3394121e+000	 -6.0983679e-001	 -3.1177054e-001	
  8.9566383e-001	  4.5702684e-001	  3.3879449e-001	 -1.3984478e-001	 -3.0195481e-001	  1.3419296e+000	  1.6281454e+000	  1.9215029e+000	  4.3653663e-001	 -1.1741992e+000	  6.8865284e-001	
 -3.9222537e-001	  1.4713522e+000	  1.0893422e+000	  1.1562102e-001	  8.0184105e-001	  7.4512096e-001	  3.3013325e-001	 -4.4084429e-001	  7.3504074e-001	 -1.4533927e+000	  1.2350139e-001	
 -2.0876537e-001	  1.2866448e+000	 -8.7784677e-001	 -1.1225132e+000	 -1.6145769e+000	 -3.8218426e-001	  1.1269974e-001	 -1.5495578e+000	 -1.3394121e+000	 -4.6708628e-001	 -1.6498807e+000	
  7.7432229e-002	 -1.9727564e-001	  1.2024384e+000	  6.1605402e-001	  6.9742793e-001	 -3.8534198e-001	  6.2004459e-001	  1.1377508e+000	 -1.0318292e-001	  2.4045227e+000	  7.5885799e-001	
  1.4347783e-001	  2.1788755e+000	 -3.3978289e-001	  4.8307182e-001	 -1.0514919e+000	  7.2617466e-001	 -1.8709494e-001	  8.4199524e-001	  9.5816503e-001	 -1.6830616e-001	 -8.5586044e-001	
  2.4254623e-001	  3.3806275e-001	 -1.8213360e-001	  1.2074748e+000	  3.6554337e-001	  1.5471813e+000	  1.9176647e-001	  1.2523560e+000	 -7.4541904e-001	  3.4293982e-001	  2.1664712e+000	
  7.9659543e-001	  7.3565325e-001	 -1.1016327e-001	 -1.3086883e+000	 -4.3992929e-001	 -9.6004660e-001	  1.6870534e-001	  1.1369729e-001	  1.0365600e+000	  4.9896944e-001	 -3.4460197e-002	
  1.5055828e-002	 -4.4772635e-001	  1.2641273e+000	  7.8753106e-001	  1.1569768e-001	 -1.2031909e+000	 -9.8764559e-001	  2.9484754e-001	  8.3759047e-002	  2.1721381e+000	  1.4082556e+000	
  5.1039783e-001	 -1.3153233e-001	  1.0242262e+000	  4.2357979e-001	 -7.0096209e-001	 -1.5508556e+000	 -2.4240245e+000	  1.3218201e-001	  3.5814161e-001	  1.6699153e-001	 -2.0646281e-001	
 -9.5397990e-001	  1.1520276e+000	 -1.3415338e-001	  1.3159603e+000	  1.2455968e+000	  8.1774847e-001	 -6.7137867e-001	 -6.7452960e-002	  1.1571678e+000	  6.0520238e-001	  9.1681957e-001	
  1.7799410e+000	 -4.2581191e-001	 -1.0663405e+000	  1.3648173e-004	 -8.3893657e-001	  6.4723171e-001	 -1.0008234e+000	  1.4113246e+000	 -1.3394121e+000	 -3.8834776e-002	 -8.2075787e-001	
  8.7364863e-001	 -3.4441543e-001	  1.8799952e-001	  1.4139472e+000	 -1.8499278e+000	  1.7682215e+000	  5.2780007e-001	  1.6516260e+000	 -6.0973535e-001	  6.4503973e-001	 -8.6639122e-001	
  6.7918103e-001	  2.6171642e+000	 -1.0663405e+000	 -1.3086883e+000	 -7.6062673e-001	  1.5156041e+000	  7.9135584e-001	  1.6175756e-001	 -1.3394121e+000	 -9.3517514e-001	 -1.2525195e+000	
  9.9447429e-002	  2.6292754e-001	 -9.6454634e-002	  6.9304371e-001	 -3.0941289e-001	 -9.5057344e-001	 -2.0418687e+000	 -9.3993172e-001	 -1.9966910e-001	 -1.1011641e+000	  5.2016048e-001	
 -8.4353698e-001	  5.6346839e-001	  6.1296717e-001	 -1.7361176e-002	 -4.8380081e-002	 -3.7902654e-001	  3.1036657e-001	 -1.2061117e+000	  1.9773003e+000	  9.4381985e-001	 -5.9032000e-002	
 -1.1891756e+000	 -7.4826720e-001	  2.1198963e-001	  2.2060696e-001	  3.1706585e-001	 -6.8216744e-001	 -1.6135905e+000	  3.6061470e-002	  5.7222032e-001	 -3.0773689e-001	 -4.2409878e-001	
  1.9484663e-001	  1.8031994e+000	 -9.0217960e-001	  5.0406901e-001	  1.3649261e+000	 -2.7482186e-001	 -6.5161198e-001	 -1.6793205e+000	  1.4737630e+000	 -1.1186992e-001	  3.0954503e-001	
 -2.0876537e-001	  1.1395050e+000	  8.0488805e-001	  2.6960040e-001	 -5.9281993e-001	 -7.3584864e-001	 -3.0898949e-001	  7.2738998e-001	  2.3391234e+000	  6.3176061e-001	  5.7983486e-001	
  1.6221654e+000	  1.8031994e+000	  9.6596450e-001	  1.5889238e+000	  1.1896612e+000	  7.2301694e-001	  1.5293120e+000	  9.3441884e-001	  5.6920513e-001	 -1.3510837e-001	  1.4503787e+000	
 -9.0958258e-001	 -1.6596930e-001	 -2.3011382e-001	 -5.0379605e-001	 -9.3962066e-001	 -1.4798069e+000	 -2.8263391e-001	 -4.8520762e-001	 -9.1122149e-002	  5.0799260e-002	  6.0791692e-001	
  1.2589146e+000	  8.0139656e-001	 -4.9400502e-001	 -8.7351805e-002	 -7.1960729e-001	  1.8313759e+000	 -7.6362319e-001	 -1.4974309e+000	 -8.0873809e-001	 -1.5834683e-001	  2.0423731e-001	
