  1.7097509e+000	 -8.4695838e-001	  4.2488275e-001	  2.0005347e+000	  7.4004912e-001	 -3.6271062e-001	  8.0753629e-001	  1.3009029e+000	  1.0395893e+000	  3.1877572e-001	  2.6493475e+000	
 -1.1280099e+000	 -4.7583477e-001	 -1.2546772e+000	 -7.7474915e-001	 -1.3334253e+000	 -8.7716042e-001	 -8.0895306e-001	 -3.6753447e-001	 -1.3194586e+000	  1.8397626e+000	 -6.8543064e-001	
 -8.4028253e-001	 -3.2798878e-001	  1.6845527e+000	  1.3104845e+000	  1.4303812e+000	 -1.4562839e+000	 -1.9398715e+000	 -2.8721583e-001	  1.3289497e+000	 -2.8902605e-001	  1.0276635e+000	
  2.4497240e+000	  1.7287722e-001	 -4.1489724e-001	  4.1304218e-001	  1.5719878e+000	 -9.5359296e-001	 -8.4640069e-001	  6.0724182e-001	  1.5695756e+000	  1.6915183e+000	 -5.9402048e-001	
 -2.6590537e-001	 -4.7281751e-001	  1.3466725e+000	 -1.4503121e-001	  6.4446468e-001	 -9.6829153e-001	  1.9277104e-001	 -1.4848362e-001	  7.4718314e-001	 -2.7123673e-001	  1.3188218e+000	
 -1.1280099e+000	 -1.3840316e+000	 -1.2546772e+000	 -1.2913441e+000	 -7.4188753e-002	 -7.6251161e-001	 -7.9959115e-001	 -1.5967748e+000	 -1.4763224e+000	 -8.5235452e-001	 -1.7518825e+000	
 -1.1862918e-001	 -1.3840316e+000	 -1.2546772e+000	  1.0503017e+000	  6.3877669e-002	 -5.5085226e-001	 -4.7504503e-001	 -4.3690058e-001	 -4.1939578e-001	  9.0479447e-002	  8.7192768e-001	
 -1.1280099e+000	 -1.3840316e+000	 -6.8716966e-001	 -5.4850318e-001	  2.8476023e-002	 -1.4562839e+000	 -5.4057838e-001	 -1.7216338e+000	 -1.3532681e+000	 -1.5402082e+000	 -8.9194989e-001	
  8.6201475e-001	  1.2922826e+000	  1.5828606e+000	 -8.6147677e-001	  5.4534007e-001	  8.3669233e-001	 -7.9647051e-001	  1.4723503e-001	  5.1874079e-001	  1.4543273e+000	 -2.8593437e-001	
  7.5344346e-002	 -5.6936999e-001	  4.5768665e-001	 -4.1275560e-001	  1.5967690e+000	  1.5716206e+000	 -9.1206823e-002	  1.4359842e+000	  3.5121640e-001	  1.6915183e+000	  1.4339309e+000	
  1.0128830e+000	  7.9141656e-001	 -1.2546772e+000	  1.6498535e+000	  9.8432049e-001	  2.4829317e+000	  8.2001883e-001	  8.9200793e-001	  1.1553335e+000	  7.3385986e-001	  1.0208924e+000	
 -2.4435276e-001	 -1.1175950e-002	 -8.8399309e-001	  1.3777625e-001	  2.1610475e-001	 -5.3027427e-001	  4.7050762e-001	 -9.8087686e-001	 -1.4763224e+000	 -1.5402082e+000	 -1.0815413e+000	
 -9.2002720e-001	 -1.3840316e+000	 -1.2546772e+000	 -9.1690703e-001	 -1.1114570e+000	 -8.0366759e-001	 -1.7510730e+000	  1.6805910e+000	 -1.3490038e+000	  5.7375598e-001	 -8.0731086e-001	
  1.4080143e+000	  4.2331022e-001	  1.8485723e+000	  1.2727769e+000	  9.8078032e-001	 -3.9798718e-001	 -1.2957722e+000	 -1.4919955e+000	  2.2396731e+000	 -4.5802459e-001	  3.3700896e-001	
 -9.0278511e-001	  9.0607264e-001	 -3.8209333e-001	  4.4697907e-001	 -8.8488647e-001	 -1.4001354e+000	 -7.4029907e-001	 -1.7038871e-001	  1.1461958e+000	  3.4146600e-002	 -7.8022636e-001	
  1.0164751e+000	  1.3435761e+000	 -3.7553255e-001	  2.9237766e-001	 -1.5313559e+000	  2.1641286e-001	  1.3035832e-001	  1.4615401e+000	  6.2534722e-001	 -7.3968883e-001	  2.5575548e-001	
 -4.8502361e-001	 -2.4350536e-001	  5.1017290e-001	 -1.2913441e+000	 -8.3178400e-001	  1.8138030e-003	 -1.5579056e+000	 -6.5230058e-001	 -4.4376297e-001	 -2.8309628e-001	 -1.7518825e+000	
  1.6127641e+000	 -1.4193215e-002	  1.8541424e-001	 -1.2913441e+000	  8.8165571e-001	 -1.3119440e+000	 -7.4966098e-001	  1.1072656e-001	  1.2581995e-001	 -4.5209482e-001	  2.1851430e-001	
  2.0510006e+000	  1.8996701e-002	 -4.5098153e-001	  1.9552855e+000	  1.4516222e+000	  1.0189545e+000	 -7.7150543e-001	  6.2184521e-001	  1.5665297e+000	 -1.3839587e+000	  1.5761245e+000	
  1.6514690e-001	 -3.3402331e-001	 -5.6907559e-001	  2.1319157e-001	 -4.2820522e-001	 -1.4562839e+000	 -7.5603644e-002	  5.8898758e-001	 -1.2506213e+000	  3.1581084e-001	 -1.2342742e-001	
  6.6085702e-001	  5.0477638e-001	 -1.0982092e-001	 -3.8258947e-001	 -2.5119699e-001	 -1.2459386e-001	 -5.7802601e-001	  9.7597742e-001	 -1.4763224e+000	 -5.6476051e-001	 -9.0887770e-001	
  1.9647902e+000	 -2.9279540e-002	 -7.8886176e-001	  1.6794238e-001	 -7.8222169e-001	  5.2508274e-001	  2.5206312e-001	 -4.9166329e-001	 -6.2042505e-001	  8.4356067e-001	 -1.7518825e+000	
 -4.7424731e-001	 -3.3402331e-001	 -3.6897177e-001	  5.0354057e-001	 -7.7160120e-001	 -2.6863980e-001	  3.4880283e-001	 -1.2473887e+000	 -1.5135676e-001	 -1.4554125e+000	 -4.6536914e-001	
 -1.4736600e-001	  5.2186617e-002	  4.3144353e-001	 -7.6343685e-001	  5.7012122e-001	  1.6304149e+000	 -4.7517921e-002	  3.5898419e-001	 -1.0894933e+000	  1.4009594e+000	 -2.2160870e-001	
  5.3872554e-001	 -7.4738863e-001	  3.4943376e-001	  1.3670460e+000	  1.9437051e+000	 -1.4562839e+000	 -8.3703878e-001	 -1.0027819e+000	  9.5360974e-002	 -9.3537135e-001	  1.7788756e-001	
 -6.8258924e-001	  1.1112467e+000	  2.3209485e+000	 -3.6373564e-001	  5.2763924e-001	  1.3658407e+000	 -1.9432199e-002	  3.6993673e-001	  1.1614253e+000	 -7.7823235e-001	  1.0039646e+000	
  1.4000219e-001	  1.9047874e+000	 -1.1464243e+000	  1.9967639e+000	 -1.1822603e+000	 -9.4771354e-001	 -1.2708072e+000	 -6.4514127e-002	  1.0852778e+000	  1.3475914e+000	  2.1851430e-001	
 -8.4710752e-001	  1.4823703e+000	 -6.8388926e-001	 -2.5438342e-001	 -9.1320778e-001	  2.1007690e+000	  3.0823456e-001	 -1.5529647e+000	  2.9943614e-001	 -7.5451326e-001	 -9.9351674e-001	
 -6.8618134e-001	 -3.2296805e-002	 -4.8706583e-001	 -1.2913441e+000	  3.3647035e-001	  2.8990569e-001	  1.8810350e+000	  1.3009029e+000	 -1.4763224e+000	  2.5058333e-001	 -7.4637075e-001	
 -1.3658969e-001	 -1.3840316e+000	  4.9927544e-003	 -1.2913441e+000	 -3.5386176e-001	 -9.3301497e-001	 -6.7788635e-001	 -1.1305616e+000	 -1.3529635e+000	 -8.1084611e-001	 -1.1255536e+000	
  6.0975937e-002	  1.0207287e+000	 -4.9690700e-001	  2.5467000e-001	  2.6920722e-001	 -1.4562839e+000	 -1.3082548e+000	 -1.0684972e+000	 -5.3209401e-001	 -1.2111058e+000	 -8.1746754e-001	
  3.9863355e-001	 -1.3840316e+000	  2.0509658e-001	 -1.2913441e+000	 -1.1822603e+000	 -1.4562839e+000	 -1.5610263e+000	 -1.0392904e+000	 -7.4530687e-001	 -8.1084611e-001	 -1.5043980e+000	
  1.7951531e-001	  3.7805125e-001	  2.8054556e-001	  9.4472020e-001	  2.1256459e-001	  1.1277239e+000	  4.9859334e-001	  1.1220113e+000	 -1.1443195e+000	 -7.8519094e-002	 -1.2203494e+000	
  6.3571230e-001	 -2.5557442e-001	 -1.0181611e+000	 -1.2913441e+000	  4.9223760e-001	  9.7485885e-001	  8.7931091e-001	  7.8978420e-001	 -1.4763224e+000	  9.7105079e-001	  1.0513624e+000	
 -2.6590537e-001	  8.8796904e-001	 -8.3577791e-002	  1.7214980e+000	 -1.8039369e-001	 -1.5105128e-001	  1.6625905e+000	  7.4218080e-002	  2.2938048e-001	  8.8210419e-001	 -6.6850283e-001	
 -1.0547310e+000	  1.0659877e+000	  8.8741782e-001	 -5.5128601e-003	 -3.9634374e-001	  4.3689135e-001	  1.3817333e+000	 -1.3022938e-001	  1.6846253e-001	  2.6244288e-001	 -7.9376861e-001	
 -6.2511560e-001	 -1.3064878e+000	 -7.2981473e-001	  1.7171315e-001	 -3.1491995e-001	 -6.5080251e-001	  1.8186223e+000	 -4.6245651e-001	 -3.8893680e-001	  3.9289789e-001	  1.8804425e-001	
 -1.0809534e+000	 -1.3840316e+000	  9.8254914e-001	  2.5844077e-001	 -4.7776753e-001	 -8.4482358e-001	 -7.0909271e-001	 -1.1524667e+000	 -8.3668381e-001	 -1.2595728e-001	 -2.9947662e-001	
 -7.6161549e-001	 -1.1574350e+000	 -1.0699912e+000	 -1.2913441e+000	 -9.2028811e-001	  1.6512369e-002	  5.2979970e-001	  2.7136385e-001	  4.8219002e-001	  8.2280646e-001	 -6.9258433e-002	
  1.1996724e+000	  5.5305262e-001	 -2.8696201e-001	 -1.2913441e+000	 -1.1468587e+000	  2.4535345e+000	 -1.0149150e+000	 -2.3610396e-001	 -9.5851973e-001	 -1.5560615e-001	 -5.3985149e-001	
 -8.4495226e-001	 -1.0772843e-001	  8.4805313e-001	  1.7893718e+000	  1.1613287e+000	 -2.9509722e-001	 -1.9730844e-001	 -3.4562939e-001	  1.9350834e+000	 -1.5560615e-001	 -4.4844133e-001	
  1.7133430e+000	  5.9227707e-001	 -2.0823263e-001	 -2.1290500e-001	 -2.8305847e-001	  4.8980618e-001	  8.8243155e-001	  1.1658215e+000	  1.3228579e+000	  4.0772232e-001	 -8.6486540e-001	
 -3.1260270e-001	 -8.9221735e-001	 -6.3468341e-001	  1.0352186e+000	  1.2760063e-001	 -8.4482358e-001	 -2.0354971e-001	 -7.2531753e-001	 -2.2750421e-001	  4.7887960e-001	  8.6177100e-001	
 -9.1032852e-001	 -6.2368076e-001	 -5.6251481e-001	 -1.2913441e+000	 -7.7868153e-001	  4.3101192e-001	 -1.4737827e-001	  7.3867233e-001	 -1.4763224e+000	 -7.3079417e-001	 -8.6186241e-002	
  5.0639662e-001	  1.3667004e-001	 -1.2419165e+000	 -1.2913441e+000	 -1.3858198e+000	 -2.1278525e-001	  3.8937109e-001	 -4.3324973e-001	 -6.0519556e-001	 -4.6988414e-001	 -6.8543064e-001	
  2.5494946e-001	  1.4270457e-001	 -6.9373044e-001	 -1.2913441e+000	 -1.1928808e+000	  1.0689297e+000	  9.3860299e-001	  6.9121132e-001	 -1.2950915e+000	 -4.9360323e-001	 -2.1483758e-001	
 -6.8258924e-001	 -1.4997014e-001	  1.0668486e-001	  2.7352383e-001	 -3.3970110e-001	 -1.3001851e+000	 -1.1491024e+000	 -1.7413484e+000	  4.9132771e-001	 -2.8013139e-001	  1.2646528e+000	
 -1.1280099e+000	 -3.7023049e-001	 -1.0447322e+000	  5.0354057e-001	  4.0373348e-001	 -8.0366759e-001	 -1.0398801e+000	 -1.7508406e+000	 -4.4985476e-001	 -1.5402082e+000	 -3.4010336e-001	
 -1.0798758e+000	 -1.3840316e+000	  4.1176118e-001	 -6.5845118e-002	  1.7950182e+000	 -1.7456898e-001	 -4.9064821e-001	  3.9184182e-001	 -1.4763224e+000	 -2.5937718e-001	 -2.2160870e-001	
  5.9979128e-001	 -2.2841904e-001	  5.7479004e-002	 -2.3175883e-001	 -1.1326980e+000	 -6.8313935e-001	 -5.6242283e-001	  1.1220113e+000	 -3.1888115e-001	  4.3041260e-002	  1.3255929e+000	
  7.0944020e-003	  1.4763357e+000	  5.7479004e-002	 -5.5981548e-001	 -9.5922992e-001	  1.6010177e+000	  8.3548782e-002	 -2.6896159e-001	  3.5121640e-001	  1.9583581e+000	  8.8208437e-001	
 -9.5846270e-001	 -4.4566212e-001	  3.9535923e-001	  2.2871129e+000	  1.4976444e+000	 -4.5090202e-001	 -5.2809583e-001	  8.4454691e-001	  8.5074367e-001	 -5.7764887e-002	  3.9079537e-002	
 -1.1280099e+000	  1.8444421e+000	  4.4456509e-001	  4.4697907e-001	  7.4498164e-002	  5.9269614e-001	  5.5476479e-001	 -1.4483277e-001	  8.0200930e-001	  1.4681229e-001	  1.4339309e+000	
 -1.1280099e+000	 -1.0491151e+000	  2.2881446e+000	  5.6764359e-001	  1.5401263e+000	 -1.4562839e+000	  1.6468531e-001	 -1.3788192e+000	 -7.6053636e-001	 -1.5402082e+000	 -1.4204361e+000	
  1.2284092e+000	 -1.3840316e+000	  1.4833926e-002	 -1.2913441e+000	 -1.2233262e+000	  7.6319950e-001	  1.0509459e+000	  3.1517402e-001	 -1.1290900e+000	 -2.8116020e-002	  1.3696052e+000	
 -1.1280099e+000	  5.2891450e-001	  3.8879845e-001	 -8.2753987e-001	 -1.3373195e+000	  2.3111143e-001	 -8.6512450e-001	 -1.6256165e+000	  8.4465188e-001	  1.6025717e+000	  1.0005790e+000	
  1.4690800e+000	  3.8710304e-001	  2.2881446e+000	 -6.9179229e-001	 -4.8484786e-001	  3.7090360e-002	  2.0370668e+000	 -2.6165989e-001	  6.4901994e-002	 -1.5402082e+000	 -8.4793759e-001	
 -7.4365498e-001	  3.1167141e-001	  5.8562188e-001	 -8.7655983e-001	  1.4764034e+000	  4.9274589e-001	  1.1008761e+000	 -9.0785991e-001	  9.3813658e-004	  1.2467853e+000	  1.1461582e+000	
  7.1114645e-001	  1.3948696e+000	  3.8551806e-001	  1.0163648e+000	  6.3384418e-001	 -1.5693071e-001	  1.2569078e+000	  5.5963842e-002	  3.8167538e-001	 -9.6798510e-001	  6.1462500e-001	
  1.4439353e+000	  7.2503673e-001	 -1.0083199e+000	  7.8257726e-001	  6.6216550e-001	  1.1277239e+000	  1.1008761e+000	  1.1840757e+000	  1.1126909e+000	 -7.2486439e-001	 -1.1357103e+000	
 -5.3890515e-001	  1.2983171e+000	 -4.4213104e-002	 -4.5046326e-001	 -1.5393213e+000	  1.1189048e+000	  3.2695837e-001	  1.1840757e+000	  7.7764212e-001	 -2.0897411e-001	 -1.1153970e+000	
  8.4764634e-001	  1.1896956e+000	 -1.2238087e+000	 -1.2913441e+000	 -9.3798894e-001	 -5.6261112e-001	  2.9263138e-001	 -4.8801244e-001	 -1.4763224e+000	 -1.2549861e+000	 -1.1594093e+000	
  1.3146196e+000	  5.3193177e-001	 -6.0844028e-001	  9.4094944e-001	  1.8424327e-001	  1.3599613e+000	  1.7562096e+000	  3.0422148e-001	 -1.0042082e+000	 -2.8309628e-001	  2.1512874e-001	
 -5.4608935e-001	  6.3150151e-001	 -1.2546772e+000	  1.0540724e+000	  2.4935858e-002	  5.9563585e-001	  1.9589167e-001	  9.7962827e-001	  1.0548188e+000	  8.1391180e-001	 -2.3515095e-001	
  1.7708166e+000	 -1.3840316e+000	 -1.1966209e-001	 -1.2457178e+000	 -7.9638235e-001	  8.8666745e-001	  1.9746541e+000	  1.0380418e+000	 -8.1231662e-001	  4.3144142e-001	  7.1280629e-001	
 -1.1280099e+000	 -1.5298741e-001	 -2.4431693e-001	 -6.6916770e-001	 -1.2282824e+000	  9.5134114e-001	  2.7390757e-001	  2.8961809e-001	  1.7827885e+000	  5.6782620e-001	  8.2114426e-001	
  6.1415969e-001	 -8.0169940e-001	 -2.4759732e-001	  1.1445708e+000	  1.4516222e+000	  5.2508274e-001	  8.6994900e-001	  1.2532995e-001	 -3.8589091e-001	 -4.5802459e-001	 -1.8098196e-001	
  1.0380278e+000	  6.3753604e-001	 -3.1320513e-001	 -9.0295520e-001	 -5.9105280e-001	 -3.6402468e-002	 -7.8398797e-001	 -1.3277074e+000	 -3.6761552e-001	 -8.4049497e-001	 -6.1771941e-001	
  6.8160141e-002	  4.0218937e-001	 -3.7553255e-001	 -1.2913441e+000	 -4.7422736e-001	 -3.1273550e-001	  8.5122519e-001	  1.5053503e+000	  1.7150842e-001	  1.4543273e+000	 -9.3934776e-001	
  2.6213367e-001	  1.7891175e-001	  2.6161836e+000	  1.0691555e+000	  1.1365476e+000	  8.0435549e-001	  9.4484426e-001	  6.2549606e-001	  6.1316363e-001	 -1.4666790e+000	 -8.6486540e-001	
 -1.0191692e+000	  1.6684269e-001	  1.5828606e+000	  3.0368996e-001	  1.2073509e+000	 -1.4562839e+000	 -1.5674017e-001	 -1.2875481e+000	  1.4111889e+000	  1.0155241e+000	 -2.8593437e-001	
 -1.1280099e+000	 -1.3840316e+000	 -3.4371932e-002	 -1.2913441e+000	 -8.4809247e-002	 -9.5065325e-001	 -9.9619121e-001	 -6.1005663e-003	 -4.1704435e-002	 -6.0626893e-001	 -2.5246133e-002	
 -1.1280099e+000	  2.3623979e-001	  6.6763165e-001	 -3.5996488e-001	  5.7012122e-001	 -9.5196730e-002	 -5.8738792e-001	 -1.4408837e+000	 -7.2163415e-002	  8.1584787e-002	 -1.7518825e+000	
  1.5552905e+000	  8.5376533e-002	  1.7557306e-001	 -5.3719088e-001	  1.8941428e+000	  2.3065489e+000	  2.6454566e-001	  1.7317029e+000	 -2.6474945e-002	  2.2093446e-001	  1.1995045e-002	
  5.0280452e-001	  3.1720387e+000	  2.7802032e+000	  1.4531778e-001	  1.8056387e+000	 -3.1567521e-001	 -5.0001011e-001	  1.4358418e-001	  2.6051809e+000	  2.0176558e+000	  4.5850660e-002	
 -2.9823429e-001	 -1.3840316e+000	 -1.2546772e+000	 -1.2913441e+000	 -1.1291578e+000	 -3.1273550e-001	 -6.6852445e-001	 -3.5658193e-001	  4.0908847e-001	  1.4839762e+000	  1.2748095e+000	
 -7.8747863e-001	 -8.1376846e-001	 -3.6897177e-001	 -1.2913441e+000	 -1.4258236e+000	 -1.4562839e+000	 -3.9702913e-001	 -1.1853243e+000	  1.4325102e+000	 -1.8525502e-001	  5.8754051e-001	
 -1.1280099e+000	  4.5046561e-001	  6.2498657e-001	 -1.3371891e-001	  7.0110731e-001	 -8.4482358e-001	  2.0682732e+000	 -6.4134804e-001	  1.5665297e+000	  2.2251979e+000	  1.0208924e+000	
 -1.8050314e-002	  1.5909918e+000	 -4.7722466e-001	  1.1294877e+000	 -6.0028094e-002	 -6.3022452e-001	 -9.3065785e-001	 -1.8088891e+000	  5.0046540e-001	 -1.0391424e+000	  2.8961109e-001	
  9.5540941e-001	 -7.9868214e-001	  1.4932994e-001	  3.1123149e-001	 -1.1787201e+000	 -1.4811157e-001	 -5.0638557e-002	  2.6406215e-001	 -1.3003548e-001	  3.2470550e-001	  1.5591967e+000	
 -1.1280099e+000	 -1.3523503e+000	 -1.2546772e+000	  1.4462321e+000	 -1.2424431e+000	 -5.6849054e-001	 -1.6515247e+000	 -9.4071754e-001	 -1.1842208e+000	 -4.4912993e-001	 -1.4888244e+000	
  8.2250162e-001	 -1.3487296e+000	 -5.9859911e-001	 -1.2494886e+000	 -3.7156259e-001	  5.8975643e-001	  1.1632888e+000	  9.4311980e-001	 -6.6306762e-001	 -8.9682782e-001	  4.8935923e-001	
 -1.1280099e+000	 -9.7368351e-001	 -4.6082271e-001	 -1.8650963e-001	  2.0902442e-001	 -1.4562839e+000	 -7.4966098e-001	 -1.6781887e+000	  4.7305232e-001	  4.3440630e-001	  3.2308414e-002	
 -4.3195030e-002	 -1.1175950e-002	 -1.2546772e+000	 -2.5438342e-001	 -7.9992251e-001	  1.1940233e-001	 -8.9008959e-001	 -9.6262262e-001	 -1.0742638e+000	 -9.3240646e-001	 -8.7502209e-001	
  1.1781198e+000	  9.3926255e-001	  1.1039236e+000	  1.2124446e+000	 -3.8218308e-001	  1.1130254e+000	  3.3944092e-001	  1.4578893e+000	  4.3580708e-002	  1.3179425e+000	 -2.1145202e-001	
 -1.1280099e+000	  2.4529158e-001	 -1.2546772e+000	  1.9854516e+000	  7.8253110e-001	 -2.5394124e-001	 -1.2614452e+000	 -1.0064328e+000	 -3.1888115e-001	  4.3041260e-002	 -6.3464722e-001	
 -4.6787132e-002	 -2.4350536e-001	 -1.2546772e+000	 -2.2421729e-001	 -2.9367896e-001	  1.6304149e+000	  1.0010157e+000	  1.2826486e+000	 -9.7070332e-001	  7.4571941e-001	  1.0073501e+000	
 -1.1280099e+000	 -1.6505647e-001	  5.2329446e-001	 -1.2994814e-001	  1.0232623e+000	 -1.5105128e-001	 -1.3550643e+000	  1.6039232e+000	 -8.0927072e-001	 -6.0330404e-001	 -1.0679991e+000	
  1.1350145e+000	  1.1504711e+000	  3.0098305e+000	  1.0239063e+000	  1.8233395e+000	  1.1600608e+000	  8.6994900e-001	  1.0526452e+000	  8.4769777e-001	 -7.9305679e-001	  2.5139250e+000	
 -1.1280099e+000	 -1.1074570e-001	  6.2170618e-001	  1.2646395e-001	  2.8336788e-001	  2.0759372e-001	  2.9575202e-001	  1.2167910e-001	  1.3655004e+000	  2.3141445e+000	  1.2307972e+000	
 -1.1280099e+000	 -1.3104103e+000	 -2.7384044e-001	  4.3189601e-001	 -1.4725538e+000	  6.5149040e-001	  2.6766629e-001	  6.5470284e-001	 -4.4071707e-001	  1.1222600e+000	  3.6409345e-001	
  1.5983957e+000	 -9.0428641e-001	  2.4675098e-002	  3.2631456e-001	 -4.9192819e-001	 -5.9920173e-002	  1.2569078e+000	  1.6183842e-001	 -4.6203836e-001	 -5.5586585e-001	 -7.4637075e-001	
 -6.9336555e-001	  2.6591036e+000	 -8.2166567e-001	 -6.2768927e-001	  8.6749505e-001	  5.5447987e-001	  9.8541253e-001	  1.4834452e+000	 -8.1536252e-001	 -1.5402082e+000	  2.7606885e-001	
 -1.1280099e+000	 -1.0068734e+000	  6.3154735e-001	 -9.7196022e-001	  9.6307950e-001	 -1.4562839e+000	 -1.4954929e+000	 -9.1516161e-001	 -2.7623858e-001	 -1.5402082e+000	 -5.1953812e-001	
  9.3026469e-001	 -1.1175950e-002	 -1.2950326e-001	  2.4653269e-002	 -1.2608520e+000	  1.2159153e+000	 -9.6186421e-001	  8.1168928e-001	 -1.2280817e+000	 -8.6421407e-001	 -2.1145202e-001	
 -5.3890515e-001	 -6.8402606e-001	  1.4582058e+000	 -1.2913441e+000	 -7.3973971e-001	  2.3405114e-001	 -7.3717843e-001	  1.1402656e+000	  5.4919977e-001	 -6.0330404e-001	  1.6336790e+000	
  1.0703567e+000	  1.2711617e+000	  3.1662986e-001	  1.4462321e+000	  1.8693617e+000	  9.8824336e-002	  2.5051622e+000	  1.6367808e+000	  8.9947804e-001	  2.3575889e-001	  2.1415133e+000	
 -1.1280099e+000	 -1.0491151e+000	 -1.2546772e+000	  3.6025145e-001	 -1.2966076e+000	 -1.0888198e+000	 -1.0679658e+000	 -1.3532633e+000	  7.7764212e-001	  7.1607054e-001	  1.2274116e+000	
  1.4223827e+000	  1.6211645e+000	 -5.7891677e-001	 -2.5438342e-001	  1.0622041e+000	 -9.4477382e-001	  2.9263138e-001	  7.0581471e-001	 -4.5899246e-001	 -1.5402082e+000	 -1.2711328e+000	
 -1.1280099e+000	 -5.3618007e-001	  3.4287298e-001	  3.1500226e-001	 -7.3619955e-001	  1.0483517e+000	  1.3505269e+000	  5.4882826e-001	  7.1977006e-001	  1.5729228e+000	  6.0446832e-001	
