 -8.8410853e-001	 -2.4516936e-001	  7.4273491e-001	  1.2821253e-001	  1.0765784e+000	  5.7077428e-001	 -2.0240467e+000	 -7.4216365e-002	 -7.0940120e-001	  4.7033838e-001	  7.7156067e-001	
 -5.4569325e-001	 -4.1570610e-002	 -1.3180353e-001	  1.5296493e+000	  3.0865997e-002	  1.6701844e+000	 -3.0374118e-001	 -7.4113739e-001	  5.3316740e-001	 -1.8015769e-001	  5.8723467e-002	
  1.3548525e+000	  9.6730677e-001	  5.0018714e-001	  2.1735527e+000	  6.0298827e-001	 -1.5959658e+000	  4.6623346e-001	  8.8366372e-002	 -2.5456177e-001	  1.7746325e+000	  2.2017805e-001	
 -4.8841247e-002	  2.0339211e+000	 -1.1771503e+000	 -1.1251609e+000	 -1.5030574e+000	  4.3710740e-001	 -1.8618780e-001	  1.5051588e+000	 -3.0400084e-001	 -2.4289589e-001	 -1.2405530e-001	
 -1.1849993e+000	 -4.7611719e-001	 -6.2373140e-001	  1.5503093e+000	  5.4577604e-001	 -1.9781027e-001	 -1.9148103e+000	  1.0605448e+000	  1.9899720e+000	  6.1892885e-001	  6.1924503e-001	
 -6.6382589e-001	 -1.3999085e+000	  5.8559128e-001	 -1.1251609e+000	  1.1986279e-001	 -4.7851072e-001	 -7.4512092e-002	  6.1924878e-001	 -9.2034123e-001	  7.0808314e-001	 -1.2326085e+000	
 -1.0508840e+000	 -7.1958483e-002	 -4.1192913e-001	 -1.1251609e+000	 -1.0784155e+000	 -5.3531914e-001	 -2.0405924e+000	 -9.4685432e-001	 -1.4048441e+000	  6.5525097e-001	 -9.1305032e-001	
  1.2714648e+000	 -1.3999085e+000	 -1.1771503e+000	 -5.2602086e-001	 -1.1833046e+000	 -6.6564435e-001	 -2.0405924e+000	 -1.6698498e+000	  2.6619643e-001	 -1.7254986e+000	 -9.0086507e-001	
  1.2193474e+000	  1.8212060e+000	 -4.4609078e-001	  7.8588925e-001	  1.1369691e+000	  1.3594089e+000	  2.3970477e+000	  9.4109624e-001	 -7.8520778e-001	  2.6231172e-001	  1.0822846e+000	
  5.3834748e-001	  3.5043295e-001	 -4.1192913e-001	 -9.9741324e-001	 -1.4210532e+000	 -8.4193426e-002	 -1.9791707e+000	  1.5682011e+000	 -8.5442247e-001	 -2.0657378e-001	 -7.5314296e-002	
 -1.1849993e+000	 -1.3999085e+000	 -8.0137203e-001	 -6.0866087e-001	  1.2704643e+000	 -1.7717378e+000	 -1.3916645e-001	 -1.6695180e+000	 -1.4048441e+000	 -1.7254986e+000	 -5.7490960e-001	
  3.7157199e-001	 -8.4113632e-002	  2.3756621e+000	 -8.1830824e-002	  1.0161877e+000	  5.2815126e-002	  7.6893341e-001	  5.8275061e-001	  1.1923550e+000	  1.0580963e+000	 -3.9213083e-001	
 -6.1170855e-001	  8.6702679e-001	  4.5837088e-002	  2.1494494e+000	  1.2736427e+000	  6.0317179e-003	 -2.9198585e-001	 -8.7053997e-001	  1.1593956e+000	  1.4279214e+000	 -5.5358541e-001	
  1.8394955e-001	 -1.0686807e+000	  1.3405639e+000	 -1.1251609e+000	  1.4007810e+000	 -1.6173525e+000	 -4.1541689e-001	 -1.2156135e+000	 -1.4048441e+000	 -1.4326103e+000	 -4.9875178e-001	
  4.8275565e-001	  1.9241601e-001	 -1.1771503e+000	 -1.1251609e+000	 -8.4003124e-001	 -6.6898602e-001	 -7.6807704e-001	  8.0837564e-001	  1.0469547e-001	 -8.0753969e-001	 -2.2762994e-001	
  4.2716382e-001	  2.5623054e-001	 -1.5571669e-001	 -8.4349622e-001	  4.9936739e-002	  7.0444116e-001	 -2.0088198e-001	  2.0117888e-001	 -1.4249988e-001	  1.1142304e+000	  4.6388307e-001	
 -9.9737689e-001	 -3.6368206e-001	  2.1741084e+000	  2.5561587e-001	  1.2799996e+000	  3.2349056e-001	  4.5980123e-002	 -7.8560642e-003	 -2.8422521e-001	  4.9345245e-001	 -2.5809307e-001	
  1.8047506e-001	  8.3019668e-002	 -4.6658778e-001	  4.0023588e-001	 -7.5739136e-001	 -2.4459368e-001	 -5.5060328e-001	 -1.1028010e+000	  5.5294303e-001	 -1.7355367e-001	 -1.3724343e+000	
 -1.1849993e+000	 -1.4185059e-001	 -7.3304871e-001	 -4.0510820e-002	 -9.9895410e-001	 -1.0967200e+000	  2.3700437e-001	 -1.3051999e+000	  2.9585987e-001	 -6.8206329e-001	 -9.8006920e-001	
  3.8546994e-001	  3.0063330e+000	  2.4098238e+000	 -7.8186055e-001	  1.5164737e-001	  1.7036011e+000	  9.5701882e-001	  1.0572268e+000	  1.0638134e+000	  3.1284568e+000	 -9.8616183e-001	
 -1.1849993e+000	  6.4519532e-001	 -9.3733542e-001	 -5.3635086e-001	 -1.5405632e+000	  6.0419100e-001	 -2.0405924e+000	 -1.4150262e+000	  1.7823279e+000	  1.6755722e+000	 -1.5040350e+000	
 -5.2137182e-001	  2.5015297e-001	 -1.1771503e+000	  1.4573393e+000	  1.4103164e+000	  1.2190587e+000	  8.4240427e-001	 -9.0703814e-001	  3.7166644e-001	  1.7315743e-001	  5.1567039e-001	
 -1.4265246e-001	 -4.3965174e-001	  3.5670817e-001	 -1.1251609e+000	 -1.5380204e+000	  3.7361564e-001	  9.5701882e-001	  3.0403735e-001	  3.3541113e-001	  2.7982558e+000	  3.8467894e-001	
  7.0164849e-001	 -1.2969544e-001	 -9.8379528e-001	 -1.1970749e-001	  1.5279193e+000	 -1.0232033e+000	  2.2794943e+000	  1.9122484e-001	 -8.5771841e-001	  1.4343934e-001	 -3.2815826e-001	
  1.8482300e+000	  1.0429118e-001	 -1.1771503e+000	  3.5202921e-001	 -1.1356278e+000	  1.5097841e+000	 -4.5949941e-001	  5.8938664e-001	  5.2327959e-001	  7.4770726e-001	 -4.1345502e-001	
 -1.1849993e+000	 -3.0898389e-001	 -4.5292312e-001	  1.3643693e+000	 -5.2536399e-001	 -1.7717378e+000	  1.8704418e-001	 -8.3735982e-001	  6.4522929e-001	  1.3420692e+000	  1.6032041e+000	
  3.4377607e-001	  2.4289634e+000	  1.2141658e+000	  4.1400922e-001	  6.6337896e-001	 -2.6464371e-001	  1.9879952e-001	 -2.2020903e-001	  1.9240532e+000	  1.8306346e-001	 -1.1080143e+000	
  6.2520972e-001	 -7.1958483e-002	  1.5626147e+000	  1.0410919e-001	 -6.5250228e-001	  1.6643197e-001	  4.7798880e-001	  1.2961238e+000	  5.0679990e-001	  1.2991430e+000	 -9.8920814e-001	
 -1.0269100e+000	 -1.7223846e-001	 -4.0509679e-001	 -8.3385489e-001	  5.9472110e-002	  1.0118750e+000	 -2.5671983e-001	  2.4099506e-001	 -1.4909175e-001	  4.6703637e-001	  1.2102297e+000	
 -1.1849993e+000	 -9.7447830e-001	 -4.4950695e-001	 -1.0504406e+000	  1.7707502e-001	 -2.4793535e-001	  7.2429634e-002	 -1.4180125e+000	 -1.3277192e+000	 -3.8158034e-001	 -1.5040350e+000	
  1.3409546e+000	  3.1092871e-001	  5.9501751e-002	  6.2749590e-001	  2.9467793e-001	 -1.1568701e+000	  9.2763048e-001	 -8.3072379e-001	  1.9698173e-001	 -1.6445994e+000	 -1.1019217e+000	
  9.6570970e-001	  1.6692666e+000	  4.3186382e-001	  1.0475826e+000	  1.3626395e+000	  1.0185583e+000	 -2.0405924e+000	 -1.4866954e+000	  2.0229314e+000	 -6.0941906e-001	 -5.4444647e-001	
 -5.8391263e-001	 -4.1570610e-002	  1.4328004e+000	 -1.1251609e+000	 -1.3473130e+000	 -6.0549426e-001	 -2.0405924e+000	 -1.0430768e+000	  1.9240532e+000	  4.6043235e-001	 -8.3384619e-001	
 -1.1849993e+000	 -7.1010381e-001	  1.5591985e+000	 -1.1251609e+000	 -1.5348451e-001	  6.2089936e-001	  2.2231019e-001	 -3.1643146e-001	  2.5301268e-001	 -4.9054668e-001	 -7.3331786e-001	
  6.2868421e-001	  1.8937722e-001	 -1.7621369e-001	 -2.3333750e-001	 -9.9895410e-001	  6.8773280e-001	 -1.2796567e-002	  9.4109624e-001	 -1.7254235e-002	  2.6891574e-001	  4.2123469e-001	
  7.5724032e-001	 -7.3745290e-001	  1.1074424e-001	  2.9035394e+000	  7.1741273e-001	 -4.6848571e-001	  3.0459756e-001	  7.3206129e-001	  7.9684244e-001	  5.8921076e-001	 -5.1398334e-001	
  5.8867929e-002	 -1.2424993e+000	 -1.1771503e+000	  4.6221589e-001	  1.1623967e+000	 -1.4783390e+000	 -6.1231881e-001	  4.4007597e-001	 -1.4048441e+000	 -5.5988890e-001	  8.0507011e-001	
  4.1495481e-002	 -1.3999085e+000	 -1.1771503e+000	  9.8904594e-001	  3.5506862e-001	 -1.7717378e+000	 -1.3617216e+000	 -7.5109143e-001	 -1.4048441e+000	 -9.7264022e-001	 -8.7499548e-002	
 -1.1616855e+000	 -1.3485530e+000	 -3.5727047e-001	 -1.1251609e+000	 -1.0180248e+000	  3.9700734e-001	  2.8108688e-001	  7.4865136e-001	 -1.4048441e+000	 -1.7025166e-001	 -2.5809307e-001	
 -1.1849993e+000	  6.7862198e-001	 -6.0323441e-001	 -1.1251609e+000	 -1.0943078e+000	 -3.8160223e-001	  7.7481108e-001	 -4.6242412e-001	 -7.4895246e-001	 -1.4900653e+000	 -1.5040350e+000	
 -1.1849993e+000	 -1.3999085e+000	  3.2254652e-001	 -1.1251609e+000	 -4.6497331e-001	 -1.8778526e-001	 -1.0090615e+000	 -9.0040211e-001	 -1.4048441e+000	 -1.7254986e+000	 -1.5040350e+000	
 -3.7544326e-001	  3.1360285e-002	 -1.1771503e+000	 -8.6794389e-001	 -1.5774333e+000	  5.3735756e-001	 -7.2987219e-001	 -4.8565023e-001	 -1.3165130e+000	 -1.1740629e+000	  9.4520050e-001	
 -5.3526978e-001	 -5.1258264e-001	  2.8155253e-001	  5.0353589e-001	  8.1276644e-001	  1.1355169e+000	  1.6647234e-001	 -1.1724793e+000	 -1.7545926e-001	 -2.1647981e-001	 -8.6126300e-001	
  3.2276024e+000	  9.7034555e-001	 -7.7144880e-002	  1.8051160e+000	  9.6215392e-001	  3.6106766e-002	  4.9562180e-001	  1.1069970e+000	  4.3428926e-001	 -5.1379284e-002	 -6.6325267e-001	
  1.6710311e+000	 -6.0982383e-001	 -1.1771503e+000	 -9.3749923e-001	 -9.7352644e-001	 -1.0532783e+000	  2.3112670e-001	 -5.3542046e-001	 -1.4048441e+000	 -1.2301970e+000	 -3.8299189e-001	
 -1.0797223e+000	 -1.6919968e-001	  3.5588590e-002	 -1.1251609e+000	  6.2205901e-001	  1.5699342e+000	  6.6313537e-001	 -1.5384873e-001	 -8.9764870e-002	 -2.6931198e-001	  1.3564527e+000	
 -3.8586673e-001	  3.1700629e-001	 -1.1771503e+000	 -1.1251609e+000	 -7.8281902e-001	  1.7979866e-001	 -2.4790333e-001	  1.0937249e+000	 -1.4048441e+000	  4.7681032e-002	  4.4865151e-001	
 -2.7468307e-001	  9.4299647e-001	  1.5762794e+000	  9.6149927e-001	  7.3330501e-001	  3.6106766e-002	  7.7187225e-001	 -4.3256199e-001	 -5.0505305e-001	  5.7930473e-001	  2.8719693e-001	
  7.2596992e-001	  1.4170473e+000	  7.5298340e-001	  8.0918340e-004	  4.5042233e-001	  2.7729361e+000	  2.0173835e-001	 -1.5053071e-001	 -6.3029869e-001	 -7.7451959e-001	  2.6282643e-001	
  1.9784751e-001	 -6.4932807e-001	 -1.4888436e-001	 -1.0937749e-001	 -1.3009075e+000	 -1.0800117e+000	 -5.5354212e-001	 -1.1193911e+000	 -9.4341280e-001	 -1.4567150e+000	 -1.0288102e+000	
 -1.1849993e+000	  9.2476374e-001	  6.9750248e-002	  9.3779191e-002	  1.5088485e+000	  6.9775782e-001	  2.9284222e-001	  2.4431308e-001	  7.5729118e-001	  2.6891574e-001	 -1.4873717e+000	
  5.8699034e-001	 -6.1286262e-001	  5.3776496e-001	  1.2369660e+000	 -8.5592353e-001	 -7.8260287e-001	 -3.1549652e-001	 -5.8519068e-001	  1.2776703e-001	  7.7399127e-002	 -7.9729043e-001	
  1.2332454e+000	  6.8469955e-001	 -6.0323441e-001	 -1.1251609e+000	 -6.7475148e-001	  8.9157480e-001	  1.3390673e+000	  1.2330816e+000	 -7.7454542e-004	  1.3519752e+000	  2.3540961e-001	
  7.1207196e-001	  1.1314013e+000	 -1.1771503e+000	  3.1415254e-001	  5.5531141e-001	  9.3167486e-001	  7.8307303e-002	  5.4293443e-001	  1.1659875e+000	  8.0569057e-003	 -3.5557508e-001	
 -1.1849993e+000	  8.0017347e-001	  4.5837088e-002	 -2.7121417e-001	 -1.4938399e+000	  2.5056024e+000	 -6.1819648e-001	 -1.0596668e+000	 -1.0294862e-001	 -1.3754855e+000	 -1.5040350e+000	
  1.6397607e+000	  1.0125239e-001	 -2.2062384e-001	 -3.6418418e-001	 -1.3632402e-002	  6.6099943e-001	  6.5431887e-001	 -1.3062262e-001	 -1.1227118e+000	 -1.1245327e+000	 -7.9119781e-001	
 -4.1366265e-001	  4.4463535e-001	  1.3986387e+000	 -1.1251609e+000	 -3.7279805e-001	  3.0678220e-001	 -7.4512092e-002	  7.6192342e-001	 -4.2265460e-001	  9.4582789e-001	  1.8164460e+000	
  5.1402606e-001	 -1.3999085e+000	  8.3497138e-001	 -1.1251609e+000	  7.8098187e-001	 -8.6614467e-001	  4.4860045e-001	  1.5283849e+000	 -1.6227550e-001	  4.3731827e-001	  1.0761919e+000	
 -1.1849993e+000	  2.6230812e-001	  1.3576447e+000	 -4.0550419e-001	  1.5152055e+000	 -5.6539419e-001	  2.7814805e-001	 -2.1357300e-001	  1.4593260e+000	 -3.4869231e-002	 -3.8758543e-002	
 -1.0279524e+000	 -7.0706502e-001	 -1.8646219e-001	  4.4844256e-001	  9.3672626e-001	 -5.3197747e-001	 -4.3892757e-001	 -1.3815143e+000	  7.3751556e-001	 -4.7403663e-001	 -6.1755798e-001	
  4.0979137e-001	  5.5099291e-001	 -1.0333297e+000	  1.3678126e+000	 -9.0677884e-001	  4.4044908e-001	 -8.0628188e-001	 -1.7100973e+000	  2.0888501e+000	 -5.0045271e-001	  7.2891229e-001	
  4.0631688e-001	  7.0864519e-002	 -7.7062653e-001	  1.3574826e+000	  1.1795254e-002	  5.2064920e-001	  5.8966451e-001	  1.5814731e+000	  6.1226991e-001	  1.0580963e+000	  8.5685742e-001	
  1.2488323e-001	  5.3276019e-001	 -1.1771503e+000	  5.0697923e-001	  5.6802524e-001	  7.3451621e-001	 -4.6831592e-001	  1.4477263e-001	  4.3428926e-001	  2.4910367e-001	  1.0487751e+000	
  1.8933984e+000	 -5.3725759e-002	  3.5670817e-001	  2.8355852e-002	  6.9007482e-002	 -1.2638036e+000	 -1.8504498e+000	 -2.6002521e-001	  7.2762774e-001	  4.3731827e-001	 -6.3129045e-002	
 -6.9857079e-001	 -4.3053538e-001	 -7.6037804e-001	  9.5805593e-001	  1.3022488e+000	 -1.1535285e+000	  4.3041289e-002	 -6.0178076e-001	 -1.1942831e-001	  4.1750621e-001	  1.7448335e-001	
 -8.0975445e-001	 -6.5236685e-001	 -6.0323441e-001	 -3.7107085e-001	 -1.4496593e+000	 -5.7460050e-002	  1.4566207e+000	  1.2928058e+000	 -4.6917677e-002	  2.6891574e-001	  1.4417495e+000	
 -4.5535652e-001	 -2.3909178e-001	  6.6334082e-002	 -3.2975085e-001	 -1.0402740e+000	 -1.1535285e+000	 -2.2145382e-001	  1.5217489e+000	 -3.1718459e-001	 -3.5846626e-001	  4.8520726e-001	
  3.1250566e-001	 -2.6036329e-001	 -2.7528250e-001	  6.1372257e-001	  1.2895350e+000	 -8.1267792e-001	  1.1921256e+000	  1.2463536e+000	 -6.3397366e-002	  6.0902282e-001	  1.2254613e+000	
  1.3722250e+000	  7.4851408e-001	  8.9987853e-001	  6.2060924e-001	  8.9222787e-001	  6.7102444e-001	  5.3676549e-001	  1.3492121e+000	  2.8888896e-002	 -6.2262710e-001	  1.8469091e+000	
 -2.1214225e-001	  9.5174818e-002	 -1.1771503e+000	  2.1632227e+000	  5.3941913e-001	 -6.7485066e-002	 -2.8316934e-001	  3.6044361e-001	 -7.6543215e-001	 -1.4713759e-001	  5.1567039e-001	
  4.9317912e-001	 -1.3999085e+000	 -1.1771503e+000	 -1.1251609e+000	 -1.3937185e+000	 -1.7717378e+000	 -1.9248023e+000	 -1.5500695e+000	 -1.4048441e+000	 -1.7254986e+000	 -1.5040350e+000	
 -1.1849993e+000	 -1.3999085e+000	 -9.1513035e-001	 -5.8455753e-001	 -7.0971450e-001	 -5.4534416e-001	  1.2509023e+000	  1.2363996e+000	 -1.1734693e+000	  8.6657964e-001	  1.2269604e-001	
 -1.1089080e+000	 -4.8219477e-001	 -4.0168063e-001	 -1.1251609e+000	 -7.0017913e-001	 -1.1869452e+000	  1.0714109e-002	 -1.4146944e+000	 -6.6655401e-001	 -8.3065377e-001	 -1.4324467e+000	
 -4.2756061e-001	 -1.3172535e+000	 -1.0719324e+000	  5.5902522e-002	 -1.0466310e+000	 -9.6973650e-001	 -7.7395470e-001	 -1.4160216e+000	 -9.5659655e-001	 -1.5858236e+000	 -9.8311551e-001	
  6.5648013e-001	  3.2612265e-001	 -4.6317161e-001	 -1.0294362e+000	 -1.4200997e+000	 -5.2195246e-001	 -7.8277121e-001	 -1.8371086e-001	 -5.8085962e-001	  1.6425521e+000	  2.0296879e+000	
  1.1707046e+000	 -7.9518986e-001	  7.0857325e-001	  1.2610693e+000	  1.4675286e+000	  1.0653417e+000	  6.9490799e-002	  4.5334803e-001	  1.4428463e+000	 -1.7254986e+000	 -4.4696446e-001	
  1.5772199e+000	  2.5201271e+000	 -5.0074944e-001	  1.2645126e+000	 -4.2047491e-001	  5.9498470e-002	  9.3001475e-002	  3.2394544e-001	  1.5318366e+000	  5.3307658e-001	  1.1005624e+000	
 -1.1849993e+000	 -2.6340208e-001	  4.1819916e-001	 -5.4323753e-001	 -9.5445570e-001	 -1.2337286e+000	 -1.2794342e+000	 -1.6220704e+000	  5.6942272e-001	 -1.6138907e+000	  6.3143028e-001	
 -1.1849993e+000	 -1.3999085e+000	 -5.3832726e-001	 -8.8717491e-002	  9.9076003e-001	 -1.8778526e-001	  1.0157955e+000	 -1.2730461e-001	 -3.8310335e-001	  3.7458007e-001	 -2.3676888e-001	
 -2.8858102e-001	 -9.0191206e-002	 -1.1771503e+000	  1.3437093e+000	 -1.5736191e+000	 -7.7591953e-001	  5.6615383e-001	  3.0735536e-001	 -1.1856642e+000	 -8.4531469e-003	  3.7399278e-002	
 -4.4840754e-001	 -1.0139825e+000	 -2.2404001e-001	 -3.2975085e-001	  7.3012655e-001	 -1.7717378e+000	  2.9284222e-001	 -8.6722196e-001	  1.0799141e-001	 -1.7254986e+000	 -1.1293385e+000	
 -1.1849993e+000	  1.4717455e+000	  7.6582580e-002	 -6.6031087e-001	 -1.0561663e+000	  3.9448438e-002	  7.1603439e-001	  2.6090315e-001	  4.2440145e-001	 -9.1320403e-001	  7.7156067e-001	
  3.8199545e-001	 -9.9307568e-002	  7.4273491e-001	 -3.3663751e-001	  1.4802424e+000	  1.3969860e-001	  2.0443876e+000	 -7.5772746e-001	  5.1998365e-001	  2.6561373e-001	  1.5148610e+000	
 -5.8043814e-001	  2.6230812e-001	  1.3132346e+000	  1.7986253e-001	 -2.8697971e-001	  1.0285833e+000	  1.5153974e+000	 -4.7569618e-001	  9.9130278e-001	  1.2793310e+000	  7.8069960e-001	
  1.0403629e-001	 -1.3999085e+000	  8.3497138e-001	 -1.1251609e+000	 -1.4000754e+000	 -4.6848571e-001	  6.0674296e-002	  1.8688056e-002	 -1.4048441e+000	 -3.0233208e-001	 -1.1354312e+000	
  3.0538779e+000	 -1.2169735e+000	  1.8589988e-001	  9.6494260e-001	  1.2164305e+000	  5.0059917e-001	 -1.0296333e+000	  1.1003610e+000	 -2.3478614e-001	  3.6467404e-001	 -2.9619604e-002	
 -3.8934122e-001	 -1.9958755e-001	 -4.7683628e-001	 -1.1251609e+000	 -5.5714856e-001	  1.5306529e-001	 -7.2399452e-001	 -1.1857514e+000	 -1.4048441e+000	  5.1656653e-001	 -1.4233318e-001	
 -1.1849993e+000	 -1.3999085e+000	 -4.5633928e-001	  1.4779993e+000	  9.3354781e-001	 -5.7460050e-002	  5.1913248e-001	 -1.1824334e+000	 -2.1830645e-001	 -6.5234520e-001	  5.7659665e-001	
 -9.1781108e-001	 -2.6644087e-001	  8.9646237e-001	 -5.2257753e-001	  4.8856382e-001	 -1.6216967e+000	 -1.4798295e-001	 -7.5109143e-001	  7.0126024e-001	 -4.9715070e-001	 -2.0325943e-001	
  1.6328117e+000	  1.4869394e+000	 -1.1771503e+000	  1.1405526e+000	 -6.4614536e-001	  1.4162173e+000	  2.2207177e+000	  1.4885687e+000	  9.4845558e-001	 -1.7254986e+000	  3.9488649e+000	
 -1.2875451e-001	 -3.2721661e-001	 -2.4112084e-001	 -1.1251609e+000	 -6.2071770e-001	 -2.2788532e-001	  1.6329508e+000	  9.8754845e-001	  1.0275581e+000	  1.3651832e+000	 -1.0044397e+000	
 -6.2908100e-001	  6.6038925e-001	  3.0247336e+000	  1.5744127e+000	  1.5279193e+000	  4.0034901e-001	 -8.6267430e-002	  1.1600852e+000	 -1.3958297e-002	  2.5570769e-001	  1.1919518e+000	
  1.4243423e+000	  1.7418329e-001	 -1.1572340e+000	 -1.1251609e+000	  7.6191113e-001	  1.0352667e+000	  5.3088782e-001	  1.5317029e+000	 -1.4048441e+000	  5.0996250e-001	  8.1116273e-001	
  8.0935767e-001	  1.0098498e+000	  2.3073388e+000	 -4.0206085e-001	  1.2768212e+000	 -1.1201117e+000	  5.0443831e-001	 -1.5142349e+000	  2.2206876e+000	  7.4097116e-002	 -1.6670368e-001	
 -8.0111652e-002	 -1.1905361e+000	  1.4088872e+000	  5.5862923e-001	  5.7120370e-001	  2.8004882e-001	  1.0451839e+000	  2.3767705e-001	 -3.7651147e-001	 -5.5328488e-001	  2.9938218e-001	
 -6.5687691e-001	 -8.8939226e-001	  7.3931874e-001	 -3.7795752e-001	  6.1570210e-001	  7.5456624e-001	 -3.0374118e-001	  1.5715191e+000	 -1.0126275e+000	  8.7305158e-002	 -1.4978205e+000	
  6.0783727e-001	  1.2985346e+000	  2.6105553e-001	 -7.9150189e-001	 -3.9504725e-001	  2.4053522e+000	  1.6059467e-001	  1.2065374e+000	  1.8779101e+000	  1.1835727e+000	  9.9698781e-001	
  6.3910768e-001	  2.4593513e+000	 -5.4515959e-001	  2.8660587e-001	  2.6925028e-001	  7.8129962e-001	 -8.1803722e-001	  1.2098555e+000	  7.5032027e-002	 -4.1473252e-002	  9.7566362e-001	
 -5.0399937e-001	  9.6730677e-001	  1.8734858e+000	 -1.0249083e-001	  8.5726484e-001	  6.2758271e-001	 -4.1835573e-001	  7.9842159e-001	  1.1560997e+000	  3.8118409e-001	  1.0030804e+000	
 -4.9357591e-001	 -1.3999085e+000	 -1.1771503e+000	 -9.5058390e-001	 -1.5485093e+000	  4.1037403e-001	  1.5741741e+000	  1.4155724e+000	 -1.4048441e+000	  6.1562684e-001	  8.2030167e-001	
