  2.0985579e-001	  4.0521998e-002	  2.4778968e-001	 -2.6438225e-002	 -3.3857434e-001	 -8.1164427e-001	 -5.6177536e-001	 -3.1143147e-001	 -1.5394484e-001	  3.6486392e-001	 -6.3643684e-001	
 -7.2293301e-001	 -3.5492568e-001	 -1.4083762e+000	 -7.4624932e-001	 -1.2513596e+000	 -9.6983452e-001	 -5.0424222e-001	 -8.9002617e-001	 -5.9545538e-001	 -3.2803191e-001	 -6.6552536e-001	
  4.8318460e-001	  1.3249361e+000	  1.4662381e+000	  1.3970084e+000	  8.8427916e-001	  1.0054060e+000	  3.0122178e-001	  8.5225525e-002	  5.4691454e-001	 -1.0680614e-001	  7.3072336e-001	
 -1.2131894e+000	 -7.3139187e-001	 -1.5134746e+000	 -1.4781921e+000	 -1.5450534e+000	 -9.7838535e-001	 -1.7588483e+000	 -1.1834212e+000	 -1.0925407e+000	 -1.7722606e+000	 -1.1434081e+000	
  1.2742329e-001	  4.8658698e-001	 -1.3933622e+000	 -1.1987598e+000	 -9.8309826e-001	 -4.9098835e-001	  7.0011823e-001	 -5.5073693e-001	 -6.6646757e-001	 -4.9082069e-001	 -1.2348291e+000	
  9.9079524e-001	  3.7269805e-001	  1.0966613e+000	  1.4536228e+000	  1.0131839e+000	  1.3089602e+000	  8.7655320e-001	  6.5556583e-002	  9.0506295e-001	  4.1077870e-001	 -1.2946558e-001	
 -6.8388604e-001	  2.4299121e-001	 -1.7329109e+000	 -5.7236237e-001	 -7.7057956e-001	  6.1206802e-001	 -1.5904336e-001	 -1.3113283e-001	 -4.1946866e-001	  1.2694185e-001	 -1.7933161e-001	
 -3.2812473e-001	 -4.4666954e-001	 -1.6231927e+000	 -1.6393023e-001	 -6.0683565e-001	 -1.2605626e+000	  2.4368864e-001	 -6.5563795e-001	 -6.3250522e-001	 -2.2785420e-001	 -9.7303251e-001	
  1.6647026e-001	  4.4546042e-001	  1.5355338e+000	  2.6876520e-001	  7.2401915e-001	  6.0779261e-001	  4.6231458e-001	 -3.4093488e-001	 -2.8979424e-001	  6.2783040e-001	 -2.9733532e-002	
 -1.2855131e-001	  2.8411777e-001	  1.6117012e-001	  1.0856295e+000	 -1.9921781e-001	  7.7453369e-001	 -2.0963819e-002	 -1.8686150e-001	 -4.6269347e-001	  4.9008605e-001	 -1.9179811e-001	
 -4.9298972e-001	  1.6706525e-001	  6.2891573e-001	 -4.0251930e-001	  5.5107840e-002	  3.8547117e-001	 -1.7438553e-001	 -6.3596901e-001	 -5.8619292e-001	 -1.2463276e+000	 -3.7879571e-001	
  2.6191842e-001	  1.0845039e+000	  6.6933819e-001	  1.0654101e+000	  3.6169219e-001	  8.3866487e-001	  1.1680545e+000	 -2.2953655e-002	  2.9682815e-001	 -8.5935779e-002	  7.6396737e-001	
  1.2901554e+000	  7.2701916e-001	  1.7953924e+000	  1.2271654e+000	  5.3588785e-001	  5.6076308e-001	  8.9956646e-001	  5.9661801e-001	  5.7470192e-001	  1.3833373e+000	  6.6007982e-001	
  7.6952906e-001	  5.7200368e-001	  2.3624040e-001	  4.0221333e-001	 -6.0335173e-001	  5.0518272e-001	  5.0067001e-001	 -4.7861747e-001	  3.1535307e-001	  2.9807878e-001	  3.7335017e-001	
  3.4435091e-001	  4.4229684e-001	  8.6567585e-001	  1.3936096e-001	  1.1211852e+000	  3.8974658e-001	  1.0031261e+000	 -2.6553727e-001	  5.0060225e-001	  7.4470440e-001	  4.1074969e-001	
  5.0053881e-001	  1.1920656e+000	  2.8353468e-002	 -1.4775470e-001	 -9.5522696e-001	  1.5441079e+000	  5.9272303e-001	  1.1145078e-001	  2.4742837e-001	  3.7738613e-001	  2.0132494e-002	
  1.6068697e+000	  4.7393265e-001	  1.8426867e-001	  2.2023861e-001	 -4.9186651e-001	  1.1612020e-001	 -1.8762159e+000	  3.3764361e-001	  6.7658896e-001	  1.2247226e+000	  6.8085733e-001	
  4.7450749e-001	  5.4669502e-001	  6.8775928e-002	  1.1786388e+000	  2.8156219e-001	  3.4887364e-002	 -1.9233931e+000	 -4.3600143e-001	 -4.2795339e-002	  3.7738613e-001	 -2.3335314e-001	
  8.7365432e-001	  9.8959642e-001	  1.3969425e+000	  7.8233829e-001	  5.7072698e-001	  6.1634344e-001	 -1.9233931e+000	 -3.2847133e-003	  1.0841372e+000	  5.1930455e-001	  3.7335017e-001	
  8.8666998e-001	  7.3650991e-001	  1.3229694e-001	  1.1260683e+000	  5.5107840e-002	  3.2989081e-001	 -1.9187137e+000	 -6.0318744e-001	  1.1150120e+000	  7.1131183e-001	  8.5538842e-001	
  8.0857603e-001	  1.0307230e+000	  2.1891649e-001	  7.5807499e-001	  1.8401262e-001	  7.9163534e-001	 -1.8712297e+000	  4.9165798e-002	  5.9940181e-001	  6.1948226e-001	  8.7201043e-001	
  4.0652237e-002	  4.3685579e-002	 -4.2206823e-001	  5.4439427e-002	 -1.2374239e+000	  9.5410101e-001	 -1.9233931e+000	 -4.7533932e-001	 -2.5891938e-001	  3.1060099e-001	 -2.6659715e-001	
  3.0096539e-001	  8.7254391e-001	  6.0004254e-001	  5.5992475e-001	  1.7517735e+000	  5.6931390e-001	 -1.9233931e+000	 -1.8030519e-001	  1.7332870e-001	  4.8173791e-001	 -1.5024309e-001	
 -1.1524497e+000	 -8.5793512e-001	 -1.1323486e+000	 -1.0899793e+000	 -1.0492926e+000	 -1.1151985e+000	 -1.8876842e+000	 -1.1834212e+000	 -8.0849193e-001	 -1.5727400e+000	 -1.5427519e+000	
  5.0053881e-001	  1.1328437e-001	 -1.9108274e-001	  4.1030109e-001	  3.5472437e-001	  9.0279606e-001	 -1.9233931e+000	 -6.2291539e-002	  3.4005296e-001	 -1.3602463e-001	  9.2603196e-001	
  5.3958578e-001	  3.0942642e-001	  1.1255345e+000	  1.3282624e+000	  1.6263526e+000	  6.8475003e-001	 -1.9067085e+000	 -1.2457652e-001	  4.1724012e-001	 -2.4037642e-001	  1.4895306e-001	
  7.0878933e-001	  9.3265196e-001	 -4.0942177e-002	  5.1948592e-001	  1.3300883e-002	  2.8286128e-001	 -1.9233931e+000	  5.5722112e-002	  3.4622793e-001	 -1.9863570e-001	  5.1048174e-001	
 -6.5785472e-001	 -4.6565103e-001	 -1.7329109e+000	 -1.2080607e+000	 -1.5060336e+000	 -2.5584067e-001	 -1.9233931e+000	 -8.4249290e-001	 -1.2620437e+000	 -1.4182993e+000	 -7.5279090e-001	
  8.6931577e-001	  5.6884009e-001	 -9.2913911e-002	  4.9522263e-001	 -5.9289999e-001	  7.7453369e-001	 -1.9233386e+000	  6.2939958e-001	 -1.8095448e-002	 -1.7359128e-001	 -3.8044536e-002	
 -1.7620163e+000	 -1.4906514e+000	 -1.7329109e+000	 -1.5186309e+000	 -1.5965457e+000	 -1.8822075e+000	 -1.9208117e+000	 -9.3231440e-001	 -1.3179272e+000	 -1.1962387e+000	 -1.7418004e+000	
 -1.7902169e+000	 -1.3739153e+000	  2.4778968e-001	  6.6571074e-002	 -1.4347521e-001	 -1.9446285e+000	 -8.8396096e-001	 -1.1834212e+000	 -1.3179272e+000	 -1.4120382e+000	 -1.7418004e+000	
 -1.7902169e+000	 -9.2753391e-001	  1.8184910e+000	  4.3860827e-001	  1.4312535e+000	 -1.7090533e+000	  4.8075952e-002	 -1.1834212e+000	 -1.3179272e+000	 -1.7722606e+000	 -1.7383846e+000	
 -1.2435593e+000	 -8.4844438e-001	 -1.7375883e-001	  2.2023861e-001	  4.8140014e-002	 -1.0767198e+000	 -3.2013616e-001	 -1.1834212e+000	 -1.3179272e+000	 -1.7722606e+000	 -1.4467598e+000	
 -1.6548541e+000	 -1.2407285e+000	  1.4777874e+000	  9.7240077e-001	  1.6089331e+000	 -1.3631725e+000	 -7.7273021e-001	 -1.0667188e+000	 -1.2818036e+000	 -1.7722606e+000	 -1.7418004e+000	
 -1.2262051e+000	 -8.2313573e-001	 -3.5277258e-001	  9.9262018e-001	  2.9549784e-001	 -1.0510674e+000	  2.3985309e-001	 -1.0139405e+000	 -1.2771724e+000	 -1.2004128e+000	 -1.7014089e+000	
 -1.3711128e+000	 -4.6881461e-001	 -1.0053066e+000	 -1.4632297e+000	 -9.6219478e-001	 -1.0638936e+000	  5.1911495e-002	 -4.2288881e-001	 -1.2833473e+000	 -1.0501462e+000	 -1.4833282e+000	
 -1.4518098e+000	 -1.4906514e+000	  6.4623964e-001	 -1.5179858e-001	 -7.6025951e-003	 -1.9446285e+000	 -3.5849159e-001	 -1.1834212e+000	 -1.2956046e+000	 -1.7722606e+000	 -9.4809950e-001	
 -1.4118951e+000	 -6.1433935e-001	 -1.7023053e+000	 -9.8079451e-001	 -1.3712062e+000	 -5.2091623e-001	 -1.7438553e-001	 -7.8348607e-001	 -1.3173097e+000	 -1.2880683e+000	 -1.2888507e+000	
 -1.1654654e+000	 -9.5600615e-001	 -2.0840665e-001	  1.3531708e-001	 -2.5844434e-001	 -1.0467919e+000	 -7.4661419e-002	 -1.0211525e+000	 -1.3179272e+000	 -1.4688056e+000	 -1.7418004e+000	
 -1.1177413e+000	 -2.9165405e-001	 -1.0457290e+000	 -4.2273872e-001	 -1.0179374e+000	 -8.9099592e-002	 -2.5876747e-001	 -9.8443709e-001	 -1.3063182e+000	 -1.1920647e+000	 -1.7335725e+000	
 -1.7902169e+000	 -1.4906514e+000	 -3.2389940e-001	  5.4779310e-001	 -2.1663738e-001	 -1.4786086e+000	 -3.8150485e-001	 -1.1834212e+000	 -1.3179272e+000	 -1.7722606e+000	 -1.3432878e+000	
 -1.7902169e+000	 -1.4906514e+000	  9.8116859e-001	  9.8453242e-001	  1.3197683e+000	 -1.3118675e+000	  1.3245789e-001	 -1.1834212e+000	 -1.3179272e+000	 -1.6148981e+000	 -1.7418004e+000	
 -1.7593264e+000	 -1.4906514e+000	  8.5412658e-001	  7.9042606e-001	  6.0208220e-001	 -1.9446285e+000	 -7.7656576e-001	 -1.1086792e+000	 -1.2784073e+000	 -1.7722606e+000	 -1.7418004e+000	
 -1.7902169e+000	 -9.1804317e-001	 -1.1150247e+000	 -6.6537167e-001	 -6.2425521e-001	 -1.5585588e+000	 -2.8178073e-001	 -1.1834212e+000	 -1.3109803e+000	 -1.2713720e+000	 -1.3715452e+000	
 -1.5802310e+000	 -9.7498764e-001	 -1.6214604e+000	 -1.5184158e+000	 -1.4464587e+000	 -1.3888249e+000	 -1.5966048e+000	 -1.1834212e+000	 -1.2067777e+000	 -1.7722606e+000	 -1.4421887e+000	
 -1.5892118e-001	  2.4615479e-001	  9.8694323e-001	 -1.5186309e+000	  1.2152509e+000	 -8.3302133e-001	  1.0177355e-001	 -6.9169768e-001	 -4.2564364e-001	 -1.0417981e+000	 -1.8764261e-001	
 -2.6738499e-001	 -4.0237940e-001	 -1.7375883e-001	 -1.5186309e+000	 -9.8658217e-001	 -1.3246937e+000	 -6.9218381e-001	 -1.0431161e+000	 -8.6406669e-001	 -5.6177990e-001	 -7.1954688e-001	
 -1.2565750e+000	 -6.0168503e-001	  6.8775928e-002	 -1.4893127e+000	 -1.7134651e-001	 -5.0809000e-001	  5.8849808e-003	 -5.3762430e-001	 -5.7384298e-001	 -1.1098021e-001	 -3.7048471e-001	
 -2.1532236e-001	  5.4669502e-001	  4.7300053e-001	 -1.5186309e+000	 -2.8506074e-002	  3.6836952e-001	  3.7409709e-001	 -6.2291539e-002	 -9.8370091e-002	  6.4870076e-001	  3.4841716e-001	
  2.4022565e-001	  5.7200368e-001	 -5.7220879e-001	 -1.5186309e+000	 -9.3432348e-001	  4.0684823e-001	  2.0533321e-001	 -2.0325229e-001	 -6.2324276e-001	  9.3549285e-002	 -1.8764261e-001	
  4.3979907e-001	  4.9924130e-001	  1.2352526e+000	 -1.5080764e+000	  1.3580913e+000	  8.6431735e-001	  6.0806521e-001	 -3.2454410e-001	 -2.4348195e-001	 -3.1133563e-001	  3.2763965e-001	
  1.6647026e-001	 -2.9798121e-001	 -5.4911024e-001	 -1.5186309e+000	  9.1563437e-001	 -5.9359824e-001	  1.3444894e+000	 -2.3603386e-001	 -3.1758162e-001	  4.1495277e-001	 -2.1422528e-002	
 -1.7512567e+000	 -1.4906514e+000	 -1.5180944e+000	 -1.4515024e+000	 -1.1816813e+000	 -1.9446285e+000	 -1.2790219e+000	 -1.1834212e+000	 -1.3143766e+000	 -1.7722606e+000	 -6.4059234e-001	
 -5.4939091e-001	 -3.8972507e-001	  3.6328242e-001	 -1.5186309e+000	  1.6159009e+000	 -2.0453572e-001	  8.4586886e-001	 -5.5729324e-001	 -4.3490610e-001	 -5.8682433e-001	 -3.7048471e-001	
 -1.7902169e+000	 -3.7074359e-001	 -2.9502621e-001	 -1.5186309e+000	 -2.6192825e-001	 -1.0125886e+000	 -4.7355787e-001	 -9.5755621e-001	 -9.5669128e-001	 -1.0543203e+000	 -1.3669741e+000	
 -3.3680183e-001	  1.5757451e-001	  8.3102803e-001	 -1.5186309e+000	  3.4775654e-001	  6.8406597e-004	  5.4286098e-001	 -8.9658249e-001	 -9.7521619e-001	 -1.0835388e+000	 -1.2098961e+000	
 -1.1119710e-001	  2.1451898e-001	  2.3624040e-001	 -1.5186309e+000	  1.2849292e+000	  1.0329396e-001	  6.0039412e-001	 -1.2457652e-001	 -2.6509435e-001	  4.7634501e-002	  1.4064206e-001	
  6.6683552e-002	  3.3473507e-001	  1.6279279e+000	 -1.5118776e+000	  1.7761609e+000	  8.2156322e-001	  8.7271766e-001	 -2.0980860e-001	 -4.4108107e-001	 -1.9150639e-002	 -2.1673113e-001	
  5.0053881e-001	 -1.4720495e+000	  7.2708456e-001	  1.1584194e+000	  2.1536784e-001	 -9.7650417e-002	  7.1162486e-001	  1.9012655e-001	  7.6303858e-001	  1.3207262e+000	  1.0216085e+000	
 -4.0621867e-001	 -1.4906514e+000	 -5.0868778e-001	 -4.2678260e-001	 -9.0645217e-001	 -8.1164427e-001	 -2.0123433e-001	 -4.9500826e-001	 -1.4776987e-001	 -6.4943540e-001	 -8.5252295e-001	
  1.1874618e-001	 -1.4906514e+000	  7.7328166e-001	  1.1382000e+000	  1.6437722e+000	 -7.6273355e-002	  7.4230920e-001	  1.1472894e-001	  8.9580049e-001	 -2.7376899e-001	  1.0839410e+000	
  1.3335409e+000	 -1.4906514e+000	 -1.1601246e-001	  1.3127320e-001	  1.3093166e+000	 -9.8693617e-001	  2.8971515e-001	  4.0976306e-001	  3.0300312e-001	  1.0607150e-001	  8.9278794e-001	
 -9.2684498e-001	 -1.4816352e+000	 -1.2622779e+000	 -9.8483839e-001	 -1.0562604e+000	 -8.7150004e-001	  2.8898238e-002	 -6.8841952e-001	 -9.0111652e-001	 -1.4278997e+000	 -5.8241531e-001	
 -1.1784810e+000	 -1.4831537e+000	 -1.7329109e+000	 -9.4844345e-001	 -1.5262403e+000	 -8.8432628e-001	 -4.7812619e-002	 -8.8642020e-001	 -1.3179272e+000	 -8.5396489e-001	 -1.6894411e+000	
 -5.3203670e-001	 -1.4835650e+000	 -8.8403920e-001	 -3.7421213e-001	 -1.4123164e+000	 -8.7150004e-001	 -8.6094770e-001	 -6.7858505e-001	 -1.8173222e-001	 -6.9239494e-002	  6.9998519e-002	
  1.0573053e-001	 -1.4906514e+000	 -1.3304186e+000	 -1.3407001e+000	 -1.1538100e+000	 -1.1023723e+000	 -1.3292733e-002	 -3.1470963e-001	 -9.5282605e-002	  2.6051213e-001	  7.6659872e-003	
  1.3610039e-001	 -1.4492085e+000	  1.0215911e+000	  3.6177450e-001	  1.0445392e+000	 -6.2352613e-001	 -5.1648162e-002	 -9.5073108e-002	  7.7230104e-001	  5.1513048e-001	  4.6477122e-001	
  4.9329342e-002	 -1.4906514e+000	 -5.9530734e-001	  4.9117874e-001	 -1.9921781e-001	 -1.0724444e+000	 -5.0424222e-001	  9.8279146e-003	  4.2341509e-001	  7.0296369e-001	  3.1101764e-001	
  1.0139197e-001	 -1.4906514e+000	  8.0792948e-001	  2.1249073e+000	  1.6542239e+000	 -5.5084412e-001	  7.8450018e-001	 -2.9831884e-001	  5.5308951e-001	  9.9514868e-001	  3.8581668e-001	
  8.3894590e-001	 -1.4697401e+000	  1.4027171e+000	  8.8343535e-001	  1.4800283e+000	 -2.2163737e-001	  1.2102454e+000	  7.8347296e-001	  1.0347374e+000	  7.0713776e-001	  7.9305589e-001	
 -2.2399947e-001	 -1.4710056e+000	  9.3497149e-001	  4.5478380e-001	  1.5148674e+000	 -9.6128370e-001	  4.6231458e-001	 -2.6553727e-001	 -3.3532880e-002	 -2.7498781e-002	 -1.7933161e-001	
  2.1853289e-001	 -1.4686645e+000	  1.0919839e-001	  9.6835689e-001	  9.2260220e-001	 -1.0040378e+000	  3.3190612e-001	 -1.1802021e-001	  2.6286580e-001	  3.6068984e-001	  1.0631635e+000	
  1.9582925e+000	  1.4704608e+000	 -1.7329109e+000	 -5.4809908e-001	 -1.4447167e+000	  7.8735993e-001	  6.0806521e-001	  4.1304122e-001	  1.7695591e+000	  6.7791926e-001	  6.8085733e-001	
  3.6604368e-001	  1.1794113e+000	  7.6750702e-001	  5.8418804e-001	 -7.0090130e-001	  1.4158455e+000	  4.3930132e-001	  7.8019480e-001	  1.7448592e+000	  3.5234170e-001	  9.9667549e-001	
  1.5548071e+000	  9.7377852e-001	  1.4604635e+000	  1.6760363e+000	  1.2849292e+000	  9.9257972e-001	  1.3291473e+000	  6.9496272e-001	  1.8313088e+000	  1.5920409e+000	  1.1462736e+000	
  9.9513379e-001	  1.4831151e+000	  2.0668004e+000	  1.1220244e+000	  1.0898300e+000	  8.5149111e-001	  4.8149229e-001	  5.5728013e-001	  1.7572092e+000	  1.0911523e+000	  5.2710375e-001	
  8.1725314e-001	  1.5368960e+000	 -6.9815363e-002	  3.0516015e-001	 -3.2115477e-001	  7.8735993e-001	  7.3463812e-001	  4.2609484e-002	  1.7695591e+000	  7.0713776e-001	  9.2603196e-001	
  1.3075096e+000	  1.3945348e+000	  5.6539472e-001	  3.9008168e-001	  3.4775654e-001	  6.3772050e-001	  1.3521605e+000	  3.3764361e-001	  1.8004340e+000	  9.5340796e-001	  1.2584721e+000	
  8.9968564e-001	  3.9484312e-001	 -1.2756173e-001	  3.8199392e-001	  3.0246567e-001	  5.2655978e-001	  1.0990147e+000	 -9.8410272e-003	  1.7263343e+000	  1.4501224e+000	  1.2210726e+000	
  5.0053881e-001	  6.1313023e-001	  1.5759562e+000	  1.0937172e+000	  5.0801654e-001	  1.9307762e-001	  9.9545503e-001	  1.1472894e-001	  1.6985469e+000	  9.8680053e-001	  9.9087034e-002	
  1.1469831e+000	  1.5305688e+000	  1.1139852e+000	  1.5708954e+000	  1.2013152e+000	  1.2320028e+000	  9.1107309e-001	  6.0973064e-001	  1.8004340e+000	  9.5340796e-001	  1.4870247e+000	
  8.5196156e-001	  9.4846986e-001	 -6.4727907e-001	 -1.0091017e+000	 -1.1224548e+000	  1.2448290e+000	  5.0834109e-001	  2.5241153e-001	  1.8004340e+000	  5.7774155e-001	  6.3099131e-001	
  8.9100853e-001	  1.2901367e+000	 -5.2491451e-002	  3.5368674e-001	 -3.2115477e-001	  9.8830430e-001	  1.4396452e-001	  7.8347296e-001	  1.7664716e+000	  1.2372448e+000	  1.6283118e+000	
  6.9577367e-001	  7.5549140e-001	  2.6511359e-001	  1.1179805e+000	  4.4530611e-001	  1.0756937e-001	  5.0834109e-001	  2.1962996e-001	  1.7664716e+000	  9.7845239e-001	  7.6396737e-001	
  2.1419434e-001	  1.1509391e+000	  2.1314186e-001	  6.1249522e-001	  1.1433436e-001	  9.7975348e-001	  9.1107309e-001	 -5.1139904e-001	  1.7695591e+000	  2.5633806e-001	  5.3125926e-001	
  5.6127854e-001	  1.3565719e+000	 -8.1364637e-002	 -1.6797411e-001	  1.5962523e-001	  9.6265183e-001	  4.3930132e-001	  2.2946443e-001	  1.8004340e+000	  9.8680053e-001	  7.4318986e-001	
  1.2120614e+000	  1.0180687e+000	  6.8775928e-002	  8.9961088e-001	 -9.7264652e-001	  1.3303373e+000	  1.0491526e+000	  2.0652323e+000	  2.5129360e-002	  3.8990834e-001	  6.9747934e-001	
 -1.7902169e+000	  8.4723526e-001	 -2.0840665e-001	  6.9741676e-001	 -6.9393347e-001	  7.3605498e-001	  9.8394840e-001	  2.0717886e+000	  3.4314045e-001	  7.0713776e-001	  1.8028429e+000	
  1.3725879e+000	  5.9731233e-001	 -1.4597705e+000	 -4.9552860e-001	 -3.3857434e-001	  8.1728781e-001	  4.6615012e-001	  2.1275173e+000	 -5.8928041e-001	  6.1113412e-001	  1.0631635e+000	
  8.8233143e-001	  8.3141735e-001	 -9.0136311e-001	 -9.7270675e-001	 -1.5481890e+000	  8.5149111e-001	  5.8505195e-001	  2.0816231e+000	 -5.9854287e-001	  4.6086755e-001	  7.1825685e-001	
  5.8297130e-001	  4.1066102e-001	 -1.0457290e+000	 -4.5913366e-001	 -1.3492575e+000	  1.5441079e+000	  3.9711035e-001	  2.0717886e+000	 -6.1398030e-001	  1.0160190e+000	  6.3514681e-001	
  1.3075096e+000	  1.4103528e+000	  2.4778968e-001	  1.5708954e+000	  1.0584748e+000	  1.7108490e+000	  1.3943515e+000	  2.0947357e+000	  5.1295219e-001	  1.2330707e+000	  1.3291157e+000	
  8.3894590e-001	  1.0939946e+000	 -1.3304186e+000	 -2.0032518e-001	 -9.1690391e-001	  1.4243964e+000	  7.0395378e-001	  2.1275173e+000	  3.7479305e-002	  1.4626447e+000	  1.1005630e+000	
  1.1513217e+000	  3.7269805e-001	  1.4962085e-001	  6.2058299e-001	 -3.6992956e-001	  4.2394988e-001	  8.2669115e-001	  2.0849013e+000	  7.9082596e-001	  1.2455930e+000	  1.4787137e+000	
  4.8318460e-001	  5.1505921e-001	 -1.1092500e+000	 -2.4076400e-001	  3.4204362e-002	  1.2191766e+000	  9.7244177e-001	  2.1602989e+000	 -1.0292472e+000	  5.3600084e-001	  3.9828319e-001	
  9.3873261e-001	  1.0750131e+000	 -3.1235012e-001	 -8.5139027e-001	 -6.8696565e-001	  1.0823634e+000	  1.6053063e+000	  2.0849013e+000	  2.8139072e-001	  1.5795187e+000	  1.3041827e+000	
  7.8688327e-001	  1.2490101e+000	 -9.4178557e-001	  1.1509767e-001	 -1.0179374e+000	  1.2662061e+000	  1.1450412e+000	  2.0849013e+000	 -2.7744430e-001	  7.8227104e-001	  9.8005348e-001	
  1.4203119e+000	  5.1189563e-001	  1.2410273e+000	  1.5506760e+000	  1.5322870e+000	  1.2833078e+000	  2.8204406e-001	  2.0947357e+000	  1.1242745e+000	  1.5920409e+000	  9.8420899e-001	
  8.8376315e-002	  6.8272903e-001	 -6.6460299e-001	 -4.5104590e-001	 -1.1329065e+000	  4.4532694e-001	  6.3491401e-001	  2.0652323e+000	 -1.8095448e-002	  1.3833373e+000	  1.3582042e+000	
  6.7408091e-001	  7.5865498e-001	  9.6961932e-001	  8.5917206e-001	  1.3162844e+000	  8.1728781e-001	  1.1603834e+000	  2.0652323e+000	  3.4622793e-001	  8.9914504e-001	  1.3623597e+000	
