  3.7542246e-001	  5.8567965e-001	  1.1594459e-001	  7.2860728e-001	  7.8766449e-001	  4.7161026e-001	  2.5083793e-001	 -3.8270648e-001	 -1.1609369e-002	 -1.5819143e-001	 -3.2989487e-001	
  1.0790360e+000	  8.6080547e-001	  1.2287114e+000	  1.1191293e+000	  1.1416584e+000	  3.9756215e-001	  4.2963264e-001	 -8.5607813e-002	  8.2041000e-001	  4.9848770e-001	 -2.8277211e-001	
  5.8135813e-001	  7.8763371e-001	 -1.0139417e+000	 -7.7363654e-002	 -9.8230506e-001	  1.0117259e+000	  3.2235582e-001	 -3.8270648e-001	  2.0514931e-002	 -4.6598895e-002	 -6.5975418e-001	
  1.4803515e-001	  8.8129357e-001	 -1.8079322e-001	  1.8436917e-001	 -7.6149698e-001	 -4.2567865e-001	  2.7586919e-001	 -1.2232787e-001	  3.5782008e-001	  5.6409596e-002	 -2.4850101e-001	
  1.2635201e+000	  7.9056058e-001	 -7.1720387e-001	 -1.6460793e-001	 -1.0734322e+000	  8.3313929e-001	  1.2270571e+000	 -1.2900425e-001	  9.7613251e-002	 -1.1956324e-001	 -1.9709436e-001	
 -1.4370706e-001	  1.9347901e-001	  5.4963831e-001	  9.6125868e-001	  1.3624665e+000	 -5.3457294e-001	  1.1495395e-001	 -2.6586993e-001	  5.5056588e-001	  7.9034509e-001	  2.0987491e-001	
 -3.6680405e-001	  6.0324088e-001	 -9.2263774e-001	  3.8793915e-001	 -4.1801774e-001	  4.6725449e-001	  7.4431134e-001	 -5.2225940e-002	  4.4455569e-001	  8.5043338e-001	 -5.3980534e-001	
 -1.8661033e-001	  8.2275616e-001	 -1.3009784e+000	 -1.1890855e-001	 -7.7201165e-001	  5.7179301e-001	  5.1187821e-001	 -1.2232787e-001	 -7.5857969e-002	 -3.0841214e-001	  3.2125598e-001	
  9.9751981e-001	  3.0470009e-001	  1.4969167e+000	  9.0725032e-001	 -1.9370477e-001	  5.7179301e-001	  6.4418630e-001	  1.7477079e-001	  4.8310485e-001	  5.1994781e-001	  3.9836595e-001	
 -1.7802968e-001	  1.9055214e-001	  3.4991094e-001	  1.4282428e-001	  1.4430790e+000	  1.2314855e-001	  1.3808205e+000	  3.4566929e-002	  3.3212064e-001	 -6.3766977e-002	  8.1390300e-001	
  2.2955135e-001	  6.0031400e-001	 -1.7786122e+000	 -1.6460793e-001	 -1.0664224e+000	  1.4254262e-002	 -2.7481852e-001	 -2.8858629e-002	 -6.7658238e-001	 -8.6637480e-001	 -3.1275932e-001	
  1.1433909e+000	  9.7495342e-001	  1.0118645e+000	  1.2603819e+000	  1.6253332e+000	  1.5126396e+000	  9.0165068e-001	  9.8928849e-001	  2.0362344e-001	  9.2339773e-001	  7.4964469e-001	
  5.4703552e-001	  7.1153508e-001	 -2.5497767e-001	  4.4194751e-001	 -6.8438939e-001	  4.6725449e-001	  6.2273093e-001	 -8.5607813e-002	  1.8756129e-001	  1.0950785e+000	 -3.3417875e-001	
  1.6519645e-001	  4.7738545e-001	  2.0154204e-001	 -6.0745697e-002	  2.5141629e-001	  5.7179301e-001	  9.5528910e-001	  3.1831285e-001	  4.8310485e-001	  1.0779105e+000	  7.0680582e-001	
  1.5232547e-001	  6.4129019e-001	 -1.8079322e-001	 -4.0141382e-001	 -1.4183134e+000	  7.8087003e-001	 -1.3778242e-002	  2.3485817e-001	  3.0963363e-001	  2.0233829e-001	  2.3129435e-001	
 -2.0377164e-001	  1.1476388e+000	 -6.2019343e-001	 -3.1664271e-002	  6.2643954e-001	  1.9284089e-001	  5.0115053e-001	 -6.1971778e-001	  2.5502232e-001	  5.3282387e-001	  7.1965748e-001	
 -1.7802968e-001	  2.9884635e-001	  7.5999118e-002	  2.3422305e-001	  1.5327936e-001	  8.5927392e-001	 -1.9570264e+000	 -3.8270648e-001	 -3.7308809e-002	  1.7229415e-001	 -1.5853938e-001	
  6.4571303e-001	  1.2910554e+000	  1.0974620e+000	  6.6213545e-001	  1.4676132e+000	  7.1988923e-001	 -1.9500535e+000	  2.9160735e-001	  6.3730149e-001	  2.8388668e-001	  1.6275216e-001	
 -2.5954588e-001	  6.6470515e-001	 -8.4845328e-001	 -5.5097544e-001	 -9.9632462e-001	  8.2007198e-001	 -1.9805201e+000	 -3.4264823e-001	 -2.7502863e-001	  1.4654203e-001	  9.5527128e-001	
 -5.3412678e-001	  3.2324357e-003	  5.8958379e-001	  1.0235760e+000	  3.9511679e-001	 -8.1572710e-002	 -1.9653583e+000	 -6.9315790e-001	  9.1188391e-002	  6.5300044e-001	  5.7400532e-001	
 -1.9542249e+000	 -1.4543490e+000	 -1.5452165e+000	 -1.1824578e+000	 -1.3892228e+000	 -1.8635188e+000	 -1.9753350e+000	 -1.1852067e+000	 -1.2991513e+000	 -1.7200577e+000	 -1.4008667e+000	
  6.3713238e-001	  5.2989233e-002	 -2.6639066e-001	 -5.9252033e-001	 -7.5448720e-001	  1.5363895e-001	 -1.9549882e+000	  9.1316113e-002	  3.1284606e-001	  1.5083405e-001	 -3.5988208e-001	
 -1.1176112e+000	 -6.6702089e-001	 -1.6524986e+000	 -1.3793806e+000	 -1.5847957e+000	 -8.0463077e-001	 -1.9805201e+000	 -1.0840596e+000	 -1.3662911e+000	 -1.4715497e+000	 -1.5263845e+000	
 -7.3577214e-001	 -1.5481857e-001	 -1.9220621e-001	 -1.9200803e-002	 -8.7715835e-001	 -6.7395762e-001	 -1.9805201e+000	 -6.8314333e-001	 -2.6860377e-001	 -3.1699618e-001	 -2.0994603e-001	
 -7.5061838e-002	 -1.6359918e-001	  1.0118645e+000	  5.7489117e-001	 -2.8833680e-001	 -3.2114014e-001	 -1.9734756e+000	 -2.1913530e-001	  2.9035905e-001	 -4.4146478e-001	 -8.6033305e-003	
  1.6519645e-001	  1.0569058e+000	  1.7251766e+000	  1.2063736e+000	  1.4276469e-001	  1.0857740e+000	 -1.9790933e+000	  1.9479992e-001	  8.4289701e-001	 -6.8058998e-002	  9.2100018e-001	
  6.2228613e-002	  5.2714224e-001	  1.0453160e-001	  1.5262692e+000	  1.0330068e+000	  4.6289872e-001	 -1.9805201e+000	 -1.0563694e-001	  1.4258727e-001	  3.5255901e-001	  7.3679303e-001	
 -1.9044571e+000	 -1.1745402e+000	 -1.6211129e+000	 -1.6519151e+000	 -1.1014713e+000	 -1.3970157e+000	 -1.9805201e+000	 -1.1504896e+000	 -1.2332965e+000	 -1.4672577e+000	 -1.6069216e+000	
  7.9389920e-002	  2.9591948e-001	 -1.0025287e+000	  3.7963017e-001	 -9.9281973e-001	 -5.9793852e-002	 -1.9805201e+000	 -5.1957216e-001	 -6.7979481e-001	 -2.6978396e-001	  1.0277774e-001	
  1.7806743e-001	  4.6567796e-001	 -1.0090227e-001	  5.2088281e-001	  6.7901289e-001	  6.8068729e-001	 -1.9450472e+000	  2.7491641e-001	  3.7388223e-001	 -2.2257173e-001	  5.1403090e-001	
 -1.1476435e+000	 -1.2389314e+000	 -4.5470504e-001	  3.4223977e-001	 -4.0399818e-001	 -1.3316791e+000	 -4.2500608e-001	 -1.2626526e+000	 -1.4411407e+000	 -1.2955768e+000	 -1.9106492e+000	
 -1.9267668e+000	 -1.2737611e+000	 -1.7786122e+000	 -1.2850737e+000	 -1.2767158e+000	 -1.5146215e+000	 -1.8263990e+000	 -1.2182548e+000	 -1.4213200e+000	 -1.6990268e+000	 -1.7183027e+000	
 -1.9248791e+000	 -1.4507197e+000	 -6.6013891e-001	  2.8823141e-001	 -5.8975736e-001	 -1.9545544e+000	 -1.1938233e+000	 -1.3173989e+000	 -1.4297687e+000	 -1.5170451e+000	 -1.7658538e+000	
 -1.9542249e+000	 -1.4543490e+000	 -4.0334657e-001	  1.5528775e-001	  3.9511679e-001	 -1.9545544e+000	 -1.9257295e-001	 -1.3173989e+000	 -1.4411407e+000	 -1.9093358e+000	 -1.9106492e+000	
 -1.1562241e+000	 -7.6068075e-001	  1.1374074e+000	  5.0841934e-001	  5.2129283e-001	 -8.4383271e-001	  2.6156561e-001	 -1.0263090e+000	 -1.4207097e+000	 -1.3728332e+000	 -1.7384370e+000	
 -1.8366699e+000	 -7.0214334e-001	  1.8442255e-001	 -2.8508812e-001	 -1.2732109e+000	 -9.5272700e-001	 -4.6434092e-001	 -1.3173989e+000	 -1.4411407e+000	 -1.3127449e+000	 -1.9106492e+000	
 -1.8259441e+000	 -1.3282009e+000	  1.3257218e+000	  5.9981811e-001	  1.4150398e+000	 -1.9138715e+000	  3.1520403e-001	 -1.1942198e+000	 -1.4411407e+000	 -1.9093358e+000	 -1.9106492e+000	
 -1.9189584e+000	 -1.4543490e+000	 -2.0932570e-001	  5.2088281e-001	  5.7737108e-001	 -1.9545544e+000	 -6.5386331e-001	 -1.3173989e+000	 -1.4296081e+000	 -1.3942933e+000	 -1.9106492e+000	
 -6.1135266e-001	 -1.0533678e+000	 -3.8622708e-001	  4.0455711e-001	 -2.2524878e-001	 -1.3055445e+000	 -8.2193034e-001	 -1.1157724e+000	 -1.4328205e+000	 -1.6891551e+000	 -1.8719657e+000	
 -1.6740666e+000	 -1.0504409e+000	  1.4170258e+000	  7.8677013e-001	  6.1942976e-001	 -1.2881214e+000	 -4.1070250e-001	 -1.1998947e+000	 -1.4368361e+000	 -1.8925540e+000	 -1.8014101e+000	
 -1.9542249e+000	 -1.4543490e+000	 -7.1720387e-001	  9.7124898e-002	 -3.3740526e-001	 -1.9157445e+000	 -1.5120779e+000	 -1.3173989e+000	 -1.4411407e+000	 -1.9093358e+000	 -1.4308539e+000	
 -1.2591920e+000	 -7.7238823e-001	  8.1784364e-001	  2.2344090e-002	  1.3925980e-001	 -1.1356694e+000	 -2.0930031e-002	 -1.3173989e+000	 -1.4266205e+000	 -1.5273460e+000	 -1.3408922e+000	
 -1.8289474e+000	 -1.3162008e+000	  1.5711012e+000	  9.2802277e-001	  1.7409946e+000	 -1.2184291e+000	 -5.7161774e-001	 -9.4018375e-001	 -1.4399232e+000	 -7.9770248e-001	 -1.6167746e+000	
 -1.8422474e+000	 -1.2579560e+000	  1.2172984e+000	  1.6799853e+000	  1.1171242e+000	 -4.6052482e-001	 -1.0202348e-002	 -1.1621732e+000	 -1.4411407e+000	 -1.9093358e+000	 -1.9106492e+000	
  6.2228613e-002	  9.1934288e-001	 -8.7698577e-001	 -1.5991531e+000	 -8.1757522e-001	  7.1117769e-001	  5.4406126e-001	 -2.8923724e-001	 -6.2197107e-001	 -8.7066682e-001	 -6.4293863e-002	
 -1.6641988e+000	 -1.4543490e+000	 -1.7786122e+000	 -1.6334276e+000	 -1.2942403e+000	 -1.9545544e+000	 -1.5228056e+000	 -1.3173989e+000	 -1.4411407e+000	 -1.9093358e+000	 -1.4137183e+000	
  4.7409997e-001	  5.5348408e-001	  2.8143298e-001	 -1.6519151e+000	  3.4113096e-002	  1.7541781e-001	 -3.2845694e-001	 -6.2973234e-001	 -5.8984677e-001	 -5.0890916e-002	 -2.5738879e-002	
 -1.3449985e+000	 -1.0270260e+000	 -1.4191029e+000	 -1.6119905e+000	  8.3181559e-002	 -9.0045774e-001	 -1.8899706e-001	 -1.3173989e+000	 -1.3971304e+000	 -1.6260624e+000	 -1.8026953e+000	
 -1.0747079e+000	 -5.0896989e-001	  6.1811627e-001	 -1.6074621e+000	  8.1219872e-001	  2.7321576e-002	  7.6219081e-001	 -6.6979059e-001	 -5.8342191e-001	 -8.8783491e-001	  7.7074412e-002	
  1.0490037e+000	  6.7641264e-001	  8.0072415e-001	 -1.6154387e+000	  1.7430870e-001	  4.3676409e-001	  6.0485146e-001	  1.8812354e-001	  4.0279410e-001	 -8.0935059e-002	  9.3813573e-001	
  4.5067307e-002	  3.8957933e-001	 -4.7182453e-001	 -1.5954141e+000	 -9.1571215e-001	  6.8068729e-001	  8.9922691e-002	 -3.6267736e-001	 -6.7336995e-001	 -8.1057854e-001	 -3.9843706e-001	
 -7.0144952e-001	  5.3592286e-001	  7.4936568e-001	 -1.6519151e+000	  8.0168405e-001	  9.6816821e-001	  6.2630683e-001	 -4.1608835e-001	  1.8756129e-001	 -3.5562437e-001	  2.3129435e-001	
  4.9126127e-001	  8.6373234e-001	  1.8450130e+000	 -1.6388285e+000	  1.2958736e+000	  6.8939883e-001	  6.9782471e-001	 -1.5570975e-001	  2.6939791e-002	  3.7831113e-001	 -1.8852659e-001	
 -5.0409450e-001	  8.5184808e-002	  5.7246430e-001	 -1.6519151e+000	  9.4538455e-001	  8.3946605e-002	  9.4098552e-001	 -6.4976146e-001	 -5.5129761e-001	 -3.3722834e-002	 -9.8564961e-002	
  1.8235776e-001	  3.0177322e-001	  6.6947473e-001	 -1.6519151e+000	  8.6477207e-001	  9.5510089e-001	  9.8389625e-001	 -1.1565150e-001	 -2.7502863e-001	  1.9375425e-001	 -5.1442202e-002	
 -6.6712691e-001	 -2.1628285e-001	 -9.6258321e-001	 -1.6519151e+000	 -8.4911923e-001	 -4.3874597e-001	 -2.4505925e-002	 -1.0279781e+000	 -9.5606379e-001	 -9.9513542e-001	 -5.6122477e-001	
 -5.2554613e-001	  6.1593061e-003	  2.2444677e+000	 -1.6519151e+000	  1.0400166e+000	 -3.8647671e-001	 -9.6023810e-002	 -5.0288122e-001	 -4.2601284e-001	 -5.9474957e-002	 -5.6122477e-001	
 -8.3015932e-001	 -5.9677600e-001	 -1.7786122e+000	 -1.6024767e+000	 -1.1505398e+000	 -7.4364997e-001	 -2.9984978e-001	 -5.8633590e-001	 -1.4411407e+000	 -1.0423476e+000	 -1.1481173e+000	
  7.0577760e-001	 -1.4450123e+000	  1.8934155e-002	  1.7606020e-001	  8.7528674e-001	 -8.9610197e-001	  2.3295846e-001	  5.7934240e-002	 -3.5855181e-001	 -1.6554752e-002	  9.2956795e-001	
 -1.4997266e-002	 -1.4494319e+000	  1.4447707e-001	  6.0397260e-001	  1.0421090e-001	 -1.5686331e+000	  1.8404806e-002	 -5.6296859e-001	 -2.4459089e-002	  3.4949493e-002	  5.5686977e-001	
  5.8564846e-001	 -1.4403293e+000	 -2.9492314e-001	  9.8806220e-003	 -1.5669207e+000	 -8.6561157e-001	 -1.2820686e-001	  1.6809442e-001	  2.3574774e-001	  6.7875256e-001	  3.2125598e-001	
 -1.1219015e+000	 -1.3981531e+000	  4.2980189e-001	  3.3808528e-001	  8.3673295e-001	 -1.1661598e+000	  2.1865488e-001	 -8.9011095e-001	 -1.1440713e-001	 -2.2686375e-001	  4.7087202e-002	
  1.1219393e+000	 -1.4543490e+000	  8.4637612e-001	  1.8337014e+000	  1.7655289e+000	 -1.4362176e+000	 -1.3893454e-001	  2.4487273e-001	  1.5222456e-001	 -2.1398769e-001	  4.0264984e-001	
  6.3284205e-001	 -1.4543490e+000	  1.0004515e+000	  1.7963110e+000	  1.2397953e+000	 -3.1242860e-001	  4.1175317e-001	 -2.5919355e-001	  5.6020317e-001	 -1.7535951e-001	  1.0323812e+000	
 -1.1690951e+000	 -1.4543490e+000	 -1.4955700e+000	 -1.3843660e+000	 -1.3881713e+000	 -7.0009225e-001	  2.5798972e-001	 -6.0302684e-001	 -8.4362874e-001	 -7.5478227e-001	 -3.8986929e-001	
  2.8103527e-001	 -1.4130802e+000	 -1.2943475e-001	  4.5441098e-001	 -4.4255197e-001	 -1.1138905e+000	  5.4163748e-002	 -2.9925180e-001	  8.4763531e-002	  4.8990366e-001	  4.4120482e-001	
  3.6255148e-001	 -1.4543490e+000	 -1.9220621e-001	  7.0368034e-001	 -2.0772433e-001	 -1.7739968e-001	  8.8019532e-001	 -3.8270648e-001	  7.1913811e-002	 -1.5389941e-001	  6.8110250e-001	
  4.7409997e-001	 -1.4543490e+000	 -2.4927117e-001	 -2.8093363e-001	 -1.5522002e+000	 -5.3892871e-001	  1.6144058e-001	  1.4472711e-001	  1.5222456e-001	  3.0105476e-001	  1.5418438e-001	
 -8.7932818e-002	 -1.4543490e+000	  1.4855037e+000	  1.0817389e+000	  5.6685641e-001	 -9.7886163e-001	  3.2235582e-001	 -7.2653977e-001	  1.9398615e-001	 -5.2301317e-001	 -1.9281048e-001	
  4.1403539e-001	 -1.4488173e+000	 -2.2073869e-001	  6.2889954e-001	  1.0330068e+000	 -7.7216938e-002	  1.0446865e+000	  4.2513484e-001	  7.1913811e-002	  1.9804627e-001	 -5.4408922e-001	
  2.6387396e-001	 -1.4543490e+000	  5.8958379e-001	  1.2603819e+000	  2.9347497e-001	 -7.4364997e-001	  4.6896748e-001	 -1.3234243e-001	  6.9512523e-001	  4.2123134e-001	  1.0366651e+000	
 -3.6251372e-001	 -1.4450709e+000	 -1.5796723e-001	  1.2271460e+000	  1.0540361e+000	 -7.3493843e-001	  8.4443637e-001	 -7.8931438e-002	  1.3937484e-001	  3.3539093e-001	  2.2701046e-001	
  1.3793589e+000	  9.1641601e-001	 -1.7786122e+000	 -1.4047230e+000	 -1.6654082e+000	  4.6725449e-001	  3.4381118e-001	  5.8536783e-001	  1.8034136e+000	  3.9118719e-001	  6.4254752e-001	
  1.2077458e+000	  7.1446195e-001	  7.9501765e-001	  1.2313005e+000	  1.4115349e+000	  1.1903125e+000	  1.6144058e-001	  3.1831285e-001	  1.7327401e+000	  5.7145205e-001	  1.1737495e+000	
  1.0876167e+000	  1.2998360e+000	 -3.0062964e-001	 -4.2634076e-001	 -1.1225007e+000	  1.5300627e+000	  7.1570418e-001	  7.4560082e-001	  1.8034136e+000	  1.3998120e+000	  5.8685698e-001	
  8.0874544e-001	  1.0130027e+000	  6.3523576e-001	  2.8823141e-001	  2.8997008e-001	  1.6607359e+000	  4.0102549e-001	  8.2571731e-001	  1.7391650e+000	  5.4999195e-001	  1.4864733e+000	
  1.2249071e+000	  5.9738713e-001	 -1.4230975e+000	 -5.9252033e-001	 -8.2458500e-001	  6.8068729e-001	  2.0435131e-001	 -1.1565150e-001	  1.7712893e+000	  9.7060995e-001	  1.2419717e-001	
  1.2463588e+000	  8.2275616e-001	  1.6738181e+000	  1.2146825e+000	  2.3739673e-001	  1.1443701e-001	  1.2485124e+000	  1.2803617e-001	  1.8034136e+000	  1.1122466e+000	  2.0559103e-001	
  6.7574532e-001	  1.6481336e+000	  3.9556291e-001	  8.0754258e-001	  2.4791140e-001	  1.0572546e-001	  1.0780216e-001	  3.7506203e-001	  1.8034136e+000	  4.0406325e-001	  9.2956795e-001	
  9.4603589e-001	  8.2568303e-001	 -5.7454146e-001	 -3.4325097e-001	 -8.0355566e-001	  1.2425818e+000	  1.0125034e+000	  5.5866233e-001	  1.7166780e+000	  1.4513162e+000	  6.8506638e-002	
  1.8664808e-001	  5.2989233e-002	  4.7545386e-001	  8.7401441e-001	  1.6989359e+000	 -1.8611122e-001	  9.0880247e-001	 -3.2196816e-002	  1.7680769e+000	  1.3010955e+000	  1.2465756e+000	
  6.9719695e-001	  6.5592454e-001	 -2.6717816e-002	  6.8043473e-002	  6.0541020e-001	 -3.5163054e-001	  1.1253017e-002	 -1.0563694e-001	  1.7712893e+000	  2.0393230e+000	  5.1403090e-001	
  1.3364556e+000	  7.9934119e-001	 -8.9981175e-001	  2.3006856e-001	 -5.3367912e-001	  8.1571621e-001	  3.1877992e-001	  8.4574644e-001	  1.7423774e+000	  9.0193763e-001	  8.3103855e-001	
  4.8268062e-001	  9.9544151e-001	  4.2980189e-001	  5.8320015e-001	 -3.2338570e-001	  7.5235062e-002	  2.0792720e-001	  2.2818179e-001	  1.8034136e+000	  1.0349903e+000	  1.3708083e+000	
  5.8564846e-001	  5.6811843e-001	 -9.9682219e-001	 -6.2575625e-001	 -1.4113036e+000	  8.4620661e-001	  4.7611927e-001	  4.4182578e-001	  1.8034136e+000	  1.3268477e+000	  5.0974701e-001	
  1.8899077e+000	  6.2958271e-001	 -1.5817381e+000	 -1.6058003e+000	 -1.5252126e+000	  2.8866786e-001	  2.9132489e-002	  6.5546976e-001	  1.7648644e+000	  8.5472540e-001	  1.2422917e+000	
  7.8300348e-001	  5.8567965e-001	 -1.0660876e-001	  1.4282428e-001	 -3.3039548e-001	  6.9811038e-001	  1.1519633e+000	  1.9974210e+000	  4.1243139e-001	  1.2882195e+000	  1.1009234e+000	
  9.1600361e-001	  1.5017901e+000	 -8.5415978e-001	 -3.3078750e-001	 -3.3740526e-001	  1.0596394e+000	  9.6959267e-001	  2.0074356e+000	 -5.4166032e-001	  1.4427322e+000	  1.2208723e+000	
  8.3448740e-001	  7.0568134e-001	  1.1431139e+000	  1.3434717e+000	  1.4535936e+000	  1.1990241e+000	  7.9437386e-001	  2.0207884e+000	  7.4652411e-001	  1.0693264e+000	  8.5674187e-001	
  1.2229319e-001	  1.1915418e+000	 -2.9492314e-001	 -3.4740546e-001	 -1.2521816e+000	  1.1162644e+000	  4.3678443e-001	  2.0541702e+000	 -8.3077902e-001	  5.7574407e-001	  1.4007955e+000	
  8.9884230e-001	  9.4275785e-001	  7.0942021e-001	  4.2117507e-001	  6.6499333e-001	  7.1117769e-001	  1.0875972e+000	  2.0541702e+000	  6.7585065e-001	  1.3354317e+000	  1.1266268e+000	
  8.6451969e-001	  1.3671541e+000	  8.2925663e-001	  1.9683264e-001	  1.6729892e-001	  1.1816010e+000	  9.8032036e-001	  2.0541702e+000	 -1.7544330e-001	  3.1393082e-001	  5.9970864e-001	
  3.0248690e-001	  5.4177660e-001	  1.1830594e+000	  1.3683986e+000	  1.0645508e+000	  5.5436992e-001	  8.7304353e-001	  1.9974210e+000	  7.2724953e-001	  1.3182636e+000	  1.3793761e+000	
  1.5595526e+000	  9.1934288e-001	  1.0346905e+000	  1.6259770e+000	  1.4430790e+000	  1.0814183e+000	  1.2520883e+000	  2.0207884e+000	  6.5015121e-001	  1.1895030e+000	  7.5392858e-001	
  7.0148728e-001	  6.2665584e-001	 -1.3249457e+000	 -5.0527606e-001	 -1.5003278e+000	  1.4777935e+000	  9.0522658e-001	  2.0875521e+000	 -3.0072807e-001	  9.8348602e-001	  1.0323812e+000	
  7.7442283e-001	  1.7944771e+000	 -1.1802176e-001	 -3.2663302e-001	 -8.8066324e-001	  1.8828802e+000	  1.5417358e+000	  2.0107738e+000	  2.1968559e-001	  1.2452993e+000	  1.8034809e+000	
  8.1303577e-001	 -4.0670621e-002	 -1.0090227e-001	  3.7132120e-001	  7.3158625e-001	  9.7687975e-001	  8.6231585e-001	  1.9874065e+000	 -2.4290433e-001	  1.3139716e+000	  4.0264984e-001	
  1.4093912e+000	  1.4139840e+000	  4.1268240e-001	  1.1374286e-001	  7.2457646e-001	  9.0718741e-001	  1.2163294e+000	  2.0207884e+000	  2.4538503e-001	  9.4056581e-001	  5.1831479e-001	
  9.8464883e-001	  7.1738882e-001	  1.7537090e+000	  1.0111126e+000	  1.5131768e+000	  1.9351495e+000	  3.2235582e-001	  2.0207884e+000	  7.9149813e-001	  1.3826439e+000	  9.3813573e-001	
  4.5264833e-001	  8.3739051e-001	 -1.7786122e+000	 -1.6461819e+000	 -1.5525507e+000	  8.8105278e-001	  5.3690947e-001	  2.0207884e+000	 -1.1102604e+000	  4.1693931e-001	  1.1052073e+000	
