  1.6150591e+000	  1.2123576e+000	 -4.5882038e-001	  2.4032755e-001	  8.4971016e-001	  1.0118533e+000	  8.8793922e-001	  6.3472663e-001	  9.3825548e-001	  1.2488910e+000	  9.9821743e-001	
  6.0313546e-002	  6.5767969e-001	  4.7463145e-001	  8.0355162e-001	  1.0952122e+000	  7.3993407e-001	  6.9380857e-001	  1.2901257e-002	  3.6064482e-001	  3.7028595e-001	  7.1224874e-001	
  8.0663619e-002	  7.2547365e-001	 -1.0868837e+000	  4.4005239e-001	 -8.1424807e-001	 -2.8533508e-001	  2.4802707e-001	 -5.2147993e-001	 -2.4428958e-002	  4.0152524e-001	  1.5665242e-001	
 -4.3622823e-001	  2.1085586e-001	  4.7463145e-001	  6.0782127e-001	  3.4506709e-001	  6.3294946e-001	  5.6079312e-001	 -9.3974979e-002	  6.2041681e-001	  8.8963915e-001	 -1.0071940e-001	
  3.2079448e-001	  3.2179143e-001	 -1.3819005e+000	 -5.5457736e-001	 -1.1893206e+000	  2.0055334e-001	 -1.7618435e-001	 -5.6682136e-001	 -2.4428958e-002	 -4.0679140e-001	 -4.3525661e-002	
 -8.4729971e-001	 -1.0895556e+000	 -1.8647602e+000	 -1.5683807e+000	 -1.6356570e+000	 -9.4507348e-001	 -1.8337438e-001	 -6.9312964e-001	 -1.3569065e+000	 -1.6836974e+000	 -1.6122682e+000	
 -6.3972896e-001	  3.3103606e-001	 -6.2015774e-001	 -3.5485251e-001	 -7.2559456e-001	  3.2536872e-001	  5.2484300e-001	 -6.6398157e-001	 -5.4091680e-001	 -5.6298786e-001	 -3.6217649e-001	
  4.3475489e-001	  4.8511325e-001	  8.2611639e-001	  2.8027252e-001	  4.1667185e-001	  7.3547637e-001	  1.2220165e-001	  1.0034545e-001	  5.6540627e-001	  6.0848554e-001	 -6.3951996e-002	
 -8.4322969e-001	 -6.8895490e-001	 -1.0004529e+000	 -1.1297849e+000	 -1.3529886e+000	 -8.4700426e-001	  1.2939167e-001	 -1.1743966e+000	 -9.9322568e-001	 -1.4287067e+000	 -9.7088128e-001	
 -1.0248704e-001	  7.5320755e-001	  1.2870803e+000	  1.3667757e+000	  1.6237235e+000	  8.7366482e-001	  8.7715418e-001	 -3.2068215e-001	  3.6064482e-001	  1.4770600e-001	  1.0762922e-001	
 -6.6414905e-001	 -4.7324684e-001	 -3.5510351e-001	 -1.0938344e+000	 -1.2165986e+000	 -3.4328507e-001	 -2.0853946e-001	 -6.1216279e-001	 -3.0559394e-001	 -7.2308922e-001	  2.0567563e-001	
 -6.4786899e-001	  2.9097599e-001	  1.1162240e-001	 -1.0719369e-001	 -4.2212677e-001	  5.1259178e-001	  3.5947245e-001	 -6.4826915e-002	  1.5300876e-002	  5.3429222e-001	  4.0585371e-001	
 -7.1705924e-001	  4.7278707e-001	 -5.9710955e-001	 -7.0237374e-001	 -5.3123878e-001	 -2.7196200e-001	  4.9967792e-001	 -5.2471860e-001	 -4.0644659e-001	 -7.8778852e-002	 -4.5205236e-001	
  6.3418560e-001	  6.7000587e-001	  6.5325494e-001	  7.5162316e-001	  6.1102762e-001	 -1.6497739e-001	  2.5162208e-001	 -2.5914734e-001	  1.0757818e+000	  2.0627967e-001	  3.2414837e-001	
  8.6617644e-001	  1.1476451e+000	  1.4311315e+000	  1.8301373e+000	  1.6271333e+000	  7.1764561e-001	  5.1046295e-001	  1.1006147e-001	  3.7286938e-001	  2.3751896e-001	  3.5683051e-001	
  8.0105620e-001	  1.4496364e+000	 -1.4190773e-001	 -9.1215705e-002	 -7.1536531e-001	  9.5390328e-001	  8.0165893e-001	  2.5904047e-001	  2.2923075e-001	 -3.3259809e-001	  5.7334966e-001	
 -4.5250829e-001	  2.2881694e-002	 -5.1644087e-001	  6.5176073e-001	  3.1778908e-001	  4.4572640e-001	 -1.7960968e+000	 -1.7494183e-001	  1.1920967e-001	  8.5059004e-001	  3.0009146e-002	
  9.5978677e-001	  6.5151661e-001	  1.1603152e+000	  1.1590619e+000	  1.0297481e-001	  6.7752638e-001	 -1.8312920e+000	  1.7159628e-001	  7.6405544e-001	  7.6077708e-001	  9.2876789e-001	
 -4.1436819e-002	  9.1652936e-001	 -4.5882038e-001	 -1.5512766e-001	 -1.1859109e+000	  5.5271100e-001	 -1.8427241e+000	  4.4364488e-001	  1.2244735e-002	  2.2189932e-001	  1.2805556e-001	
  2.8823436e-001	  4.7278707e-001	 -6.4320593e-001	  3.4418447e-001	 -1.1586329e+000	  6.9981484e-001	 -1.8115553e+000	  7.1893215e-001	  2.0478162e-001	  7.4906235e-001	  1.8933456e-001	
  3.7777468e-001	  7.3779983e-001	  9.8169170e-001	  1.3547922e+000	  1.5862163e+000	  1.2213648e+000	 -1.8586500e+000	  9.6625834e-003	  5.1650801e-001	  6.8658377e-001	  3.6500104e-001	
 -1.0385904e+000	 -7.5727703e-002	 -9.8892883e-001	 -3.9879197e-001	 -5.6874604e-001	  2.7633411e-001	 -1.8455642e+000	 -7.5142577e-001	 -1.0904110e+000	 -4.2241105e-001	 -9.8722235e-001	
 -4.3622823e-001	 -4.8249147e-001	 -6.2591979e-001	  1.5244861e-001	  6.2125688e-001	 -8.4738940e-002	 -1.8586500e+000	 -2.7210204e-001	 -1.7417987e-001	 -1.4516234e-001	 -3.9440394e-002	
  9.8420686e-001	  8.7030621e-001	  9.7016760e-001	  1.0352324e+000	  5.2237411e-001	  5.8391485e-001	 -1.8586500e+000	  2.2617279e-002	  4.5232905e-001	 -3.9507667e-001	  4.2264947e-002	
  3.6963466e-001	  5.9913036e-001	  8.2611639e-001	  4.9198086e-001	  1.3025281e-001	  5.4379562e-001	 -1.8586500e+000	  4.2745151e-001	  2.0783776e-001	  6.4753465e-001	  3.7725684e-001	
  7.6593605e-002	  7.1931057e-001	 -4.7034448e-001	 -2.9094055e-001	 -1.0597501e+000	  5.7907201e-002	 -1.8524666e+000	 -5.7653738e-001	 -2.3835883e-001	  5.7893044e-002	 -3.1269860e-002	
  1.2202677e+000	  4.1115620e-001	  6.8206519e-001	  8.4749109e-001	  9.6223192e-001	 -1.5160432e-001	 -1.8586500e+000	  2.5904047e-001	  8.8935723e-001	  7.1391814e-001	  5.5292333e-001	
  5.2022519e-001	  5.8064110e-001	  3.7091458e-001	  6.2779375e-001	 -5.8920454e-001	  2.9416487e-001	 -1.8586500e+000	  2.3636975e-001	  1.8950092e-001	  2.8437790e-001	  1.0635817e+000	
  3.3707454e-001	  1.0428727e+000	  1.5195674e-001	  3.9611293e-001	  3.9280359e-001	  7.8896868e-001	 -1.8586500e+000	 -2.7210204e-001	 -1.5889917e-001	  3.4463576e-002	  5.4520748e-002	
 -1.7874731e+000	 -9.6321228e-001	 -1.8647602e+000	 -1.6568308e+000	 -1.6694135e+000	 -1.2704850e+000	 -1.8586500e+000	 -8.7773405e-001	 -1.3569065e+000	 -8.6366603e-001	 -1.0730130e+000	
 -1.2705812e+000	 -5.8726395e-001	 -6.2591979e-001	 -6.6642327e-001	 -1.1347646e+000	  3.2536872e-001	 -1.4023423e-001	 -9.9011603e-001	 -1.3569065e+000	 -1.6836974e+000	 -1.6584317e+000	
 -1.6055434e+000	 -1.1357787e+000	 -1.1906005e+000	 -8.0623067e-001	 -1.1859109e+000	 -1.9926311e+000	 -9.3832691e-001	 -1.2016014e+000	 -1.3569065e+000	 -1.6836974e+000	 -1.7348262e+000	
 -8.8392984e-001	 -2.7294650e-001	  7.2239952e-001	 -9.9204699e-002	  1.4389181e-001	 -4.1460814e-001	  2.1926698e-001	 -9.0396730e-001	 -1.3437345e+000	 -1.4427644e+000	 -1.5003319e+000	
 -1.7874731e+000	 -1.5055640e+000	 -1.0926457e+000	 -8.2620315e-001	 -1.1688621e+000	 -1.9926311e+000	 -1.0677473e+000	 -1.1731659e+000	 -1.3569065e+000	 -1.3224931e+000	 -1.7348262e+000	
 -1.7874731e+000	 -1.0186801e+000	  7.9730615e-001	  9.2738103e-001	  8.2925165e-001	 -8.1580042e-001	  3.8823254e-001	 -1.2016014e+000	 -1.3569065e+000	 -1.6714750e+000	 -1.7348262e+000	
 -1.1973210e+000	 -1.1604311e+000	 -5.2220292e-001	 -3.3367711e-003	 -5.6192654e-001	 -1.2838581e+000	 -7.5524013e-002	 -8.1619924e-001	 -1.3232889e+000	 -9.8862319e-001	 -1.1342920e+000	
 -1.7874731e+000	 -1.5055640e+000	 -6.9506437e-001	 -6.7840676e-001	 -1.5173386e+000	 -1.6993150e+000	 -1.1935728e+000	 -1.1465440e+000	 -1.3436123e+000	 -1.6836974e+000	 -1.6976094e+000	
 -1.7874731e+000	 -1.3058799e+000	 -1.3991867e+000	 -9.9204699e-002	  1.1661381e-001	 -6.1966197e-001	 -5.2490052e-001	 -1.2016014e+000	 -1.3569065e+000	 -1.4220683e+000	 -1.5930674e+000	
 -1.3479115e+000	 -8.5843980e-001	  1.5195674e-001	  1.3907427e+000	  1.1122609e+000	 -1.2036196e+000	  1.4736673e-001	 -1.2016014e+000	 -1.3336492e+000	 -1.6836974e+000	 -1.7348262e+000	
 -1.6783967e+000	 -4.2086060e-001	  5.0344169e-001	  9.4735351e-001	  7.5423714e-001	 -4.7255814e-001	  6.0752828e-001	 -8.9975703e-001	 -1.3569065e+000	 -1.6836974e+000	 -1.5493551e+000	
 -1.5001300e+000	 -1.1789203e+000	  1.4196074e+000	  7.5561766e-001	  8.4289066e-001	 -1.0565158e+000	 -5.6804067e-001	 -1.2016014e+000	 -1.3177879e+000	 -1.6836974e+000	 -1.7348262e+000	
 -5.5832867e-001	 -6.3348711e-001	 -2.8595893e-001	  1.1550674e+000	  1.3577630e+000	 -1.4268894e-001	  7.8008886e-001	 -6.2187881e-001	 -1.3569065e+000	 -1.2658719e+000	 -9.3002861e-001	
 -1.1322007e+000	 -4.3318677e-001	  1.2890855e-001	  5.0795884e-001	  1.0679342e+000	 -4.6810045e-001	 -3.3436488e-001	 -1.2016014e+000	 -1.3569065e+000	 -1.6836974e+000	 -1.7077409e+000	
 -1.7874731e+000	 -1.3687434e+000	  4.5734530e-001	  1.6443210e-001	 -5.8920454e-001	 -1.9043688e+000	 -1.5084958e+000	 -1.2016014e+000	 -1.3251226e+000	 -1.1760589e+000	 -1.7217942e+000	
 -7.2926928e-001	 -2.9759885e-001	  4.7463145e-001	 -1.6570585e+000	  1.6237235e+000	 -8.1134272e-001	  7.6570881e-001	 -6.5750423e-001	 -6.9066771e-001	 -5.1444473e-002	 -6.3997465e-001	
 -1.3153514e+000	 -2.5753878e-001	  1.0911706e+000	 -1.5859565e+000	  1.6203138e+000	 -8.6037734e-001	  4.8889288e-001	 -1.1692147e+000	 -7.6383357e-002	 -5.7079768e-001	 -2.6004481e-001	
 -1.3911717e-001	 -1.2503240e-001	  6.5526014e-002	 -1.6155158e+000	  2.2572582e-001	  2.0055334e-001	  3.1992731e-001	 -7.7409648e-001	 -4.6451327e-001	 -2.8573915e-001	 -6.8037263e-002	
 -1.7874731e+000	 -1.3031066e+000	 -6.1439569e-001	 -1.6570585e+000	  1.0979431e-001	 -1.6698942e+000	 -4.3168905e-002	 -1.2016014e+000	 -1.3235945e+000	 -1.6836974e+000	 -1.7348262e+000	
 -8.9206987e-001	 -6.6483072e-002	 -1.8647602e+000	 -1.5779675e+000	 -1.7260153e+000	  4.2343794e-001	  2.2286199e-001	 -3.7897828e-001	 -1.0512924e+000	 -1.2190130e+000	 -5.0516084e-001	
 -5.0134847e-001	  4.4505318e-001	  8.2812159e-002	 -1.6570585e+000	 -2.0390274e-001	  2.0501103e-001	  9.7421951e-001	 -5.2795727e-001	 -5.8370278e-001	 -5.7860750e-001	 -5.9503671e-001	
 -9.5719010e-001	 -1.5892938e-001	 -5.5101316e-001	 -1.6235047e+000	 -2.6868800e-001	 -2.0509662e-001	  4.6372780e-001	 -6.8989096e-001	 -8.0985722e-001	 -1.0003379e+000	 -6.1137778e-001	
 -9.4347008e-002	 -4.7993810e-002	  2.5191675e-002	 -1.6570585e+000	 -7.3923356e-001	 -7.0881581e-001	 -1.0813796e-002	 -7.7409648e-001	 -1.2528161e-001	 -6.6842046e-001	 -3.2132382e-001	
 -8.6357977e-001	 -4.2086060e-001	 -1.4193538e+000	 -1.6364469e+000	 -1.2370571e+000	  3.6994564e-001	  1.1860664e-001	 -6.8341362e-001	 -8.8014846e-001	 -4.1850614e-001	 -1.8651001e-001	
 -3.1819781e-001	 -2.4521261e-001	 -3.2428808e-002	 -1.6570585e+000	  5.1828548e-002	 -4.0123507e-001	  1.5815177e-001	 -2.2999928e-001	 -6.9372386e-001	 -1.0611323e-001	 -4.1119969e-001	
 -1.7427029e+000	 -1.4433168e+000	 -9.8316678e-001	 -1.6047306e+000	 -1.1552231e+000	 -1.8517680e+000	 -1.0030371e+000	 -1.2016014e+000	 -1.3331603e+000	 -1.3385032e+000	 -1.2977026e+000	
 -1.3153514e+000	 -9.3547839e-001	 -1.8647602e+000	 -1.6570585e+000	 -1.5043816e+000	 -1.7309646e+000	 -1.5045413e+000	 -9.6323504e-001	 -9.6266427e-001	  1.8843931e-002	 -1.3058732e+000	
 -5.9088879e-001	 -7.0744416e-001	 -1.7178279e+000	 -1.6570585e+000	 -1.7448031e+000	 -8.4254657e-001	 -1.1935728e+000	 -1.2016014e+000	 -1.1869850e+000	 -1.6836974e+000	 -1.3140437e+000	
 -7.9438952e-001	  1.0608337e-001	 -2.3410050e-001	 -1.6569898e+000	 -5.2441928e-001	  2.2729949e-001	 -6.1143965e-002	 -7.9028985e-001	 -8.0680108e-001	 -1.4907948e+000	 -3.8260282e-001	
 -4.0366812e-001	 -1.4919744e+000	 -1.1387421e+000	 -1.0738620e+000	 -9.2676984e-001	  2.9862257e-001	 -2.1598832e-002	 -3.3687552e-001	 -8.2819406e-001	  5.5381678e-001	 -6.0729251e-001	
  1.0330470e+000	 -1.4969048e+000	  8.9526097e-001	 -1.6711115e-001	  8.8039791e-001	 -7.2664658e-001	  2.0848194e-001	 -2.9201503e-002	  9.1885938e-003	  2.1018458e-001	  4.6350214e-002	
 -5.3646862e-002	 -1.5055640e+000	 -1.3548189e+000	 -3.7083049e-001	 -2.6186849e-001	 -1.5557773e+000	 -3.8110004e-001	 -2.9477276e-001	 -6.9372386e-001	 -7.7775798e-001	 -4.4388183e-001	
 -2.7342765e-001	 -1.5055640e+000	 -1.8224206e-001	  8.6746357e-001	 -1.2956711e-002	 -1.3284350e+000	  4.7451283e-001	 -3.0772745e-001	 -7.9439498e-002	  5.0695784e-001	 -6.7265678e-001	
  8.9466654e-001	 -1.4841781e+000	  1.4484176e+000	  8.9542505e-001	  1.2963875e+000	 -1.4175888e+000	 -2.6965466e-001	 -2.2352193e-001	  6.0207996e-001	  3.2733192e-001	  6.7956661e-001	
  2.3532417e-001	 -1.4945012e+000	  2.1533927e-001	  5.9184328e-001	  7.2013964e-001	 -1.0256971e-001	  4.8170286e-001	  2.5855953e-002	  4.0037465e-001	  5.4600696e-001	  4.9981486e-001	
  1.1877076e+000	 -1.4918511e+000	  1.8632851e+000	  1.3228362e+000	  1.1702267e+000	 -6.1966197e-001	  3.2711734e-001	 -2.1056724e-001	  9.1686250e-001	  6.5924939e-001	  2.8329570e-001	
  6.3011559e-001	 -1.5019894e+000	  8.1459230e-001	  9.8729848e-001	  1.3134362e+000	 -2.0063893e-001	  6.4707341e-001	  3.5571974e-002	 -2.0474128e-001	 -2.3497530e-001	 -6.6040098e-001	
  3.0044441e-001	 -1.5055640e+000	  1.6155170e+000	  5.2793133e-001	  1.4395970e+000	 -5.6171198e-001	  6.2909835e-001	  5.8938520e-001	  8.3434669e-001	  2.8828281e-001	  9.9821743e-001	
  1.0126970e+000	 -1.5055640e+000	  2.1168152e+000	  1.1670508e+000	  1.2247827e+000	 -6.1966197e-001	  1.0928549e+000	 -9.7213653e-002	  3.2091498e-001	  3.9762033e-001	  2.6286937e-001	
 -1.7981731e-001	 -1.5055640e+000	 -1.8647602e+000	 -1.4109975e+000	 -1.6216770e+000	 -1.9926311e+000	 -1.3769184e+000	 -8.2915394e-001	 -5.2257995e-001	 -3.0135880e-001	  2.5061357e-001	
  1.2528278e+000	 -1.5055640e+000	  1.3389387e+000	  8.1154061e-001	  1.6237235e+000	 -1.9540275e+000	  1.9410189e-001	 -5.4091197e-001	  7.6405544e-001	  5.6553151e-001	  5.5292333e-001	
 -1.1891809e+000	 -1.5055640e+000	 -1.8647602e+000	 -1.0139445e+000	 -1.7403363e+000	 -1.9926311e+000	 -1.8586500e+000	 -1.1741699e+000	 -1.1203612e+000	 -1.6836974e+000	 -1.4272056e+000	
 -4.8066872e-003	 -1.5055640e+000	 -8.2182943e-001	 -8.6614812e-001	 -7.7674081e-001	 -5.6616967e-001	  4.8889288e-001	  4.3069018e-001	 -3.3597381e-002	  5.7334134e-001	  2.2610196e-001	
  1.3138780e+000	  7.5012600e-001	 -8.2759148e-001	 -1.5912215e-001	 -1.7662473e-001	  8.4653353e-002	  5.8955322e-001	  1.7159628e-001	  1.6992346e+000	  1.4285169e+000	  6.8365187e-001	
  8.6210642e-001	  6.2070117e-001	 -1.1906005e+000	 -7.1036274e-001	 -8.2788707e-001	  1.1857033e+000	  6.7942852e-001	  3.6591671e-001	  1.6533925e+000	  1.3347990e+000	  3.0780730e-001	
  1.2161977e+000	  1.2246837e+000	  1.8076698e-001	  4.4597193e-002	 -5.1759978e-001	  6.7752638e-001	  1.2833905e+000	  5.6347581e-001	  1.7297960e+000	  1.3113696e+000	  1.0676670e+000	
  7.2372592e-001	  6.5151661e-001	 -3.1476918e-001	  5.6787630e-001	 -1.0563404e+000	  7.7559560e-001	  5.2843801e-001	  8.2904706e-001	  1.6992346e+000	  8.0763602e-001	  1.4394263e+000	
  5.3650525e-001	  1.5174304e+000	  9.0102302e-001	  9.0740854e-001	  9.9632943e-001	  9.4053020e-001	  1.2869856e+000	  2.7523384e-001	  1.6747855e+000	  2.5704352e-001	  1.3005272e+000	
  4.9173509e-001	  9.2885554e-001	  3.8243867e-001	  1.9638808e-001	 -6.7512718e-002	  4.4572640e-001	  2.8757220e-001	  4.0801946e-001	  1.6992346e+000	  1.0809798e+000	  1.1044344e+000	
  1.3627182e+000	  1.3294562e+000	  1.6924288e-001	  3.6415695e-001	  5.5306187e-001	  1.0698033e+000	  4.2777768e-001	  1.0330835e+000	  1.6411679e+000	  1.3308941e+000	  9.6962057e-001	
  1.0004869e+000	  1.3263747e+000	 -4.7610653e-001	  6.6374423e-001	 -4.4599502e-001	  6.4632254e-001	  5.4281806e-001	  4.6307692e-001	  1.7297960e+000	  8.3106548e-001	  9.2876789e-001	
  8.5396639e-001	  1.4742888e+000	  7.2239952e-001	  9.5534251e-001	  8.5652966e-001	  1.7161686e+000	  4.6013278e-001	  5.8938520e-001	  1.6992346e+000	  8.8963915e-001	  1.3985736e+000	
  1.0126970e+000	  1.0613619e+000	 -4.3952905e-002	 -4.7868191e-001	 -9.6427709e-001	  5.7499946e-001	  1.2078953e+000	  6.1529459e-001	  1.7603574e+000	  1.2176517e+000	  1.0227290e+000	
  1.2691079e+000	  4.9743942e-001	  5.8987241e-001	  4.9198086e-001	  5.5238298e-002	  9.9848020e-001	  8.1244397e-001	  3.9830344e-001	  1.7909188e+000	  4.8352838e-001	  9.6553530e-001	
  1.2691079e+000	  5.8988573e-001	 -5.6253725e-001	  1.2429463e+000	  1.0638456e-001	  2.0501103e-001	  7.6570881e-001	  4.2097416e-001	  1.7297960e+000	  6.2801010e-001	  2.8738097e-001	
 -9.8417023e-002	  4.9743942e-001	 -5.6829930e-001	  2.0630211e-002	 -8.6198458e-001	 -3.9677738e-001	 -5.7548953e-002	 -5.0852523e-001	  1.6900662e+000	  1.0458356e+000	  1.2515040e+000	
  1.0615371e+000	  8.4565386e-001	  7.6273386e-001	  8.2352411e-001	  9.9291968e-001	  8.4691867e-001	  4.3137269e-001	  1.1330015e-001	  1.7297960e+000	  6.2801010e-001	  1.2555893e+000	
  9.1501661e-001	  9.2577399e-001	  9.0102302e-001	  3.6608199e-002	  1.1634072e+000	  1.0475148e+000	  1.2797955e+000	  2.0370724e+000	  3.0563428e-001	  6.3191501e-001	  1.3372946e+000	
  4.1847483e-001	  3.7417767e-001	  4.1124891e-001	  7.3165067e-001	  1.3407142e+000	  8.6474944e-001	  1.1935152e+000	  2.0046857e+000	 -1.0694477e-001	  7.0610832e-001	  5.4066753e-001	
  9.1094660e-001	  7.4396292e-001	 -1.4677550e+000	 -9.0609309e-001	 -9.1995033e-001	  1.6493032e+000	  1.1611601e+000	  2.0273564e+000	 -5.6230979e-001	  1.6471919e+000	  5.4883806e-001	
  1.6598293e+000	  9.5350789e-001	  1.7941405e+000	  1.8700823e+000	  1.5350700e+000	  1.2882302e+000	  1.5242564e+000	  2.0694591e+000	  1.1063432e+000	  1.8814866e+000	  1.6191780e+000	
  5.4464528e-001	  7.5628909e-001	  5.6106217e-001	  1.1670508e+000	  8.6675891e-001	  2.2245666e-002	  1.0137646e+000	  2.0079243e+000	  7.5794316e-001	  4.7962347e-001	  8.5523309e-001	
  1.6150591e+000	  1.3263747e+000	  6.6477904e-001	  1.0751774e+000	  6.8604213e-001	  1.0519725e+000	  1.2977706e+000	  2.0338337e+000	  3.1785884e-001	  7.8030164e-001	  8.3072149e-001	
  1.2528278e+000	  1.2524176e+000	  1.2928423e+000	  6.9570020e-001	  8.1220290e-001	  1.0252263e+000	  7.1897365e-001	  2.0176404e+000	  6.0207996e-001	  7.3344270e-001	  1.6069222e+000	
  1.4929587e+000	  1.2031129e+000	  2.0073363e+000	  9.6732600e-001	  1.2963875e+000	  1.3729263e+000	  1.1359951e+000	  1.9852536e+000	  9.7187304e-001	  1.7252902e+000	  1.6722865e+000	
  6.2197556e-001	  1.0521173e+000	  6.5325494e-001	  5.7586529e-001	 -6.0625329e-001	  8.8258021e-001	  5.7157816e-001	  2.1342326e+000	  1.6199565e-001	  1.1707928e+000	  1.4884495e+000	
  7.9291617e-001	  8.8571393e-001	 -1.9952821e-001	 -9.8598303e-001	 -2.5504899e-001	  1.1322110e+000	  9.3107936e-001	  2.0014470e+000	 -4.6145713e-001	  7.0610832e-001	  1.2678451e+000	
  7.5221603e-001	  1.3417824e+000	  1.2236977e+000	  1.1031389e+000	  1.1190804e+000	  1.9123070e+000	  7.6930382e-001	  2.0370724e+000	  6.1124839e-001	  7.2953779e-001	  1.4271705e+000	
  7.9291617e-001	  1.1384005e+000	 -7.7573304e-001	 -1.1118819e-001	 -7.9719932e-001	  2.0237493e+000	  1.0748798e+000	  2.0273564e+000	 -4.1867116e-001	  4.7181364e-001	  9.6553530e-001	
  9.8013684e-001	  1.3294562e+000	  5.4953807e-001	  2.0837157e-001	 -5.6874604e-001	  8.1571483e-001	  8.5198910e-001	  2.0370724e+000	  4.9511503e-001	  1.8853915e+000	  4.7121799e-001	
  7.9291617e-001	  1.2709069e+000	  1.4253694e+000	  1.3268307e+000	  3.9280359e-001	  1.3952148e+000	  1.0569048e+000	  2.0241177e+000	  5.3484486e-001	  1.0887896e+000	  1.3618062e+000	
