 -8.5296730e-001	 -5.5201765e-001	 -1.7010406e+000	 -9.3966441e-001	 -1.1194649e+000	 -6.8571348e-001	  1.4259089e-001	 -7.4129462e-001	 -6.6011098e-001	 -7.2607900e-001	 -7.8458402e-001	
  7.2105696e-001	  4.3630565e-001	 -6.1247517e-001	  4.6253955e-001	 -9.2735371e-001	  1.9827038e-001	  1.1902315e+000	  3.2375171e-001	  2.2562133e-001	 -6.6376509e-002	  1.0637395e+000	
 -5.7287777e-001	 -6.8499478e-002	 -3.0386126e-001	 -1.0872873e-001	 -4.5393682e-001	 -5.6293795e-001	 -3.4881059e-001	 -3.1905732e-001	 -2.3532100e-001	 -3.3359777e-001	  2.2797584e-001	
 -1.2395697e+000	 -1.3873789e+000	 -1.7010406e+000	 -1.5269122e+000	 -1.6954555e+000	 -1.7306315e+000	 -1.6455645e+000	 -1.1288707e+000	 -1.2325230e+000	 -1.5770117e+000	 -1.5636926e+000	
 -9.9487012e-002	  1.1387754e+000	  1.4187655e+000	  1.5251784e+000	  1.5049113e+000	 -2.1098141e-001	  2.0401607e-001	 -7.0126369e-002	  4.8471309e-001	  3.1775406e-001	  5.0924247e-001	
  1.4115329e-001	  8.0122503e-001	  1.0363816e-002	 -1.2470826e-001	  4.6545251e-001	  4.3563641e-001	  3.3027895e-001	 -7.5704974e-001	 -3.9495828e-002	 -2.3338980e-001	 -6.5198689e-001	
  4.6475137e-002	  3.9677272e-001	 -1.2880591e+000	  5.5061473e-002	 -7.4553418e-001	  5.5431943e-001	  7.9779286e-001	 -6.4991491e-001	 -3.9198113e-001	 -6.3004636e-001	 -2.0999648e-001	
  1.3009606e+000	  1.3698910e+000	 -1.1230909e+000	 -5.4017610e-001	 -6.8035359e-001	 -1.8233378e-001	  7.2271763e-001	  3.1429864e-001	  3.1901487e-001	  1.1528205e+000	  9.8739574e-001	
  2.2399667e-001	  1.1661444e+000	  1.5141552e+000	  5.0648326e-001	  4.6888307e-001	  6.2389223e-001	  6.9200504e-001	  2.0716380e-001	  7.0765251e-001	  5.0564401e-001	  3.1235583e-001	
 -1.1054424e+000	 -3.1482005e-001	 -1.4131880e+000	 -1.0435314e+000	 -1.5860207e+000	 -7.0617607e-001	 -1.2394758e+000	 -1.1288707e+000	 -8.3183459e-001	 -1.0601056e+000	 -1.6404382e+000	
  3.2261974e-001	  4.8496157e-001	  3.9192283e-001	  4.9849349e-001	  3.3852190e-001	 -4.1969982e-001	  6.4764241e-001	 -2.0877145e-001	  4.4856075e-001	 -7.0551841e-002	  7.9452720e-001	
  1.0839899e+000	  1.2269643e+000	  8.1275999e-001	  1.5411580e+000	  1.0623695e+000	  1.1886597e+000	  9.0699319e-001	  3.4265786e-001	  1.0541124e+000	  3.0105273e-001	  4.6102534e-001	
  4.1335297e-001	  2.5992796e-001	  1.2953199e+000	  9.6189993e-001	  5.1348031e-001	 -4.8108759e-001	  2.0742858e-001	 -6.2155568e-001	  2.7683714e-001	  3.1357872e-001	  2.7071109e-002	
 -1.6380070e+000	 -1.4308651e+000	 -1.7010406e+000	 -1.5269122e+000	 -1.7266392e+000	 -1.6863341e+000	 -1.6455645e+000	 -1.1288707e+000	 -1.2325230e+000	 -1.7114574e+000	 -1.6404382e+000	
  3.8968343e-001	  1.0505866e+000	  1.2840976e+000	  1.4053320e+000	  1.2510501e+000	  9.7994129e-001	  1.0469061e+000	  3.5211094e-001	  6.8957634e-001	  1.0108592e+000	  1.3570605e+000	
 -4.5847500e-001	  3.9677272e-001	 -1.1343132e+000	 -8.1582304e-001	 -1.1126038e+000	 -1.2913105e-001	  4.7019187e-001	 -7.0033130e-001	 -7.3241566e-001	 -6.3839702e-001	 -3.9884693e-001	
  9.7353203e-001	  1.0688326e+000	  1.9854928e+000	  7.9411484e-001	  1.5426475e+000	  9.3492359e-001	 -1.6425785e+000	  3.3320479e-001	  7.8598258e-001	  6.5595597e-001	  1.5258204e+000	
  1.4915754e-002	  4.7279759e-001	  9.5303904e-001	  2.9874934e-001	 -9.7195096e-001	  4.3972893e-001	 -1.6455645e+000	 -1.9931838e-001	  4.1843380e-001	 -9.5603834e-002	  3.0833774e-001	
  2.6739082e-001	  4.9712555e-001	  4.1997864e-001	  5.7040139e-001	 -1.5204778e-001	  6.6890993e-001	 -1.6455645e+000	 -9.2183541e-002	  4.5759883e-001	  4.5971535e-001	  7.9306340e-002	
  4.3702251e-001	  6.6133927e-001	 -8.8742211e-001	  1.9107526e-002	 -8.3815923e-001	  6.8118748e-001	 -1.6455645e+000	  8.7424864e-002	  2.0758071e-002	  8.8142391e-001	  4.0879011e-001	
  8.4334957e-001	  8.4075796e-001	  8.9131625e-001	  8.5004320e-001	  7.7763322e-001	  9.7175625e-001	 -1.6455645e+000	  1.6304946e-001	  8.8540151e-001	  8.7307324e-001	  7.7443672e-001	
  8.0784527e-001	  9.8976670e-001	  9.7548368e-001	  9.4592040e-001	 -7.3144969e-002	  4.9702418e-001	 -1.6455645e+000	 -5.1126982e-001	  1.2047472e+000	  7.9374193e-001	 -1.0552602e-001	
  3.3445451e-001	  6.2484733e-001	  1.9125477e+000	  5.0248838e-001	  7.6734155e-001	  6.8528000e-001	 -1.6397291e+000	 -2.7494297e-001	  7.3777946e-001	 -1.1230516e-001	 -2.5419552e-001	
 -1.6380070e+000	 -1.2018782e+000	 -1.7010406e+000	 -1.0073897e-001	 -2.1379781e-001	 -1.5787009e+000	 -1.6455645e+000	 -1.1288707e+000	 -1.1810059e+000	 -1.7114574e+000	 -1.6404382e+000	
 -1.7049563e-001	 -2.2663121e-001	 -6.6858679e-001	 -1.1671850e-001	 -7.5582585e-001	  3.7424865e-001	 -1.6455645e+000	 -5.1220221e-002	 -2.3532100e-001	  2.3424741e-001	  4.3289867e-001	
 -1.3104640e-001	  5.0016654e-001	  5.0414607e-001	  1.6530147e+000	  6.9873040e-001	  3.2104591e-001	 -1.6263179e+000	  8.1122815e-002	  4.1843380e-001	  1.0526125e+000	  1.0155224e+000	
 -2.0599993e-001	  7.7468271e-002	  8.3520463e-001	  8.0609949e-001	  5.4778589e-001	 -1.8233378e-001	 -1.6175819e+000	 -7.0033130e-001	  3.7926877e-001	  4.6357461e-002	 -1.3365268e-001	
  4.9619635e-001	  3.0250188e-001	  5.0975724e-001	  6.2632975e-001	  6.0646763e-002	 -4.4834745e-001	 -1.6455645e+000	 -7.1058757e-003	  5.0885020e-002	  2.6765007e-001	  4.4495296e-001	
  6.6188312e-001	  4.0893670e-001	  1.6747635e-001	 -7.6769668e-002	 -8.6903424e-001	  3.8243368e-001	 -1.6455645e+000	 -4.3564523e-001	  4.3048458e-001	  4.0126070e-001	 -1.3767077e-001	
  1.8454744e-001	  8.6204492e-001	  1.2953199e+000	  1.4932194e+000	  1.3882724e+000	 -4.8108759e-001	 -1.6455645e+000	 -6.2785773e-001	  6.2630975e-001	  4.2631269e-001	  5.7755008e-001	
 -7.3067468e-001	 -3.3610702e-001	 -9.1547792e-001	 -8.5577187e-001	 -1.1331871e+000	 -7.5937880e-001	 -6.5934902e-001	 -7.9486204e-001	 -1.2325230e+000	 -1.5335883e+000	 -1.4085941e+000	
 -1.6380070e+000	 -1.1529182e+000	 -1.8041569e-001	  1.9488238e-001	  1.5327181e-001	 -1.7333981e+000	 -6.6276153e-001	 -1.1288707e+000	 -1.2325230e+000	 -1.7114574e+000	 -1.6404382e+000	
 -1.5875119e+000	 -1.3104417e+000	 -3.4525480e-002	  1.0537822e+000	  1.1858695e+000	 -1.7255404e+000	 -6.3546145e-001	 -1.1288707e+000	 -1.2283655e+000	 -1.3298320e+000	 -1.5130646e+000	
 -1.5318885e+000	 -1.4308651e+000	 -1.2914258e+000	 -6.3605330e-001	 -9.4107594e-001	 -1.7333981e+000	 -8.2656203e-001	 -1.1288707e+000	 -1.2032396e+000	 -6.5509835e-001	 -1.5749432e+000	
 -1.6380070e+000	 -8.7132210e-001	  2.6286611e-001	  9.2594598e-001	  1.3436752e+000	 -1.1236129e+000	 -1.0310985e-001	 -1.1288707e+000	 -1.2325230e+000	 -1.7114574e+000	 -1.3141689e+000	
 -7.5039930e-001	 -5.3294504e-002	  1.3345981e+000	  4.5854466e-001	  4.7574418e-001	  1.4097513e-001	  2.5520373e-001	 -8.7836419e-001	 -1.2102291e+000	 -1.4262822e+000	 -8.2476497e-001	
 -1.3101839e+000	 -9.6863393e-001	  7.5103720e-001	  6.7826323e-001	  8.4624436e-001	 -1.0745027e+000	  1.2894085e-001	 -1.0160640e+000	 -1.2325230e+000	 -1.3440282e+000	 -1.1622849e+000	
 -1.6380070e+000	 -1.0294538e+000	  9.4742787e-001	  1.8727333e+000	  1.4431613e+000	 -9.2307952e-001	  5.9645475e-001	 -1.1288707e+000	 -1.1810059e+000	 -1.6741717e+000	 -1.6404382e+000	
 -1.0462685e+000	 -4.4862382e-001	  6.6475436e-002	 -5.6795253e-002	 -1.1846455e+000	 -9.5991218e-001	 -3.6246063e-001	 -7.0978437e-001	 -1.1822110e+000	 -1.0141769e+000	 -1.1100497e+000	
 -1.6380070e+000	 -6.4020649e-001	 -6.2930865e-001	 -4.7226309e-001	 -1.0542843e+000	 -1.0704102e+000	 -9.6306244e-001	 -9.9148598e-001	 -1.2325230e+000	 -1.7114574e+000	 -1.6404382e+000	
 -1.1882857e+000	 -8.3787115e-001	 -1.2420475e+000	 -1.2071338e-001	 -4.3335348e-001	 -9.8855980e-001	 -3.7952318e-001	 -4.6085343e-001	 -1.2325230e+000	 -9.3067028e-001	 -8.8101829e-001	
 -1.5535856e+000	 -9.8687990e-001	 -7.4153189e-001	 -6.4004818e-001	 -1.1023121e+000	 -1.0458551e+000	 -1.0859128e+000	 -1.1288707e+000	 -1.2292693e+000	 -1.5974708e+000	 -1.6404382e+000	
 -1.6380070e+000	 -1.4308651e+000	  9.3059439e-001	  1.1137055e+000	  1.5700919e+000	 -1.5164946e+000	  3.3710397e-001	 -9.1050465e-001	 -1.2325230e+000	 -1.1185602e+000	 -9.6539828e-001	
 -9.4764545e-001	 -9.5646995e-001	  3.1897773e-001	  7.3818648e-001	 -1.7263113e-001	 -1.1358904e+000	 -4.8872351e-001	 -1.0901131e+000	 -1.2325230e+000	 -1.4442361e+000	 -1.5468166e+000	
  5.8309906e-002	  2.0519005e-001	  4.3120097e-001	 -1.4769762e+000	 -1.3146444e-001	 -1.0866846e-001	  5.7597969e-001	 -3.9153088e-001	 -3.8294305e-001	  7.9760119e-002	 -5.1938977e-001	
 -1.6380070e+000	 -1.4247223e+000	 -5.0586309e-001	 -1.5071376e+000	  1.3611902e-001	 -1.4853915e+000	 -1.7136006e-001	 -1.1288707e+000	 -1.2325230e+000	 -1.4655303e+000	 -1.6404382e+000	
 -1.6380070e+000	 -1.3244303e+000	 -7.5275422e-001	 -1.5269122e+000	 -1.3218678e+000	 -1.2791286e+000	 -8.1291198e-001	 -1.1288707e+000	 -1.1626285e+000	 -1.7114574e+000	 -1.6320404e+000	
 -1.3823760e+000	 -1.3247344e+000	  3.9753400e-001	 -1.5269122e+000	 -1.6233946e-001	 -1.5295907e+000	 -4.1684666e-002	 -9.3067120e-001	 -1.1701602e+000	 -1.3081203e+000	 -8.9709067e-001	
 -5.1764884e-001	 -2.8745110e-001	 -1.3767154e+000	 -1.5269122e+000	 -3.5445066e-001	  3.4969354e-001	  2.9978049e-002	 -6.9087823e-001	 -9.0413927e-001	 -6.7179968e-001	 -9.2923543e-001	
 -1.0502134e+000	 -5.9155058e-001	  3.7508935e-001	 -1.5103734e+000	  4.2085527e-001	 -2.3144400e-001	  7.6708026e-001	 -8.7804909e-001	 -9.6710460e-001	 -1.0350536e+000	 -1.6043557e+000	
  9.3814213e-002	  4.8800256e-001	  1.4019320e+000	 -1.5269122e+000	  1.6524253e+000	  2.7602822e-001	  7.8755533e-001	 -3.7577576e-001	 -3.7390496e-001	 -2.9184445e-001	  1.8779490e-001	
 -6.6361099e-001	 -1.6581131e-001	  6.1636931e-001	 -1.5269122e+000	  1.5563697e+000	  2.3919556e-001	  7.9779286e-001	 -4.0413498e-001	 -8.0170764e-001	 -3.2942244e-001	 -1.9392410e-001	
  2.7133575e-001	  2.1431304e-001	  7.3420372e-001	 -1.5269122e+000	 -1.0096871e+000	 -4.1151479e-001	 -4.7166096e-001	 -5.1126982e-001	  1.0210083e-001	  1.7579276e-001	  5.5344151e-001	
 -1.4490452e+000	 -8.3787115e-001	 -9.0425559e-001	 -1.5120513e+000	 -1.7606168e-001	 -1.2259258e+000	 -2.8738540e-001	 -1.1288707e+000	 -1.1451549e+000	 -1.5465318e+000	 -1.4929741e+000	
 -7.3067468e-001	 -6.2196053e-001	  1.7217682e+000	 -1.5269122e+000	  1.4808974e+000	 -1.0663176e+000	 -1.5771001e-001	 -1.0088166e+000	 -3.8896844e-001	 -5.2983839e-001	 -4.5510025e-001	
  2.3977636e-001	  3.7548576e-001	 -3.4875055e-001	 -1.4983888e+000	 -4.2306180e-001	  4.3972893e-001	  5.8621722e-001	 -3.8837986e-001	 -5.1550163e-001	  4.6357461e-002	 -6.9363163e-002	
 -1.9022024e-001	  6.2788832e-001	  3.8631167e-001	 -1.4741798e+000	  1.4946197e+000	  9.3083107e-001	  1.5860827e+000	 -6.2470671e-001	 -2.7448603e-001	 -5.6741638e-001	 -1.3365268e-001	
 -1.6380070e+000	 -9.0477304e-001	 -1.7010406e+000	 -1.4641926e+000	 -1.2807011e+000	 -6.8980600e-001	 -1.3128447e+000	 -8.6197887e-001	 -1.2005885e+000	 -7.9705965e-001	 -1.1783573e+000	
  6.5004835e-001	 -1.4308651e+000	  1.0708734e+000	  1.2215673e+000	  1.0349250e+000	 -2.8464673e-001	  8.6945557e-001	  6.1049496e-001	  3.1901487e-001	 -4.1324516e-002	  8.9096147e-001	
  2.0427206e-001	 -1.4308651e+000	 -1.1006463e+000	 -5.7613005e-001	 -5.7057576e-001	 -8.9852441e-001	 -5.0578606e-001	 -2.7494297e-001	 -4.2508523e-002	  8.7307324e-001	 -2.1146027e-002	
 -1.6380070e+000	 -1.4079056e+000	 -1.7010406e+000	 -1.4967509e+000	 -1.7002583e+000	 -1.7333981e+000	 -1.5582042e+000	 -1.1140293e+000	 -1.2325230e+000	 -1.7114574e+000	 -1.6404382e+000	
 -1.6380070e+000	 -1.4119501e+000	 -1.7010406e+000	 -1.2009298e+000	 -1.7319909e+000	 -1.7333981e+000	 -1.6455645e+000	 -1.1288707e+000	 -1.1677501e+000	 -1.2939242e+000	 -1.3342594e+000	
  2.2805600e-002	 -1.4066588e+000	  1.1662632e+000	  4.5055490e-001	  2.3903574e-001	 -1.0172074e+000	  2.4496620e-001	  8.6492476e-003	  4.5759883e-001	  1.7161743e-001	  4.8513390e-001	
  9.5380742e-001	 -1.4305756e+000	  9.5303904e-001	  7.8612507e-001	  9.1142495e-001	  1.8190031e-001	 -8.9459810e-002	  3.1114761e-001	  4.1846935e-002	 -1.4570782e-001	  3.5655487e-001	
 -4.2691562e-001	 -1.4308651e+000	  3.7508935e-001	 -1.1272362e-001	  3.5224413e-001	 -5.9977061e-001	  9.7865590e-001	 -3.2851039e-001	 -2.9858759e-001	 -2.8349378e-001	 -3.8679264e-001	
 -2.2572455e-001	 -1.4308651e+000	  5.0975724e-001	  1.2135776e+000	  1.3985641e+000	 -9.1080196e-001	  1.1187830e-001	 -7.0663335e-001	  4.8170039e-001	  3.6368271e-001	  1.4359586e-001	
  1.0879348e+000	 -1.4308651e+000	 -7.0786492e-001	 -1.8463151e-001	 -1.3424511e+000	 -9.1080196e-001	 -5.9451133e-001	  1.1893511e-001	  5.9923105e-002	  7.3946261e-001	  3.9673582e-001	
  1.2023376e+000	 -1.4166029e+000	  1.5141552e+000	  5.4243721e-001	  4.2428583e-001	 -1.4550112e-001	  1.1870332e-001	  6.7351545e-001	  6.0220819e-001	  6.2672864e-001	  8.3069005e-001	
  5.4353543e-001	 -1.4308651e+000	  4.7526542e-003	  7.4218136e-001	  6.4384149e-001	 -3.0101680e-001	  4.1900422e-001	  9.0575889e-002	  9.0050054e-002	  6.6013130e-001	  6.5791198e-001	
  2.2794159e-001	 -1.4050167e+000	  3.4703354e-001	 -2.7651382e-001	 -3.9904790e-001	 -4.1969982e-001	  1.9377854e-001	  1.5989843e-001	 -1.9615596e-001	  8.9812523e-001	  1.7975871e-001	
 -3.3618239e-001	 -1.4308651e+000	  7.2086598e-002	  1.0737567e+000	  1.5975364e+000	 -8.8205874e-002	  5.5891714e-001	  3.0706420e-002	 -2.2327022e-001	  8.8110783e-002	  2.6815679e-001	
  5.3564558e-001	 -1.4308651e+000	 -1.2235307e+000	 -1.2870315e-001	 -6.2203412e-001	 -9.1489448e-001	  1.1870332e-001	 -2.2452658e-001	 -3.0160029e-001	  3.2610472e-001	  3.1089204e-002	
  1.0405957e+000	  2.4776398e-001	  2.0675449e-001	  2.9475446e-001	  6.8157762e-001	  7.4257525e-001	  6.6470496e-001	 -2.5288580e-001	  1.7801719e+000	  2.0502009e-001	  9.8337765e-001	
  1.0603203e+000	  1.0201766e+000	  1.1550409e+000	  3.2671352e-001	  8.9427216e-001	  3.3332347e-001	  1.9034462e+000	  9.0038923e-001	  1.7319688e+000	  1.9002050e+000	  1.2350538e-001	
  1.3049056e+000	  1.1448574e+000	  1.3738762e+000	  1.8447691e+000	  1.0280639e+000	  8.6535079e-001	  9.0358068e-001	  7.6489517e-001	  1.7169053e+000	  8.2714459e-001	  1.0999024e+000	
  1.3877489e+000	  1.0688326e+000	  6.1636931e-001	  9.6988970e-001	  6.3698037e-001	  1.2623250e+000	  1.0537311e+000	  6.1049496e-001	  1.8102989e+000	  1.6622110e+000	  9.5525098e-001	
  2.7528067e-001	  6.6742126e-001	  2.1797681e-001	 -4.8424774e-001	 -3.8532567e-001	  1.3769155e+000	  8.8993063e-001	  5.5692754e-001	  1.7560703e+000	  9.9833321e-001	  6.4987579e-001	
  1.3956388e+000	  1.4185470e+000	 -5.2830774e-001	  1.6410301e+000	  1.2338973e+000	  4.6428404e-001	  1.2175316e+000	  7.6174414e-001	  1.8102989e+000	  8.3935451e-002	  1.4534947e+000	
  5.7509481e-001	  5.9139639e-001	  4.9853491e-001	 -3.6820837e-002	 -4.0247846e-001	  6.0342965e-001	  1.5282842e-001	  9.6877938e-002	  1.8404258e+000	  8.2296925e-001	  5.9362246e-001	
  8.0390034e-001	  1.2421693e+000	  2.2919914e-001	  5.9836557e-001	  6.5756372e-001	  8.3670316e-001	  1.1322189e+000	  4.1828245e-001	  1.7801719e+000	  1.4784964e+000	  1.6383271e+000	
  2.8317051e-001	  1.3820550e+000	 -9.6248262e-002	  2.3083633e-001	 -4.5736738e-001	  1.7738898e+000	 -5.8747217e-002	  3.3320479e-001	  1.8404258e+000	  8.3549525e-001	  4.3691677e-001	
  1.1905028e+000	  6.4613429e-001	  4.5364562e-001	 -1.2851539e-002	  2.6991075e-001	  6.5253986e-001	  6.6129245e-001	  5.2226627e-001	  1.8404258e+000	  6.9353396e-001	  6.5389388e-001	
  7.6839604e-001	  1.5888427e+000	 -1.7010406e+000	 -8.6376163e-001	 -1.1537705e+000	  1.3851006e+000	  6.0669228e-001	  5.4117241e-001	  1.8102989e+000	  1.6914384e+000	  1.3128614e+000	
  1.6204994e+000	  1.0019307e+000	  2.4042146e-001	  4.7052931e-001	 -4.7452016e-001	  1.0413291e+000	  5.7939220e-001	  1.5989843e-001	  1.8102989e+000	  8.9394990e-001	  9.9543193e-001	
  8.5123942e-001	  7.5256911e-001	 -7.8081003e-001	  3.8264188e-001	  1.4298014e-001	  1.6797618e+000	  9.4453080e-001	  3.6471503e-001	  1.8102989e+000	  9.1065123e-001	  4.1280820e-001	
  1.2930708e+000	  1.1266115e+000	 -1.4674872e-001	 -6.0790136e-002	 -6.5977025e-001	  9.1446100e-001	 -9.6284830e-002	  9.6340972e-001	  1.8102989e+000	  7.3528728e-001	  3.3244631e-001	
  1.0563754e+000	  9.8672571e-001	  5.2659072e-001	  8.9398692e-001	  1.2338973e+000	  1.6797618e+000	  1.1390439e+000	  2.0851745e+000	  3.5215451e-001	  6.2672864e-001	  1.0918662e+000	
  1.0958246e+000	  6.5525728e-001	 -8.7619978e-001	 -7.7986909e-001	 -1.5771012e+000	  1.5528938e+000	  9.1040570e-001	  2.0536643e+000	 -5.8178091e-001	  1.0192099e+000	  3.8468154e-001	
  5.9087450e-001	  8.8637288e-001	 -1.2835701e+000	 -4.7226309e-001	 -1.4741845e+000	  1.4587659e+000	  5.9986726e-001	  2.0536643e+000	 -6.6914907e-001	  1.2446778e+000	  9.8739574e-001	
  1.1786680e+000	  1.0505866e+000	 -3.4875055e-001	 -2.2058546e-001	 -7.1808972e-001	  1.3318978e+000	  6.6470496e-001	  1.9717376e+000	  1.6536743e-001	  3.6368271e-001	  1.1199929e+000	
  1.6717834e+000	  1.0718736e+000	  6.4442512e-001	  1.0617720e+000	  4.8946641e-001	  1.2991577e+000	  1.1424564e+000	  2.0190030e+000	  2.7683714e-001	  9.7328121e-001	  1.8914670e+000	
  1.0721551e+000	  1.2938662e+000	  3.8070051e-001	  1.5493355e-001	  1.1896624e-001	  1.6838544e+000	  5.4867961e-001	  2.0032479e+000	 -9.3724337e-002	  8.5637191e-001	  3.6860916e-001	
  1.3798591e+000	  8.8941387e-001	  2.9653308e-001	  1.2215673e+000	  3.4195245e-001	  8.9399841e-001	  5.3502957e-001	  2.0221540e+000	  1.1173790e+000	  1.9210816e+000	  1.4776033e+000	
 -6.3982705e-002	  9.2286482e-001	 -1.5972341e+000	 -1.5269122e+000	 -1.6625221e+000	  9.7175625e-001	  6.5446743e-001	  2.0536643e+000	 -1.1590133e+000	  1.1068918e+000	  8.5881671e-001	
  9.4986249e-001	  1.1691854e+000	 -2.0286034e-001	  1.7890285e-001	  4.0370248e-001	  1.6961319e+000	  1.3062569e+000	  2.0536643e+000	  1.0812622e-001	  6.6430663e-001	  1.0597214e+000	
  1.0011465e+000	  6.1876534e-001	 -1.6252899e+000	 -1.0914700e+000	 -1.2875622e+000	  5.0930173e-001	  7.2271763e-001	  2.0221540e+000	 -5.6973013e-001	  3.2192939e-001	  6.4987579e-001	
  1.3561896e+000	  1.1509394e+000	  5.7148002e-001	  1.7848458e+000	  1.6284114e+000	  1.0249590e+000	  1.8010709e+000	  2.0536643e+000	  6.7150017e-001	  1.5453017e+000	  1.0958843e+000	
  3.7784867e-001	  5.5490445e-001	 -5.6758587e-001	 -1.5267245e-001	 -2.4124227e-001	  7.8759295e-001	  1.0127810e+000	  1.9874927e+000	  1.1415161e-001	  1.3198338e+000	  9.8739574e-001	
  7.9206558e-001	  1.2604152e+000	  1.0484288e+000	  1.0378027e+000	  1.5117725e+000	  8.4898072e-001	  1.8010709e+000	  2.0190030e+000	  5.6906855e-001	  1.0693139e+000	  1.5418928e+000	
  4.6475137e-002	  6.8870822e-001	 -1.2785201e+000	 -1.1625789e+000	 -1.3596039e+000	  1.0945318e+000	  8.6263055e-001	  1.9906438e+000	 -3.7691766e-001	  3.8455937e-001	  7.0612911e-001	
