0.89434	-0.85084	-1.1829	-1.5356	-0.95105	0.87324	-0.89527	0.84249	0.89072	-0.87202	-0.87206
0.45331	-0.46119	-0.45773	-0.23115	0.33103	0.49176	-0.44325	0.52242	0.34568	-0.45745	-0.43546
1.0592	-0.97252	-1.2135	-0.90451	-0.21273	0.99321	-0.93442	1.1092	1.0228	-1.1141	-1.1172
1.3997	-1.3059	-1.6335	-1.5547	-1.1141	1.3105	-1.2862	1.4661	1.3855	-1.3798	-1.4006
-0.24491	0.20022	0.15288	0.53641	0.80193	-0.23145	0.23412	-0.29513	-0.27711	0.3002	0.37258
-1.4973	1.565	1.3964	0.97977	0.71629	-1.5487	1.5155	-1.5454	-1.4655	1.5187	1.528
0.7575	-0.76656	-0.63622	-0.84585	-0.6039	0.71927	-0.7234	0.6916	0.80675	-0.74546	-0.73237
1.1984	-1.2189	-0.69612	-1.0569	-1.4207	1.208	-1.2339	1.1869	1.1446	-1.1623	-1.146
0.33151	-0.38081	-0.55106	-0.40946	-1.4064	0.34566	-0.39507	0.28732	0.37139	-0.31465	-0.32055
0.51682	-0.51376	-0.73433	-0.70563	-0.35941	0.50515	-0.5225	0.49012	0.48578	-0.41119	-0.56563
1.0166	-1.0176	-1.2245	-1.0021	-0.55242	1.0103	-0.9947	1.0442	1.0455	-1.0638	-0.93945
1.4541	-1.4083	-1.4899	-1.3358	-1.1658	1.4261	-1.4241	1.4313	1.3973	-1.4393	-1.3544
1.1342	-1.1252	-1.2514	-1.2572	-0.88605	1.1498	-1.1276	1.2038	1.1068	-1.1217	-1.183
0.22839	-0.18958	0.011713	-0.39324	-0.76508	0.22592	-0.23394	0.25222	0.27782	-0.26119	-0.30674
-1.4601	1.3878	1.1998	1.3547	0.78627	-1.4456	1.3872	-1.5253	-1.3796	1.4796	1.492
1.2499	-1.2403	-1.1328	-1.1815	-1.2755	1.2362	-1.2604	1.1812	1.2476	-1.1332	-1.2717
-1.2851	1.1996	1.4066	1.5963	1.7793	-1.2269	1.2401	-1.3445	-1.3058	1.3797	1.374
2.1076	-2.1773	-2.1615	-2.1504	-2.4099	2.1211	-2.1274	2.0861	2.0389	-2.0768	-2.1433
-0.30505	0.28115	0.22599	0.2261	-0.023026	-0.28286	0.24135	-0.33723	-0.27301	0.2565	0.28564
-0.80045	0.80326	0.87378	0.95303	0.12611	-0.81801	0.80042	-0.83236	-0.71903	0.81311	0.84285
-0.31747	0.31333	0.73313	0.25672	0.57604	-0.33498	0.35662	-0.34797	-0.41547	0.29948	0.4301
1.2376	-1.1508	-1.2916	-0.82976	-1.4061	1.1633	-1.1559	1.2204	1.1576	-1.2214	-1.1873
-0.0019564	-0.0062299	0.059994	-0.27835	-0.67405	-0.034586	-0.01246	-0.1006	0.03601	0.071127	0.063098
-0.60749	0.53249	0.66318	0.68843	0.88134	-0.55525	0.60269	-0.59767	-0.63358	0.67353	0.5898
-1.059	1.116	0.91216	1.0909	0.98154	-1.0612	1.0828	-0.99472	-1.0401	0.95993	0.99579
-1.2112	1.1586	1.3112	0.85575	1.1921	-1.1667	1.1545	-1.182	-1.1879	1.2194	1.1375
-1.35	1.3338	1.3507	1.3889	2.277	-1.3202	1.3501	-1.3233	-1.3476	1.3038	1.2876
-0.10721	0.1745	0.38376	0.40591	0.4588	-0.17656	0.2115	-0.13082	-0.23746	0.20636	0.12577
-1.1167	1.1259	0.99811	1.5254	1.7017	-1.105	1.1453	-1.078	-1.1876	1.0644	1.1544
0.18493	-0.2361	0.2162	0.097212	1.1331	0.25594	-0.24219	0.18461	0.2032	-0.17892	-0.15547
0.7838	-0.71514	-0.53604	-0.47243	0.42427	0.75518	-0.72988	0.80421	0.70069	-0.77877	-0.83304
-1.0884	1.0016	1.0925	1.3353	1.2494	-0.99656	0.98529	-1.0513	-1.1243	1.042	1.0332
0.2646	-0.26747	-0.32387	-0.38798	-0.058672	0.2737	-0.29079	0.2189	0.19777	-0.26925	-0.21147
-0.096624	-0.019157	0.22774	0.12596	0.42606	-0.044637	0.060201	-0.10288	-0.0075727	0.027514	0.058086
-0.98603	1.0025	1.2502	1.1721	0.83004	-0.96983	0.96392	-0.96904	-0.97903	1.0171	0.99286
-0.40981	0.28603	0.47743	0.18395	-0.80844	-0.37784	0.2868	-0.53797	-0.43939	0.53599	0.50559
0.70178	-0.73706	-0.79666	-0.58104	0.31401	0.72797	-0.70195	0.69746	0.7545	-0.74494	-0.7445
1.2484	-1.185	-1.061	-0.86748	-0.81986	1.1924	-1.1782	1.2607	1.2487	-1.2464	-1.2972
2.0057	-2.0364	-1.8852	-2.2175	-1.8901	2.0078	-2.0199	1.8767	2.1425	-1.9469	-1.974
-0.58476	0.59244	0.69047	0.83859	0.57951	-0.57426	0.57724	-0.50403	-0.50946	0.45721	0.5271
-0.3055	0.29296	0.46622	0.54689	0.72939	-0.30276	0.29894	-0.27848	-0.34423	0.32782	0.35235
0.50596	-0.45461	-0.90655	-0.70102	-0.595	0.47408	-0.44882	0.55291	0.51714	-0.50792	-0.55658
1.3081	-1.2889	-0.9705	-1.1186	-0.90048	1.3255	-1.3414	1.3336	1.2983	-1.3226	-1.2516
-0.31831	0.25206	-0.0097322	0.1006	-0.50874	-0.32148	0.27465	-0.39463	-0.26781	0.39071	0.38352
1.5944	-1.6034	-1.6587	-1.5329	-1.7314	1.6395	-1.6803	1.6396	1.486	-1.5772	-1.676
-0.097694	0.042006	0.078954	0.48569	1.1344	-0.099054	0.12928	-0.22367	-0.11138	0.18345	0.18279
0.84231	-0.83712	-1.1103	-0.879	-0.4005	0.84237	-0.84853	0.81271	0.90818	-0.87922	-0.82915
1.0727	-1.0555	-1.0406	-1.0909	-1.0727	1.0366	-1.0638	1.0356	1.1029	-1.1273	-1.0833
-1.507	1.4966	1.3549	1.4759	1.6831	-1.5044	1.4749	-1.4633	-1.4964	1.4521	1.4833
-0.68711	0.70822	0.79857	0.6605	0.60696	-0.70718	0.72133	-0.66567	-0.78421	0.62409	0.74359
-0.46807	0.54295	0.57445	0.30966	0.104	-0.49551	0.48793	-0.46448	-0.49084	0.47786	0.49018
-0.48758	0.45984	0.47828	0.60184	0.36055	-0.4772	0.44729	-0.53329	-0.44186	0.56145	0.52229
-0.94314	0.98623	0.97092	0.97512	1.0059	-0.98916	1.004	-1.0228	-0.90488	0.90841	1.0187
1.1889	-1.2136	-1.3509	-1.4577	-1.1403	1.183	-1.1826	1.1323	1.1808	-1.1958	-1.1563
0.52954	-0.52409	-0.8432	-0.56935	-0.94986	0.55989	-0.59389	0.52911	0.72095	-0.6233	-0.60548
-1.0459	1.1415	1.3256	0.99069	0.26167	-1.0611	1.098	-0.97421	-1.0823	0.98256	1.0387
0.12264	-0.043632	-0.41153	-0.09047	0.57191	0.068775	0.0093532	0.21648	0.075835	-0.19353	-0.19251
0.042334	0.0028007	0.0029409	0.067767	-0.19632	-0.021863	0.014556	0.0046453	0.056375	0.0059893	0.0062452
0.3815	-0.38481	-0.75499	-0.38578	0.12688	0.37765	-0.33175	0.4191	0.41418	-0.38899	-0.4225
-0.6351	0.58768	0.54036	0.6499	0.61006	-0.59361	0.58898	-0.62146	-0.64566	0.64341	0.66117
0.89601	-0.98723	-1.0413	-0.87093	-0.76205	0.92059	-0.9279	0.83934	1.0033	-0.90649	-0.84248
-0.38453	0.45468	0.45486	0.38724	0.39581	-0.41477	0.41963	-0.35467	-0.44417	0.35804	0.33611
-0.44343	0.42641	0.40906	0.50778	-0.021961	-0.4456	0.41633	-0.48904	-0.33154	0.51717	0.44925
0.90243	-0.8426	-0.73681	-0.67425	-1.021	0.85286	-0.85771	0.87807	0.7251	-0.8675	-0.78382
-0.72452	0.68072	0.14762	0.62718	0.84703	-0.6396	0.6499	-0.64608	-0.64789	0.68487	0.6774
-0.3116	0.38186	0.34514	0.371	0.63338	-0.36028	0.41148	-0.19654	-0.37286	0.26279	0.26419
0.25776	-0.24225	0.07931	-0.44304	-0.65248	0.24332	-0.22118	0.27336	0.27724	-0.32959	-0.2925
0.040553	-0.034844	0.10664	0.021828	0.39079	0.049768	-0.060234	0.038311	-0.024632	-0.0095688	-0.023965
-0.24592	0.20924	0.1635	0.19626	-0.14203	-0.20967	0.23124	-0.14328	-0.22568	0.16208	0.15846
2.0852	-2.137	-1.7875	-1.9835	-1.7813	2.1471	-2.1424	2.1688	2.0453	-2.1623	-2.1071
-0.23709	0.23018	0.5469	0.33517	0.73545	-0.23907	0.26753	-0.2209	-0.25053	0.27355	0.19049
-2.8531	2.8764	2.4634	2.8848	2.4416	-2.8781	2.8956	-2.8187	-2.8835	2.8618	2.8135
-0.33863	0.30385	0.65127	0.33919	-0.27267	-0.35983	0.38832	-0.34286	-0.30314	0.35724	0.34051
-0.60388	0.6666	0.91419	0.83611	1.2648	-0.65165	0.69946	-0.68034	-0.59082	0.63634	0.64541
-1.3239	1.3988	1.3997	0.92572	-0.064745	-1.3595	1.2902	-1.2845	-1.252	1.3177	1.2296
-1.0435	0.96936	0.64048	0.70899	0.90322	-1.0127	0.9908	-1.1095	-0.88941	1.0723	1.0495
-0.11191	0.15343	0.36309	0.11554	-0.15244	-0.13839	0.13387	-0.04673	-0.19885	0.037555	0.089551
-0.44946	0.45379	0.60322	0.57552	0.96253	-0.41512	0.43852	-0.42041	-0.46169	0.43686	0.44708
0.40587	-0.41483	-0.65117	-0.62422	-0.25502	0.42423	-0.45405	0.38867	0.40003	-0.37922	-0.35936
0.74054	-0.73101	-0.71483	-0.89383	-0.86647	0.72156	-0.70721	0.71199	0.919	-0.74173	-0.83382
-0.22508	0.27481	0.42891	0.25449	0.74222	-0.2816	0.32705	-0.23011	-0.36021	0.25392	0.26167
0.24816	-0.283	-0.25778	-0.21382	-0.52894	0.24069	-0.24819	0.24077	0.3945	-0.28981	-0.29964
-0.73869	0.81933	0.64574	0.78044	-0.081058	-0.74333	0.73999	-0.63362	-0.82034	0.70455	0.73354
0.21366	-0.16209	-0.26056	-0.38561	-0.68316	0.20136	-0.19094	0.25718	0.24683	-0.29234	-0.23913
1.5232	-1.5062	-1.332	-1.1789	-0.96517	1.5292	-1.5128	1.5074	1.5062	-1.4952	-1.5219
-1.2324	1.1849	1.0842	1.1406	1.4713	-1.2051	1.2054	-1.227	-1.3041	1.2526	1.2443
0.73165	-0.82045	-0.90401	-0.64923	-0.86108	0.81331	-0.86371	0.7193	0.79828	-0.70196	-0.74865
0.22006	-0.32002	-0.44838	-0.17857	-0.21521	0.26739	-0.28439	0.096142	0.23729	-0.091934	-0.18968
-0.67311	0.74648	0.51482	0.62614	0.86151	-0.71964	0.76739	-0.73766	-0.75787	0.70016	0.72791
-1.5282	1.483	1.0056	1.419	2.1183	-1.5365	1.5582	-1.5927	-1.4466	1.6182	1.5265
-0.35885	0.30916	0.58615	0.10249	0.18817	-0.32566	0.32261	-0.3652	-0.32362	0.34865	0.36785
0.73326	-0.81813	-0.30328	-1.0449	-1.0431	0.77977	-0.81468	0.70872	0.73133	-0.70209	-0.69381
-1.9463	1.9469	2.1216	1.7384	0.90409	-1.9205	1.8837	-1.9227	-2.0656	1.9943	1.9668
-0.90083	0.9225	1.1863	0.86077	-0.15302	-0.92064	0.89482	-0.82875	-0.86541	0.80897	0.79988
2.7162	-2.7631	-2.6414	-2.8423	-2.5874	2.8259	-2.8165	2.855	2.7094	-2.7734	-2.7541
-1.5315	1.5179	1.3246	1.288	0.74031	-1.4993	1.5025	-1.4991	-1.4926	1.464	1.4736
-0.80883	0.7904	0.76817	0.76109	0.38415	-0.81026	0.78131	-0.78487	-0.77323	0.75494	0.75504
0.4473	-0.38112	-0.55857	-0.23069	-0.65584	0.41397	-0.41885	0.48289	0.46451	-0.49946	-0.52046
0.66098	-0.61551	-0.97594	-0.73334	-0.85956	0.63756	-0.64992	0.66211	0.65538	-0.66198	-0.6599
-0.59933	0.65946	0.75069	0.69181	0.17889	-0.63717	0.63447	-0.54467	-0.69724	0.59812	0.60859
