  1.4042268e+000	  1.1219032e+000	  8.5167637e-001	 -1.3751954e+000	  5.2847181e-001	  1.2742707e+000	 -8.3720033e-002	  2.3002748e+000	  8.4051806e-001	 -2.2665464e-002	  1.5894116e+000	
 -9.1046813e-003	  6.0901964e-003	  4.6869134e-001	  1.7631635e+000	 -1.6764776e-001	  9.3718232e-001	  2.1044137e-001	 -1.4319014e-001	  1.3446073e+000	 -3.1847343e-001	  9.2772265e-001	
 -1.2189164e+000	  1.8274525e+000	  3.5773307e-001	 -3.1485662e-001	 -4.7934309e-001	 -1.3670932e+000	 -3.2131194e-001	 -9.4489408e-001	  5.2272270e-001	  2.6635864e-002	 -7.3892749e-002	
 -1.2189164e+000	 -1.3391570e+000	 -1.1634691e+000	 -1.3751954e+000	 -1.0403947e+000	 -1.3670932e+000	 -1.3056213e+000	 -4.9579141e-001	 -1.2196726e+000	 -1.5214258e+000	  7.2532368e-001	
  1.1526538e+000	 -2.5783748e-001	 -3.9749908e-001	 -2.0821335e-001	 -1.0992705e+000	  1.2967965e-001	  1.4691128e+000	  2.2796909e-001	 -1.6766034e-001	 -3.5812484e-002	  1.1093627e+000	
 -3.6809087e-001	 -1.5048304e+000	 -7.8764270e-001	 -1.3751954e+000	 -6.5943372e-001	 -5.4449704e-001	 -3.0999804e-001	 -5.1434937e-001	 -4.2518418e-001	 -4.6966417e-001	  1.1145525e+000	
  4.2337475e-001	 -7.6478766e-001	 -1.1634691e+000	  6.9059131e-002	  2.6526242e-001	 -1.0023334e+000	 -4.9102044e-001	 -5.9679312e-002	  4.7340962e-001	 -3.5791449e-001	 -8.9461900e-002	
 -1.5043783e-001	  4.0851457e-001	  4.0784326e-001	 -1.3751954e+000	 -2.8193605e-001	  1.5258291e+000	  8.4684826e-001	 -3.2258377e-001	 -1.1292653e+000	 -4.4337013e-001	  3.6204349e-001	
 -9.4331678e-001	 -6.8378016e-001	  4.2754730e-002	 -5.0986144e-001	  1.7787164e+000	 -4.9166976e-001	  7.1846095e-002	 -3.0402581e-001	  2.5698002e-001	  4.7363457e-001	  6.1893448e-001	
 -8.2035694e-001	  7.2993144e-001	 -1.7200323e-001	 -3.4227917e-001	 -1.5252541e+000	 -1.3670932e+000	 -7.4558320e-001	 -1.0754184e+000	  1.7391119e+000	  1.2920366e+000	 -1.1281563e-001	
 -1.2189164e+000	 -1.5957679e+000	  1.6445091e-001	  1.5712057e+000	  1.3365773e-001	 -1.3670932e+000	 -1.7836335e+000	 -1.1948080e+000	 -1.0794043e+000	 -2.0343700e-001	 -9.0165262e-001	
  1.1526538e+000	  4.1635401e-001	  2.1509620e+000	  1.9093715e-001	  9.0596949e-001	 -7.5077498e-001	  1.7519603e+000	  4.2592069e-001	  9.8023844e-001	 -1.5214258e+000	  1.2235365e+000	
  2.3992121e+000	  2.0103726e+000	  1.0700136e+000	  1.4615155e+000	  1.0548906e+000	 -9.1691803e-002	 -1.1472267e+000	 -2.1432899e-001	  8.0490307e-001	  6.4783259e-001	  8.1873859e-001	
  7.5692097e-001	  1.2786919e+000	  5.7607032e-001	  9.7095645e-001	 -1.1477564e+000	  1.9760043e-001	  4.8197498e-001	  7.1975508e-001	  1.5747349e+000	  1.2427353e+000	  8.6544604e-001	
  9.0673411e-001	  4.5287376e-002	  1.9648384e+000	  7.3329432e-001	  1.0029414e+000	  1.0403213e+000	  1.7932815e-001	  4.9396654e-001	  3.4650695e+000	  2.9156937e+000	 -5.4096728e-001	
 -5.1790401e-001	  4.6077748e-001	  1.3384611e+000	 -1.7469690e-001	  1.1103031e+000	 -5.1179444e-001	  1.2145500e+000	  2.2693449e+000	  1.4514523e+000	  2.2583426e+000	  7.5127227e-001	
  1.1413471e+000	  4.0328828e-001	 -3.6528539e-001	  6.2965230e-002	  1.3077101e+000	 -7.3819706e-001	 -5.8153164e-001	 -1.1948080e+000	 -9.2653376e-001	 -1.5214258e+000	 -1.1107982e+000	
 -6.9033045e-001	 -1.2665116e+000	 -1.1634691e+000	 -7.8408698e-001	 -9.7805562e-001	 -7.8096200e-001	 -1.7211242e+000	 -1.1948080e+000	 -1.2196726e+000	  9.5021407e-001	 -1.3687272e+000	
  1.1243872e+000	 -3.3100554e-001	 -8.4849079e-001	 -1.3751954e+000	 -8.9493686e-001	  7.0323295e-001	 -5.5890384e-001	  4.1973470e-001	  1.2273887e-001	  1.3709187e+000	 -4.8128554e-001	
  1.4975067e+000	 -3.5713700e-001	 -6.0509844e-001	  8.1251503e-001	  1.4600945e+000	  6.7304593e-001	  4.6389819e-002	  2.1250413e-001	  6.0217154e-001	  4.3748026e-001	 -3.1521459e-001	
  1.0537206e+000	  2.6479158e-001	  7.5503529e-001	  1.0623650e+000	  2.0530332e-003	  8.7177712e-001	 -1.2009677e+000	  1.2331920e+000	 -2.6902611e-001	  3.8817893e-001	  3.5091310e-002	
  7.2017435e-001	  2.7524416e-001	  5.4385663e-001	  4.2250538e-001	  2.1677648e-001	  8.0385634e-001	 -3.8070991e-001	  1.0445194e+000	  5.4463962e-001	  1.0192359e+000	  3.6463834e-001	
 -6.7054381e-001	  9.6250137e-001	 -1.1634691e+000	 -1.0161580e-002	 -1.5512287e+000	  9.3215115e-001	  2.6701087e-001	  1.0352404e+000	 -4.1696533e-001	  2.3698820e-001	 -3.5673233e-001	
 -2.3523772e-001	  1.7594464e-001	  5.3492628e-002	 -9.9737351e-001	  1.7129141e+000	 -5.1442449e-002	  1.1579805e+000	  9.8575253e-001	 -6.2243647e-001	 -2.4616482e-001	  1.0255763e-001	
  1.5285999e+000	  1.5661379e+000	  1.4565779e+000	 -1.3751954e+000	  2.8950539e-001	  1.0703939e-001	 -7.5689710e-001	  1.2703079e+000	  1.3369733e-001	  3.1258356e-001	  2.5046457e-001	
  8.3324087e-001	 -3.6236329e-001	  6.6913211e-001	  6.0532240e-001	  1.3492695e+000	 -1.1193094e-002	  7.9310723e-001	  1.7930239e+000	  2.8711579e-001	  1.1537825e-001	  2.6343886e-001	
  1.6925464e+000	  1.5138750e+000	 -8.2629914e-001	 -3.6360782e-001	 -5.4514544e-001	  1.0201966e+000	 -9.8034663e-001	  7.3319414e-002	  2.1314618e-001	  2.6656899e-001	 -1.2693441e+000	
 -2.0979775e-001	  1.1219032e+000	  8.6241427e-001	  2.0983281e+000	  1.1634132e-001	  1.3245824e+000	  3.9712073e-001	  2.2487610e-001	  1.8486965e+000	  1.7127413e+000	  1.8488974e+000	
 -1.2189164e+000	 -1.3213876e+000	 -2.3285132e-001	 -3.2399747e-001	 -1.4978942e+000	 -1.3670932e+000	 -4.3445094e-001	 -1.1948080e+000	 -1.0079003e+000	  4.9643150e-002	 -1.3687272e+000	
 -1.2189164e+000	 -1.1934078e-001	 -1.1634691e+000	 -1.0491717e+000	 -1.1719994e+000	  5.4212107e-002	 -1.7705971e-001	  4.1664170e-001	 -1.2196726e+000	 -4.3679662e-001	 -2.0623053e-001	
 -1.2189164e+000	 -7.0207217e-001	 -9.1757127e-001	  2.0312495e-001	 -8.7762046e-001	  9.0699531e-001	  4.0843463e-001	 -4.0609460e-001	  7.8905028e-002	  1.4366538e+000	  1.6153602e+000	
 -5.1507734e-001	 -4.3553136e-001	  1.6140671e+000	  1.4005765e+000	 -9.8498218e-001	  4.5167448e-001	 -9.8034663e-001	 -5.5146530e-001	 -8.0873031e-001	 -8.4435426e-001	 -9.5354979e-001	
  1.9469461e+000	  1.0696403e+000	  1.4207850e+000	  1.2147125e+000	  1.8306656e+000	 -5.8989202e-002	 -1.2349094e+000	  9.9812450e-001	  2.0404695e+000	  1.0258094e+000	  2.5235606e+000	
  7.0886770e-001	  5.4962442e-001	 -8.7533554e-001	 -7.5971138e-001	 -3.8237121e-001	  1.1710172e-001	  1.8650993e+000	  8.8677673e-001	  1.5893878e-002	 -1.8042971e-001	  1.9786404e+000	
  6.7777441e-001	  1.3413432e-001	 -9.4083671e-001	  1.1598674e+000	  6.2890698e-001	  1.0881174e+000	  1.6105365e+000	 -2.9165383e-001	  2.4788080e+000	  1.8967996e+000	  3.2496451e-002	
 -1.2189164e+000	 -1.1828909e+000	 -1.1634691e+000	 -4.6111024e-001	 -1.1823892e+000	 -1.3670932e+000	 -8.4175135e-001	 -1.1948080e+000	 -1.2093990e+000	 -1.5214258e+000	 -1.3687272e+000	
 -1.2189164e+000	 -1.0835914e+000	 -1.1634691e+000	 -1.3751954e+000	 -1.6055330e+000	 -1.3670932e+000	 -1.7836335e+000	 -1.1948080e+000	 -1.2196726e+000	 -1.3117308e+000	 -1.3687272e+000	
 -1.1838658e+000	  1.0696403e+000	 -1.0002531e+000	  6.2665105e-001	 -1.4383257e+000	  1.4755174e+000	  3.9626936e-003	  1.1187513e+000	  6.5696384e-001	  7.5958227e-001	  6.6045222e-001	
  4.9404132e-001	  2.2559440e-001	  1.1308617e+000	  1.2360411e+000	  1.2730773e+000	  2.1295695e+000	 -1.0340877e+000	 -1.6484109e-001	  5.9943192e-001	  7.8258955e-001	 -7.1297890e-002	
  2.3681499e-001	 -1.5957679e+000	  1.6803020e-001	  1.0806467e+000	  5.8388432e-001	 -1.3670932e+000	 -1.9968751e-001	 -1.1948080e+000	 -1.0131056e+000	 -1.5214258e+000	 -1.3687272e+000	
  8.0497424e-001	 -2.5267547e-002	 -4.6908507e-001	  4.4688098e-001	  8.9557965e-001	 -1.0199425e+000	 -6.9184217e-001	 -1.1948080e+000	  4.0217963e-001	  1.2523852e-001	 -1.0313955e+000	
  3.6118816e-001	  1.0696403e+000	  2.7898848e-001	  1.1476796e+000	  1.0722070e+000	 -1.1433206e-001	 -2.5060006e-001	  1.4713525e+000	  1.3095772e-001	 -2.6259859e-001	 -3.2040431e-001	
 -3.3982424e-001	 -9.5293412e-001	 -4.2971278e-001	 -9.4252840e-001	 -1.7111104e-001	  3.0073940e-001	 -1.0991426e+000	 -1.1948080e+000	 -1.2196726e+000	 -5.8141384e-001	 -1.3687272e+000	
 -1.0529913e+000	 -1.5957679e+000	 -5.8004335e-001	 -1.1031027e+000	 -1.3994151e-001	 -1.1271064e+000	 -4.2879399e-001	 -1.1948080e+000	 -1.2196726e+000	 -2.5952219e-002	 -1.2789451e+000	
 -4.1331748e-001	 -3.3623184e-001	  2.3764579e+000	  6.7540226e-001	  5.1461869e-001	  2.9056261e-002	  1.2994043e+000	 -1.1948080e+000	 -1.2196726e+000	 -2.5602508e-001	 -1.3687272e+000	
 -9.4953544e-001	 -1.5957679e+000	  1.7178668e+000	  3.2495726e-002	  1.6609648e+000	 -1.3670932e+000	  2.8267808e+000	 -1.1948080e+000	 -8.5530377e-001	 -9.1994963e-001	 -1.3543516e+000	
 -1.2189164e+000	 -4.5643652e-001	 -7.3395322e-001	 -2.7219931e-001	  3.0335852e-001	 -1.9231519e-001	 -1.8271666e-001	 -1.1948080e+000	 -2.1423380e-001	 -4.8609794e-001	 -1.3687272e+000	
 -5.8857058e-001	  3.7976997e-001	  1.7876810e-001	  7.3329432e-001	 -1.1477564e+000	  3.4098876e-001	 -2.6474244e-001	  2.2487610e-001	 -1.4574342e-001	  1.6775598e-002	  1.0652501e+000	
 -9.9758871e-001	 -9.4509469e-001	  1.5729231e-001	 -1.3751954e+000	 -9.9883531e-001	 -1.3670932e+000	 -1.7836335e+000	 -8.9447829e-001	 -1.1415936e+000	  8.2203062e-001	 -5.5653644e-001	
  2.0600126e+000	  1.3832178e+000	  1.7699635e-002	 -6.5006687e-002	 -4.3085715e-001	  1.5006733e+000	  7.7047943e-001	  1.0043105e+000	 -1.2196726e+000	 -8.5750128e-001	 -3.2040431e-001	
  2.7073495e-001	  3.4770511e-003	  1.5031088e+000	 -1.3751954e+000	  1.2834672e+000	 -1.9483077e-001	 -1.9120209e-001	  1.8466718e-001	 -2.4436957e-001	 -1.0579933e+000	  2.0824347e+000	
 -1.2189164e+000	 -1.5957679e+000	  5.6891173e-001	  6.6012180e-002	 -1.4126974e+000	 -1.3670932e+000	 -1.1528836e+000	 -1.1948080e+000	 -1.0813220e+000	 -1.5214258e+000	 -1.2760907e+000	
  3.8380147e-001	  7.9264693e-001	 -1.1634691e+000	  1.6077691e+000	  1.2557609e+000	  6.5292126e-001	 -2.0251599e-001	  8.3419584e-001	 -9.6324461e-001	  7.5629551e-001	  7.9203905e-002	
 -1.2189164e+000	 -1.5724063e+000	  3.6131237e-001	 -2.0211945e-001	  6.0466401e-001	 -1.3670932e+000	 -2.7150532e-002	 -6.5044109e-001	 -3.5395418e-001	  7.5937192e-002	 -1.3687272e+000	
 -4.4441077e-001	  6.8805683e-002	  8.3377987e-001	  8.2165588e-001	  2.3409289e-001	  6.7556152e-001	 -1.1670260e+000	  8.6203278e-001	 -8.0051146e-001	  6.4454584e-001	  5.5146816e-001	
 -2.1545107e-001	  6.0188732e-001	  7.5861459e-001	 -1.3751954e+000	 -1.0473212e+000	 -1.3122535e+000	 -5.5890384e-001	  1.4837245e+000	 -1.2196726e+000	  4.0132595e-001	 -1.8547167e-001	
  3.5836150e-001	 -8.5624775e-001	 -1.1634691e+000	 -2.9657492e-001	  5.0422884e-001	  1.1736473e+000	  1.2145500e+000	 -5.3290733e-001	 -4.2792379e-001	 -1.5214258e+000	 -8.0045314e-001	
 -4.0766415e-001	 -1.5957679e+000	 -1.1634691e+000	  2.5492310e-001	 -7.0445638e-001	 -1.3670932e+000	 -1.4187603e+000	 -1.1948080e+000	 -1.2196726e+000	 -8.8379532e-001	 -1.1123551e+000	
 -8.5424580e-002	 -4.3030507e-001	  1.9863142e+000	  1.1964308e+000	 -1.5033135e-001	 -3.6337495e-001	  9.9110049e-001	 -3.0402581e-001	  4.3779462e-001	  5.2929905e-002	 -1.6990251e-001	
 -8.7123687e-001	  2.0730238e-001	 -3.0085800e-001	 -4.7634499e-001	 -1.3964200e+000	 -3.3067235e-001	 -1.6942566e-003	  1.2486570e+000	 -6.9034195e-002	  1.4167230e-001	 -1.2060020e-001	
 -9.2777013e-001	 -5.1915201e-001	  9.4473815e-001	  1.2878393e+000	 -7.7372201e-001	  6.7556152e-001	 -6.0415944e-001	  5.4654744e-001	  3.3916848e-001	  6.9056041e-001	 -1.3551820e+000	
  3.8948588e-002	  2.1671613e+000	 -4.5476787e-001	  2.9758041e-001	 -2.1959698e-001	  1.1484914e+000	 -3.1282651e-001	 -4.4321052e-001	 -1.2382650e-001	  2.7642926e-001	 -4.3976780e-001	
  1.1554804e+000	  6.8550797e-001	 -6.1941564e-001	 -1.3751954e+000	  1.3354164e+000	 -8.8410097e-001	  3.9712073e-001	 -1.1948080e+000	  8.0764268e-001	 -2.1658402e-001	  8.0057458e-001	
 -3.4544648e-002	 -8.4318202e-001	 -8.5779697e-001	 -8.3288389e-002	  1.5051172e+000	 -3.9607755e-001	 -1.7836335e+000	  3.0017503e-002	 -1.5944150e-001	 -1.0284125e+000	  1.3039771e+000	
  1.8056129e+000	  6.3063192e-001	  1.2668751e+000	  8.1246932e-002	  1.5639930e+000	 -1.5458142e-001	  2.1326985e-001	  1.8177678e+000	  5.4463962e-001	 -9.9554500e-001	  1.4337201e+000	
  1.2374848e-001	 -8.3795573e-001	  1.7160950e-001	  2.4882920e-001	 -3.3042199e-001	 -1.3596723e+000	 -7.5234608e-002	 -1.0621185e+000	  1.0414647e-002	 -1.1171549e+000	  1.0470861e+000	
 -1.1931344e-002	  1.3832178e+000	 -1.1634691e+000	 -9.5471620e-001	 -9.1571655e-001	 -3.8864525e-002	 -3.9485229e-001	 -1.1948080e+000	 -1.1920025e+000	 -1.5214258e+000	 -1.1800534e-001	
 -1.2189164e+000	 -1.5957679e+000	 -1.1634691e+000	  2.2750055e-001	 -6.2826419e-001	 -8.4133603e-001	 -9.4923340e-001	 -1.1948080e+000	  4.2409655e-001	  1.5188227e+000	 -4.9685469e-001	
 -5.7161060e-001	  3.9022255e-001	 -1.1634691e+000	  8.6431318e-001	 -5.1051262e-001	  1.4252057e+000	 -1.0179682e-002	  4.7231559e-001	  1.0414647e-002	  3.0601005e-001	  4.8400184e-001	
  1.2120137e+000	  1.5400065e+000	 -3.4023029e-001	 -8.6026074e-001	 -6.8367669e-001	 -1.8476844e-001	  9.2321709e-001	  1.0074035e+000	  6.8162038e-001	 -7.0631054e-001	  5.0476070e-001	
  9.9153399e-001	 -3.0493838e-002	 -1.2547234e-001	 -1.4118045e-001	  3.7262415e-001	  1.0227122e+000	 -5.9284554e-001	  3.4240986e-001	  1.0405100e+000	  3.7831867e-001	  5.9817561e-001	
  8.1062757e-001	 -4.4075765e-001	 -1.1634691e+000	  4.5297488e-001	  1.5397500e+000	 -4.7909184e-001	  7.1846095e-002	  8.5893979e-001	  2.1500541e+000	  7.0370743e-001	  6.1374476e-001	
  1.9752127e+000	  1.0173774e+000	  6.5839421e-001	 -1.1402755e+000	 -7.3908920e-001	 -1.0979257e+000	 -3.8353839e-001	 -6.7827803e-001	  6.2408846e-001	  9.6007433e-001	 -1.3687272e+000	
 -2.4937103e-001	  2.5433900e-001	  1.3939581e-001	 -8.2369733e-001	 -1.1581463e+000	  9.7240051e-001	  2.9682046e+000	 -7.2467294e-001	  8.5421614e-001	  2.6328224e-001	  1.6927300e-002	
 -2.5502436e-001	 -6.4719612e-001	 -1.1634691e+000	  9.1611134e-001	 -7.9103842e-001	  2.4062838e+000	  3.9146378e-001	  3.7952578e-001	 -1.2196726e+000	 -1.2213451e+000	 -1.0503105e-001	
  7.2300102e-001	  3.8499626e-001	 -1.0016848e+000	 -2.8438711e-001	  1.5097414e-001	 -1.3670932e+000	  7.5633706e-001	 -5.4527931e-001	 -6.1969686e-001	  7.2342796e-001	  1.2780285e+000	
 -7.9771254e-002	  1.8274525e+000	  2.0471623e+000	  3.1038217e+000	  1.5570664e+000	  1.4503616e+000	  1.8085298e+000	  8.5893979e-001	  2.0404695e+000	 -8.2134697e-001	  8.8620491e-001	
 -4.6985074e-001	  8.5536241e-001	 -1.1634691e+000	 -6.4392726e-001	 -6.6982357e-001	 -9.9730228e-001	 -5.8263758e-002	  7.7852196e-001	 -4.2244456e-001	 -1.3600461e+000	 -4.5349305e-002	
 -1.2189164e+000	 -3.9110789e-001	 -1.1473444e-001	 -1.3751954e+000	  4.6266947e-001	 -9.4950617e-001	 -4.5227316e-003	 -1.1948080e+000	 -1.0377621e+000	 -1.5214258e+000	 -1.2688251e+000	
  6.8908106e-001	  5.4178498e-001	  4.6153275e-001	  8.9173574e-001	  1.5097414e-001	  1.0428369e+000	 -4.5142179e-001	 -6.1023217e-001	 -4.4377657e-002	 -1.2834647e+000	  4.8400184e-001	
  4.0358811e-001	  9.8601968e-001	 -2.6148571e-001	 -5.2814315e-001	 -1.0334681e+000	  1.5006733e+000	 -5.5324689e-001	  1.4775385e+000	  1.0816042e+000	  4.9643150e-002	  7.5905684e-001	
  1.5907865e+000	  1.0435089e+000	 -1.1634691e+000	  1.5742526e+000	  1.4981906e+000	 -1.3670932e+000	 -5.8153164e-001	  6.7133426e-002	  4.4053424e-001	 -7.2274432e-001	  2.8608923e+000	
  2.6225496e-001	 -7.9353226e-001	  1.0360282e-001	 -6.2869251e-001	 -9.8382129e-002	  1.1484914e+000	  2.2741222e-001	  1.4552535e-002	 -1.1689897e+000	  1.0652505e+000	 -8.9646290e-001	
 -1.2189164e+000	  2.4911271e-001	  1.2990888e+000	 -1.3751954e+000	  1.4150719e+000	  1.1447168e-002	  4.4520480e-001	  5.6510540e-001	  3.2273078e-001	 -7.2603107e-001	  7.4867741e-001	
  1.5568666e+000	  2.7420533e+000	  8.9285621e-002	  3.6766027e-001	 -1.4168534e+000	 -8.1366460e-001	  1.1014110e+000	  4.6612960e-001	  5.6655654e-001	 -1.3636616e+000	  7.4348769e-001	
 -6.9881043e-001	 -7.2820363e-001	  3.8278816e-001	 -2.3868286e-001	  7.5704839e-001	  1.1710172e-001	  7.8462181e-001	 -1.1948080e+000	  6.2408846e-001	  1.8440011e-001	  4.8065603e-002	
  2.0572170e-001	 -1.2201821e-002	 -1.1634691e+000	  5.0172609e-001	 -1.2308752e+000	  4.4149769e-002	  7.7047943e-001	  1.0228685e+000	 -8.7448107e-001	  1.9625347e+000	 -5.0982898e-001	
 -1.2189164e+000	 -8.2750315e-001	 -1.1634691e+000	 -1.3751954e+000	 -1.0057619e+000	  9.7491609e-001	 -4.8819197e-001	 -1.8958504e-001	 -1.1467988e+000	 -1.2784163e-001	 -6.8887422e-001	
 -7.6099702e-001	 -1.1985698e+000	 -1.2189304e-001	 -1.3081624e+000	 -3.2579781e-002	  7.4336784e-002	 -5.8718859e-001	 -7.4941689e-001	 -6.0873840e-001	  1.2723161e+000	  1.3888565e-001	
  1.4070845e-001	  1.3832178e+000	  1.8860939e+000	  3.6766027e-001	  1.9946008e-001	  1.6767642e+000	  1.8368145e+000	  9.5791559e-001	  5.4190000e-001	 -7.4246485e-001	 -3.0483516e-001	
 -8.8819685e-001	 -2.2647973e-001	  6.3333911e-001	 -1.3751954e+000	  1.0895234e+000	  1.9005368e-001	  8.6381911e-001	 -1.1948080e+000	 -1.2196726e+000	  6.3468557e-001	 -1.0236110e+000	
  2.2296124e+000	  4.1896715e-001	 -8.9036859e-001	  5.1391389e-001	  1.4912641e+000	 -1.1437093e+000	  1.3842585e+000	  1.3259818e+000	  3.9396078e-001	  8.1874386e-001	  4.7621726e-001	
 -1.2189164e+000	 -8.1705057e-001	 -1.1634691e+000	 -1.3048108e+000	  3.4145462e-001	 -3.3067235e-001	  3.3206580e-001	 -4.6176848e-001	 -1.2196726e+000	 -8.9365559e-001	 -1.2555913e+000	
 -9.7017008e-001	 -9.0851065e-001	 -8.4347977e-001	 -5.8912786e-002	 -1.2862877e+000	 -1.0450984e+000	 -1.0652009e+000	 -1.1948080e+000	  1.4191618e-001	 -1.2946397e+000	 -1.3687272e+000	
 -6.2469251e-004	 -9.1896323e-001	  2.2171969e-001	 -4.8548584e-001	 -2.3345011e-001	  1.5509850e+000	  1.5670035e-001	  5.9294234e-001	  2.1040656e-001	 -5.8470060e-001	  1.9337768e-001	
 -5.4617064e-001	  5.3655869e-001	  2.7540918e-001	  1.4615155e+000	  2.4794602e-001	  1.5509850e+000	  1.2994043e+000	  2.3621347e+000	  1.3062527e+000	  1.1375591e+000	  9.6405067e-001	
 -1.2189164e+000	 -1.1436937e+000	  2.0865346e+000	  1.4767502e+000	  7.6743823e-001	  9.9492631e-002	 -1.6286331e+000	 -1.1948080e+000	 -7.7253040e-002	  6.7412663e-001	 -6.3697705e-001	
 -1.1683191e+000	 -2.0034828e-001	 -1.1634691e+000	 -1.3751954e+000	 -1.4061172e+000	 -1.3194116e-001	  1.5822518e+000	 -1.1948080e+000	 -1.2196726e+000	 -1.5214258e+000	 -1.3687272e+000	
 -1.5891782e-001	 -4.0156047e-001	 -1.1634691e+000	  4.1636577e-002	  7.9514449e-001	  9.9492631e-002	  8.9493234e-001	  1.5919793e+000	  7.8572576e-001	  1.7028810e+000	  1.3110108e-001	
 -8.1187695e-001	 -8.3795573e-001	  2.3603689e-001	  7.3938822e-001	 -8.4645092e-001	 -5.7719964e-001	 -8.6548508e-002	 -9.9036109e-001	 -6.6294579e-002	  6.4454584e-001	  5.0476070e-001	
