  1.1125345e-001	  9.2746221e-001	 -9.6921171e-001	 -1.4282466e-001	  1.2905307e+000	 -4.2318876e-002	  5.2643304e-001	  2.1219194e-001	  4.6124751e-001	  6.5321269e-001	  6.9305284e-001	
 -1.1999359e+000	 -1.3657684e+000	  1.1218956e+000	  6.6813212e-001	  6.8103057e-001	  3.7713502e-001	  6.6351554e-001	 -7.5482401e-002	 -1.3271826e+000	 -1.1978773e+000	 -4.1981126e-001	
 -1.2349050e+000	 -1.4312892e+000	  1.4755610e-001	  9.3461310e-002	 -1.2415069e+000	 -3.8994847e-001	 -5.6246763e-001	 -8.8498461e-001	 -5.4224338e-001	 -4.6557794e-001	  1.1765102e+000	
 -1.2875107e+000	 -1.4312892e+000	 -1.5130291e+000	 -7.9334035e-001	 -3.2551530e-001	 -1.5448832e+000	 -1.7005111e+000	 -1.0438745e+000	 -1.7284558e+000	 -1.3385737e+000	 -1.6299749e+000	
 -1.2875107e+000	 -1.8069517e-001	 -1.5130291e+000	  7.9648499e-001	 -1.8854420e+000	  6.7305112e-001	  6.4282385e-001	  1.3327838e+000	  8.1523969e-001	 -9.8259482e-001	 -1.3867260e+000	
 -1.2875107e+000	 -6.2794635e-001	 -1.1019290e+000	 -1.1375594e+000	 -7.7132108e-001	  1.5291967e+000	  4.5918501e-001	  2.2891719e-001	 -1.7396604e+000	 -1.1441979e+000	 -1.3721310e+000	
  1.3062846e+000	 -3.0034199e-001	 -2.8620299e-001	  1.0298539e+000	  2.9095051e-001	  2.5072425e-001	  3.0141081e-001	  4.8648607e-001	  2.9502509e-001	  5.0912602e-001	 -2.5561819e-001	
  9.4138959e-001	  1.0157729e+000	 -4.6747544e-001	 -7.2814001e-002	 -9.0018682e-001	  3.3978638e-001	  6.8162078e-001	 -2.8287553e-001	  2.2114846e-001	 -1.3385737e+000	 -6.9346636e-001	
 -1.2288752e-001	  2.4946360e-001	  2.8351044e-001	 -5.8914260e-001	  6.0440770e-001	 -9.8465365e-001	 -1.4604719e-001	 -8.7595297e-001	 -9.2827216e-002	  7.8599845e-001	 -6.5697901e-001	
 -3.2662056e-001	 -6.5643369e-001	 -1.5130291e+000	 -6.7082170e-001	 -1.0290526e+000	 -4.2318876e-002	  8.4198145e-001	  1.1989818e+000	  3.1041605e-001	  2.0517010e+000	  5.1365671e-001	
  1.6772612e+000	 -6.9631596e-001	  3.9356872e-001	  8.0231921e-001	  1.3950164e+000	 -1.0552426e-001	 -3.0640785e-001	 -6.3745088e-001	  1.8002614e+000	  1.0176672e+000	 -3.5899901e-001	
  5.0655637e-001	 -4.7126600e-001	 -8.5915343e-001	 -5.2788327e-001	 -1.6963681e+000	  1.3568184e+000	  1.5842962e+000	  5.6342223e-001	 -1.4515650e-001	 -8.9501273e-001	  1.0640075e+000	
  2.4830710e+000	 -1.0377937e-001	 -9.4655265e-001	  1.9049871e+000	  1.4437764e+000	 -9.4730501e-001	  8.1611683e-001	  3.6940931e-001	  1.1538409e+000	  1.1193755e+000	 -7.2995371e-001	
 -1.2212215e+000	  1.7393513e+000	  1.0571554e+000	  2.0508426e+000	  7.5417058e-001	 -7.0022943e-001	  1.2739207e+000	  1.7810206e+000	  2.0157349e+000	  8.6227963e-001	  6.0487508e-001	
  2.3614393e+000	  1.2265792e+000	  7.6906167e-001	  1.0881961e+000	  8.5517346e-001	 -3.6409172e-001	  3.9969638e-001	 -2.2600967e-001	  1.2431085e+000	 -4.6557794e-001	  2.2316026e+000	
 -5.1210886e-001	 -6.9346723e-001	  1.2837460e+000	  1.8972596e-001	  7.1934201e-001	 -1.5448832e+000	 -1.5639304e-001	 -1.1626238e+000	  7.3212848e-001	 -1.3385737e+000	  3.5250426e-001	
  6.0082091e-001	 -6.2509762e-001	  4.2270179e-001	  1.6132760e+000	 -5.9717820e-001	 -7.7205373e-001	 -1.3668574e+000	 -6.7424643e-001	 -9.5905409e-002	 -1.2937571e-001	 -1.6299749e+000	
 -5.6076152e-001	 -1.4654740e+000	 -1.1763802e+000	 -7.9042324e-001	 -8.2704680e-001	 -2.0895124e-001	 -5.7539994e-001	 -3.8657209e-001	 -3.7419744e-002	 -8.8936227e-001	  5.4102222e-001	
 -1.2875107e+000	 -9.8118932e-001	 -2.8296598e-001	 -1.1783990e+000	 -9.4894682e-001	 -1.5448832e+000	 -6.3230212e-001	 -3.1298098e-001	 -6.4690194e-001	  5.8823243e-001	 -8.7894371e-001	
 -1.2875107e+000	 -2.0348504e-001	 -4.1568331e-001	 -8.8377078e-001	 -3.0113529e-001	  7.1039975e-001	 -1.9001705e-001	 -1.1626238e+000	 -7.2693495e-001	  7.2949387e-001	 -8.3941575e-001	
  6.8682363e-002	  8.6763880e-001	  5.8455220e-001	 -3.0326575e-001	  1.4786050e+000	  3.7713502e-001	  1.2997853e+000	  1.2522063e-001	 -3.3292626e-001	 -4.3167519e-001	 -7.1779126e-001	
  3.6667995e-001	  5.1154710e-001	 -4.7718647e-001	  9.0544200e-002	 -4.6831246e-001	  1.0132972e-001	  1.1445975e+000	 -1.0244732e+000	  9.0758548e-001	  1.9669441e+000	  5.8967202e-001	
  8.3192108e-001	  5.2009330e-001	  5.7807819e-001	  8.3732454e-001	  2.0387907e-001	  5.4089441e-001	  1.9981301e+000	  2.3162287e+000	  1.5232241e+000	  7.3796956e-001	 -6.3265411e-001	
  2.8761937e-001	 -1.2461215e+000	  1.1218956e+000	 -3.8202774e-001	  1.5830907e+000	 -2.5081044e-002	 -5.5988117e-001	  5.9352769e-001	  6.5209547e-001	 -1.1040797e+000	  2.1567671e-001	
  2.3310314e+000	  1.3690159e+000	 -3.0562504e-001	  3.2391306e-001	  1.0153849e+000	  5.2078361e-001	  1.9722655e+000	  5.8014749e-001	  3.1965063e-001	  8.4815348e-001	 -2.9210554e-001	
 -1.2875107e+000	  5.0052250e-002	 -1.5130291e+000	 -8.1376012e-001	 -4.8572675e-001	  7.2189164e-001	  1.2221914e+000	 -5.8058502e-001	 -7.5771688e-001	 -1.3385737e+000	  3.4946365e-001	
  8.5016583e-001	  2.2097627e-001	 -1.2758959e-001	  1.6424471e+000	  1.4751221e+000	 -4.3591602e-001	 -1.9777643e-001	  5.7011233e-001	  1.3139069e+000	  9.7528878e-001	  9.1805814e-001	
  4.0621024e-001	 -1.3796417e-001	  1.1842303e-001	  1.1582067e+000	  3.2577909e-001	 -7.0884835e-001	  1.6877547e+000	  9.3137778e-001	  1.7189737e-001	 -1.8870551e-001	  4.5402422e-002	
  1.0569397e+000	  2.4946360e-001	  5.8778921e-001	  7.4397700e-001	 -1.4818240e+000	  1.3005944e-001	 -1.2323614e+000	 -1.1626238e+000	  3.3196340e-001	  3.7068980e-001	  6.0487508e-001	
 -5.6076152e-001	  2.8364841e-001	  7.3104916e-002	  3.9392371e-001	  1.4507421e+000	 -1.5448832e+000	 -5.4436239e-001	 -1.1626238e+000	  1.7805376e-001	 -1.3502616e-001	 -1.6299749e+000	
  2.3592591e-001	 -3.4022426e-001	  1.8858295e+000	  3.2974728e-001	 -8.3749538e-001	  1.6441156e+000	  3.8676407e-001	  1.0584897e+000	 -9.8242497e-001	  8.7075531e-001	 -7.7556289e-001	
 -1.1683117e+000	 -9.4415578e-001	  6.2339630e-001	 -4.6078973e-001	  5.7599048e-002	 -1.3952013e+000	 -1.7005111e+000	 -7.2107714e-001	 -1.7396604e+000	 -1.0419246e+000	 -1.6299749e+000	
  2.9674174e-001	 -4.9690461e-001	  9.2443806e-001	  3.2974728e-001	  1.1930107e+000	 -4.5028088e-001	  9.6354518e-001	  1.3762695e+000	  8.3370885e-001	  2.0117607e-001	  1.1765102e+000	
 -1.2875107e+000	 -3.0603945e-001	 -1.5130291e+000	 -1.3837636e+000	 -1.3041983e+000	 -4.4453494e-001	 -1.3047823e+000	 -1.1626238e+000	 -1.7396604e+000	 -1.3385737e+000	 -1.0765835e+000	
 -6.9759715e-001	  5.3433697e-001	 -7.4262114e-001	 -5.1621483e-001	  4.6509340e-001	 -5.3810763e-002	 -7.2541476e-001	 -1.9255917e-001	  8.1523969e-001	  8.2272642e-001	  1.1521853e+000	
 -3.3878373e-001	  1.9387626e+000	  3.2882856e-001	  9.6276030e-001	  1.0606621e+000	  1.2648833e+000	 -6.8453314e-002	  6.8354768e-002	  5.5974968e-001	 -1.9718120e-001	  3.6466671e-001	
  1.4826505e+000	 -6.9224227e-003	 -7.6528019e-001	  1.5763775e-001	  2.2129336e-001	  1.0580293e+000	  2.4192217e-001	  2.3496792e+000	 -1.3900011e-001	 -3.0171467e-001	  1.1521853e+000	
  7.8630921e-001	  1.0186217e+000	  1.1601761e-002	 -1.3990755e-001	 -1.1300554e+000	  7.5924027e-001	 -5.3143008e-001	  1.7539638e-001	 -3.3908265e-001	  1.6561689e+000	 -1.6299749e+000	
 -8.0316432e-002	  7.9926919e-001	  7.3104916e-002	 -1.4704017e+000	 -1.5622781e+000	  7.5349433e-001	  6.7903432e-001	  4.4969052e-001	 -2.5106973e-002	  7.0406681e-001	 -1.0309743e+000	
 -1.2875107e+000	 -1.7645911e+000	 -1.5130291e+000	 -1.5897116e+000	  8.8944767e-002	 -1.5448832e+000	 -1.1754592e+000	 -1.0729764e+000	 -1.7396604e+000	 -1.0981467e+000	 -4.4109554e-001	
 -7.7969853e-001	  9.2746221e-001	 -1.1440101e+000	 -9.6544988e-001	  9.8752205e-001	 -6.1691325e-001	  5.0315488e-001	  1.4833961e-002	 -1.4413835e+000	 -1.3385737e+000	  1.3802312e+000	
 -2.2323364e-001	  6.5968124e-001	 -1.7614471e-001	 -1.6247169e+000	  9.7707348e-001	  1.0292996e+000	  8.3939499e-001	  1.6907042e+000	  6.1207896e-001	 -7.3397468e-001	 -8.6678126e-001	
 -9.9316211e-001	 -1.0096767e+000	 -1.5130291e+000	 -1.6247169e+000	 -1.6009378e+000	 -4.8188357e-001	 -1.9001705e-001	 -5.9062017e-001	 -1.6981048e+000	 -3.5539402e-001	 -2.7572272e-002	
  2.6047027e+000	  1.2265792e+000	 -5.3545261e-001	  9.0150098e-001	  5.6261341e-001	  2.5934317e-001	  5.0832780e-001	  1.8877658e-001	  1.9233891e+000	  1.9669441e+000	 -3.9734721e-002	
  7.7718683e-001	  1.7393513e+000	 -1.5130291e+000	 -2.1283531e-001	 -9.2163833e-002	  1.1569458e-001	  1.4549730e+000	 -8.6993188e-001	 -1.3487299e+000	 -1.3385737e+000	 -1.6299749e+000	
  1.5008953e+000	  2.0958133e-001	  1.7239791e+000	  1.1679820e-001	  1.2626678e+000	 -4.8188357e-001	  9.1181593e-001	  2.3895234e-001	 -5.2810709e-002	  6.2739858e-002	  9.2109876e-001	
 -7.4234848e-002	 -1.0723488e+000	  2.0800500e+000	  4.8435415e-001	  1.0084192e+000	 -4.5602682e-001	 -1.1242317e-001	  2.4500307e+000	  1.8002614e+000	  5.2607739e-001	  1.7146986e+000	
 -6.5806686e-001	  1.5399399e+000	  1.5588917e+000	 -2.6140229e-002	  7.3675630e-001	 -3.6983767e-001	 -6.8920429e-001	  8.8425071e-002	  6.4593908e-001	  9.5268695e-001	  1.3954343e+000	
 -1.2875107e+000	 -1.2249555e-003	  2.7786802e-002	 -6.9124147e-001	  8.2034488e-001	  1.3108509e+000	  6.4023738e-001	 -1.1626238e+000	 -1.3364171e+000	 -1.1484358e+000	  3.1601691e-001	
 -4.7866015e-001	 -1.7499771e-001	 -9.8863375e-001	 -1.4502737e+000	 -8.1659823e-001	 -1.5448832e+000	 -1.7005111e+000	 -4.5681815e-001	  2.9194690e-001	 -1.0888234e+000	 -8.7590310e-001	
  3.5755758e-001	  1.4259906e+000	 -7.5233216e-001	 -8.6626812e-001	 -1.3320612e+000	  1.6453510e-001	 -6.3230212e-001	 -6.5417613e-001	  1.1107462e+000	 -9.2043979e-001	 -4.0764881e-001	
 -6.0637340e-001	 -7.0201343e-001	  8.9530498e-001	  6.3312679e-001	  8.8944767e-002	 -1.2173644e+000	 -4.4866329e-001	 -6.1069047e-001	  1.3108287e+000	 -2.9323898e-001	  1.0621467e-001	
 -7.3374304e-003	 -9.2706338e-001	 -8.2030933e-001	 -1.2863321e+000	 -1.3250955e+000	 -3.8994847e-001	  6.9196663e-001	 -6.4079593e-001	 -7.1279866e-002	 -1.2655048e-001	 -2.0392778e-001	
 -1.0786084e+000	 -1.0438615e+000	 -6.3903688e-001	  1.1290356e+000	  1.0223506e+000	  3.0243775e-001	 -1.3228876e+000	  7.5409011e-001	 -9.6703400e-001	  2.2777193e+000	 -2.6778064e-001	
 -4.2088510e-001	 -1.2176342e+000	 -1.4767746e+000	 -1.6247169e+000	 -1.6047689e+000	 -1.5448832e+000	 -1.1185570e+000	 -6.6421128e-001	 -1.4352271e+000	 -1.3385737e+000	 -1.6299749e+000	
  3.8492470e-001	  9.5310081e-001	 -4.1244631e-001	 -1.3849304e+000	 -1.4713755e+000	 -2.0607827e-001	 -4.0002227e-002	 -1.1626238e+000	  2.5967635e-003	 -9.4586685e-001	  7.9947427e-001	
  2.6329303e-001	  1.6254019e+000	  2.2095303e+000	  1.6055486e-001	  7.5068773e-001	  6.6155923e-001	  1.4549730e+000	 -1.1626238e+000	  2.1499207e-001	 -3.1866604e-001	  1.1229589e-001	
 -5.7900627e-001	 -5.1399701e-001	 -2.6030692e-001	 -4.8120950e-001	  1.0571792e+000	  7.9946188e-001	 -1.4604719e-001	 -1.1626238e+000	 -1.7396604e+000	 -2.1978303e-001	 -1.6299749e+000	
 -1.2875107e+000	 -7.8747544e-001	 -1.5130291e+000	 -1.6247169e+000	 -1.7176135e+000	 -6.7149971e-001	 -1.3953085e+000	 -1.1626238e+000	 -1.7396604e+000	 -2.9323898e-001	 -1.6299749e+000	
  1.0052462e+000	  1.0841426e+000	 -5.6782270e-001	 -1.2309070e+000	  1.1233535e+000	  1.3022320e+000	  2.8847850e-001	 -5.4378946e-001	 -6.8201673e-002	 -7.0572240e-001	  1.3358018e-001	
  1.3671004e+000	  2.4230474e+000	  2.0153098e+000	 -1.3528422e+000	 -9.2108396e-001	  3.7138907e-001	 -2.4483453e-002	  1.3227487e+000	  3.5658895e-001	 -9.8259482e-001	 -1.0583398e+000	
  1.0204502e+000	  1.4259906e+000	 -9.3360462e-001	  2.6848795e-001	 -4.8224389e-001	  1.9601425e+000	  1.0411391e+000	  2.3162287e+000	 -2.3750228e-001	 -3.5821924e-001	  9.3934243e-001	
 -8.7092228e-001	 -2.6330845e-001	  7.3345458e-001	  4.1726060e-001	  1.1233535e+000	  1.7303048e+000	  5.7298936e-001	  1.5736275e+000	  5.9053161e-001	  1.4810048e+000	  1.8059169e+000	
 -4.7257856e-001	 -9.4700452e-001	 -1.5130291e+000	 -1.2921663e+000	 -3.2203244e-001	 -2.9226743e-001	  1.5398245e-001	 -3.5312159e-001	  5.8004236e-002	 -5.9836370e-001	  1.5626679e+000	
 -1.2875107e+000	 -5.5387928e-001	  6.2663331e-001	 -1.5126999e+000	 -1.3181297e+000	 -4.8762951e-001	 -1.2246020e+000	 -1.1626238e+000	 -1.7396604e+000	  6.2352801e-003	 -9.1239044e-001	
  8.1367633e-001	  6.6537871e-001	  1.6398169e+000	  6.3896101e-001	  9.4921062e-001	  2.1912156e-001	 -1.0176850e+000	 -1.1626238e+000	  3.8737088e-001	 -1.9191780e-002	 -1.0036088e+000	
 -2.5060077e-001	  5.1439583e-001	  4.7449392e-001	  1.1465383e+000	  5.4171627e-001	 -4.4740791e-001	  1.0928683e+000	 -3.3974139e-001	 -9.3317388e-001	  5.9953334e-001	  5.9575324e-001	
  1.2302648e+000	 -1.4683228e+000	  2.0258524e-001	  7.4397700e-001	 -1.0534326e+000	 -4.8064819e-002	  2.6520034e-001	  1.4194588e-001	 -1.3592192e-001	 -5.2208252e-001	 -1.1738831e+000	
 -3.9959956e-001	 -1.3600709e+000	 -8.1707232e-001	 -1.1959016e+000	  1.0188678e+000	 -2.3193502e-001	  8.5232730e-001	 -1.1626238e+000	 -1.7396604e+000	  2.6615634e-001	 -8.6678126e-001	
 -4.7257856e-001	 -3.9435020e-001	  5.5218212e-001	  9.6276030e-001	 -3.7079245e-001	  4.3870280e-002	 -8.2370033e-001	 -1.1292067e+000	 -1.3671991e+000	 -1.0876933e+000	 -8.8502493e-001	
  3.3931283e-001	 -1.2941797e-001	  1.5726713e-001	  1.1173672e+000	  8.6562203e-001	  1.5291967e+000	 -8.2111387e-001	 -3.1967108e-001	 -3.1445711e-001	 -8.0178018e-001	  8.9677386e-001	
 -1.2896910e-001	  2.8934587e-001	  1.2675609e+000	  3.1516172e-001	  5.0688769e-001	  1.6728453e+000	 -8.9094836e-001	 -4.5376947e-002	 -2.0056397e-001	 -6.4356736e-001	  6.1399692e-001	
 -1.0378222e-002	  1.6254019e+000	  1.1672137e+000	  1.3215649e+000	  1.4089478e+000	  9.7758614e-001	  2.6261387e-001	  7.6747031e-001	 -2.0672035e-001	  2.9440862e-001	 -1.2438172e+000	
  2.4504828e-001	 -4.0004766e-001	 -8.4620540e-001	  1.3215649e+000	  8.3775917e-001	 -7.1746726e-001	 -1.5230798e+000	 -1.1300096e+000	  7.2597210e-001	 -3.0171467e-001	  7.4474324e-001	
  1.4887321e+000	  6.1447184e-002	  1.1601761e-002	  7.3230856e-001	 -1.0429840e+000	 -1.3153327e+000	 -1.7005111e+000	  2.1524062e-002	  1.9541711e+000	  4.6957282e-001	 -9.2759350e-001	
 -4.9690490e-001	  2.2097627e-001	  1.1931097e+000	 -1.6247169e+000	 -5.7279819e-001	  3.7426204e-001	  6.5540957e-003	  4.6641577e-001	  7.2597210e-001	 -1.0597236e+000	  9.4238304e-001	
 -5.1819044e-001	 -1.7645911e+000	  3.7738368e-001	  4.2601193e-001	  1.3671535e+000	 -1.5448832e+000	  4.6435794e-001	 -1.1626238e+000	 -7.8234243e-001	 -1.3385737e+000	 -1.6299749e+000	
 -1.2875107e+000	  4.2038762e-001	 -1.3278722e+000	  2.9284874e-002	 -4.4741532e-001	  1.2144052e-001	 -1.3311487e-001	 -5.1368401e-001	 -1.1855857e+000	 -4.0059768e-001	  1.2160381e+000	
 -1.0801287e+000	 -4.6804693e-002	  1.6042098e+000	  1.5549338e+000	  1.5163621e-001	 -1.2144914e+000	 -8.3145972e-001	 -1.1626238e+000	  2.0575750e-001	  7.5209570e-001	  7.9947427e-001	
  2.0269522e+000	 -1.0947683e-001	  5.6513015e-001	 -4.3745284e-001	 -8.5198117e-002	 -1.5448832e+000	 -1.5142858e+000	  1.1320808e+000	 -2.4981505e-001	 -1.1201835e+000	  1.6538863e+000	
  7.5894208e-001	  7.3659705e-001	  1.3784508e-001	  1.8680885e-001	 -7.5042394e-001	  2.9082232e+000	  8.3163560e-001	  9.9158869e-001	  3.6890172e-001	  7.0971727e-001	 -7.6222068e-002	
  4.3357737e-001	  1.4829653e+000	 -1.5672266e-001	  8.4709978e-002	 -1.4121669e+000	  1.7590345e+000	  7.1783125e-001	  1.3863046e+000	  9.3836741e-001	 -1.4350185e-001	  7.4474324e-001	
 -5.4859836e-001	 -6.8776976e-001	  1.2934570e+000	 -4.6662395e-001	 -8.3401252e-001	 -1.5448832e+000	 -8.9353482e-001	 -6.8762663e-001	 -3.8525554e-001	  9.0748329e-001	  5.3494100e-001	
  1.4948137e+000	  1.5399399e+000	  1.3258271e+000	  3.0349328e-001	  8.8303632e-001	 -1.1254293e+000	  1.0928683e+000	  6.7715395e-001	 -6.1612001e-001	  7.0689204e-001	 -2.4041513e-001	
  1.0660620e+000	  8.8188247e-001	  6.5576638e-001	  1.4090782e+000	 -7.5390679e-001	  1.8751887e-001	  8.4715437e-001	  1.9583083e+000	  7.4444125e-001	  3.0122788e+000	  1.7451047e+000	
  2.8761937e-001	 -8.4160137e-001	  5.3923409e-001	 -1.7199576e-001	 -1.3494755e+000	  2.4497831e-001	 -7.9007632e-001	  7.7416041e-001	  6.7056462e-001	  6.4191178e-001	 -1.7352166e-001	
 -1.9890731e-001	  1.0414116e+000	  1.0733404e+000	  7.6439677e-001	  1.4751221e+000	  1.3855481e+000	  1.2035844e-001	  8.5080020e-002	  1.5847879e+000	  3.4100512e-003	  2.0187598e+000	
 -1.2288752e-001	  8.4237053e-002	  1.1024735e+000	 -1.0121237e+000	 -1.4440670e-001	  6.7879706e-001	 -6.2712919e-001	  8.3771637e-001	  5.4435871e-001	  2.5884945e+000	  1.0700888e+000	
  2.8457857e-001	 -8.3020644e-001	  1.6050414e-001	  1.1782210e-002	 -8.7580681e-001	  4.2022959e-001	 -1.1289029e+000	 -8.1808360e-001	  1.3323761e+000	  9.2725989e-001	 -7.6222068e-002	
 -1.2875107e+000	 -1.7645911e+000	  5.3599708e-001	  1.1436212e+000	  9.2134775e-001	 -1.5448832e+000	 -9.1681298e-001	 -1.1626238e+000	 -8.1928074e-001	 -1.0614187e+000	  1.8036912e-002	
 -1.2875107e+000	  2.7795094e-001	 -1.6967069e-001	  4.6787539e-002	  4.4419625e-001	  1.3855481e+000	  7.2300418e-001	 -1.1626238e+000	 -3.8217735e-001	  1.5431598e+000	 -7.0562881e-001	
  7.9543158e-001	  1.1696046e+000	 -5.0308253e-001	  2.2842115e+000	  8.8390400e-003	 -1.0478590e+000	 -5.4177593e-001	 -1.1626238e+000	  1.1599973e+000	 -1.0716093e-002	  1.2749895e-001	
 -1.0062375e+000	 -1.7645911e+000	 -1.5062637e+000	 -1.0938028e+000	 -9.2108396e-001	 -1.5448832e+000	 -1.7005111e+000	 -5.7389492e-001	 -1.5435795e+000	 -8.3850815e-001	 -3.8636452e-001	
 -1.9282573e-001	 -1.4284405e+000	 -5.9695577e-001	 -1.9824976e-001	 -1.9316671e-001	 -9.8178067e-001	 -4.5175152e-002	  4.8284465e-002	 -2.2028780e-002	 -1.0306237e+000	  1.3559063e+000	
 -1.2875107e+000	  9.1036980e-001	 -1.3540920e+000	 -1.1229739e+000	 -4.6831246e-001	  9.4598344e-001	  2.5671519e+000	  8.6447677e-001	  4.7663847e-001	  1.2126080e+000	  4.4676324e-001	
  8.2279871e-001	  7.2842119e-002	 -1.0727960e+000	  6.1562413e-001	  9.2831347e-001	  1.6728453e+000	 -6.4264797e-001	  2.3831297e+000	  6.5825185e-001	  9.7246355e-001	  7.2649957e-001	
 -5.1514965e-001	 -1.7645911e+000	  1.6374114e-001	 -8.4482443e-002	 -3.1854958e-001	 -6.9448349e-001	  1.4808377e+000	 -1.5271493e-002	 -6.8201673e-002	  4.5827190e-001	  2.6432651e-001	
  4.5182212e-001	 -4.0004766e-001	  5.5218212e-001	  1.4674205e+000	  1.4890536e+000	 -2.0972695e-003	 -1.3694439e+000	  2.8578305e-001	  7.5367583e-001	 -2.2017009e-002	  1.4574263e-001	
 -2.2323364e-001	  6.6252998e-001	 -7.9117626e-001	 -1.1113054e+000	 -1.4539612e+000	  6.6155923e-001	  1.7912131e+000	  5.7680244e-001	 -4.3758482e-001	 -1.6366551e-002	 -8.2725330e-001	
 -6.5112473e-002	 -5.7382041e-001	  8.8883097e-001	  1.6716182e+000	 -1.2699241e-001	 -1.9745936e-001	 -1.3306470e+000	  7.1699818e-002	  1.3385325e+000	  7.4040773e-002	  5.1061610e-001	
