  2.1659653e+000	  9.3785156e-001	  5.2112930e-001	  4.8892197e-001	  1.3154210e+000	  3.8594786e-002	 -6.0728669e-001	  3.0192703e+000	  2.3694826e+000	  6.3176533e-001	 -1.1484533e+000	
 -1.2116530e+000	  1.3967161e-001	 -9.9297042e-001	 -1.0830579e-001	  1.2817921e+000	  4.3128737e-001	 -4.3430704e-001	 -9.5146302e-001	 -3.4952297e-001	 -1.3387975e+000	 -1.1484533e+000	
  3.7034257e-001	  8.1182315e-001	  1.2301198e-001	  2.0494602e-001	  1.2380746e+000	 -6.9320733e-002	 -1.4851457e-001	 -4.8413825e-001	  5.5868676e-001	  6.4614900e-001	 -1.1484533e+000	
  1.5943684e+000	  5.9930465e-001	 -4.7886617e-001	 -7.7286805e-001	  2.7292642e-001	 -7.5278569e-001	 -3.5701747e-002	 -5.8493379e-001	 -1.1895579e-001	 -7.7208092e-001	  2.2994394e-001	
  6.4459363e-001	  3.7195927e-001	  1.1418161e+000	  1.7567015e-001	  6.7647269e-001	  1.7948449e-001	 -3.2149422e-001	 -6.7687154e-001	  1.9195955e+000	  8.4464366e-001	 -1.1484533e+000	
 -1.0887507e-001	 -1.4393903e+000	 -9.9297042e-001	 -1.0890475e+000	 -1.1058567e+000	 -7.1681385e-001	 -1.4471154e+000	 -4.2915887e-001	 -1.1435738e+000	 -7.3756011e-001	 -1.0418762e+000	
  2.0001823e-001	  4.8316081e-001	 -9.9297042e-001	  8.4901517e-001	  5.6886035e-001	  1.9451023e+000	 -5.6183290e-003	 -1.9867900e-002	 -2.2580400e-001	 -2.9741979e-001	  1.0854028e+000	
  2.1370968e+000	 -3.1254799e-001	 -4.7886617e-001	 -3.5422310e-001	 -9.4107529e-001	 -1.2923633e+000	  1.0849056e+000	  8.1704050e-001	 -4.1981784e-001	  1.3221815e+000	  1.2360318e+000	
 -1.5217787e-001	 -1.1068260e-002	  6.2144232e-001	  3.1326674e-001	  1.7088786e+000	  4.6725921e-001	 -2.1620226e-001	  5.0854507e-001	  1.8471805e-001	  2.0313195e-001	 -1.0307921e+000	
 -3.1384165e-001	  1.8909451e-001	  1.8032551e+000	  1.1183532e+000	  1.9221716e-001	 -1.1184994e+000	  1.2603922e+000	  1.9532811e+000	  1.0451273e+000	  8.7916447e-001	  1.3440299e+000	
  1.3114567e+000	  1.6001185e+000	 -2.9077925e-001	 -1.4140974e+000	 -1.0184217e+000	  1.1207476e+000	 -6.5742572e-001	  1.8477758e-001	  1.0317600e-001	 -1.3387975e+000	  1.4349757e+000	
 -3.1961536e-001	  9.7662136e-002	  2.2672029e+000	 -8.6947842e-001	  1.4028560e+000	  1.1896937e+000	  1.1851836e+000	  1.4004329e+000	  1.4134724e+000	  1.3308117e+000	  7.1309347e-001	
 -1.2116530e+000	 -1.4393903e+000	 -9.9297042e-001	 -1.4227924e+000	 -1.1193082e+000	 -6.5985844e-001	 -5.6183290e-003	 -9.5146302e-001	 -1.3702045e+000	 -1.3387975e+000	 -1.1484533e+000	
 -1.2116530e+000	 -1.1230837e+000	 -9.9297042e-001	 -1.4227924e+000	 -1.3109927e+000	 -1.1547710e+000	 -1.4471154e+000	 -9.5146302e-001	 -1.0890250e+000	 -1.2732080e+000	 -9.1170999e-001	
 -1.2116530e+000	 -1.4393903e+000	 -5.0080964e-001	 -5.9721283e-001	 -6.7204444e-001	 -1.2923633e+000	 -9.8082247e-001	 -9.5146302e-001	 -1.2954108e+000	 -1.2188377e+000	 -1.1484533e+000	
  6.0417768e-001	  2.2673278e+000	  1.0979292e+000	  1.5633464e+000	  1.2145344e+000	 -3.0613534e-001	  1.1350446e+000	 -3.8194361e-002	  2.4538365e+000	  1.5954713e+000	  2.8588458e+000	
 -9.3480379e-001	 -8.0430592e-001	 -7.6287742e-001	 -1.3953316e+000	 -4.6690842e-001	 -1.2923633e+000	 -9.6578076e-001	 -9.5146302e-001	 -1.3702045e+000	 -5.8509320e-001	 -1.1484533e+000	
  3.4724774e-001	  7.6240024e-001	 -1.7792709e-001	  1.9732086e+000	  2.6283776e-001	  2.6229467e-003	  1.2603922e+000	  1.9929884e+000	  4.3215600e-001	  1.4401276e+000	  8.4999076e-002	
  1.6752002e+000	 -6.1155658e-001	  2.1392066e-001	  1.9030809e-001	  4.0407895e-001	 -1.2923633e+000	 -1.4471154e+000	 -9.5146302e-001	  3.0724313e+000	  5.5984698e-001	  9.5182618e-001	
  3.7034257e-001	  4.8316081e-001	  2.5493333e+000	  1.7975534e+000	  3.3345836e-001	  2.1549380e+000	  7.5148103e-001	  1.1408080e+000	  1.4697083e+000	  6.4327227e-001	  5.9420572e-002	
  7.8770389e-002	  1.6742529e+000	 -9.9297042e-001	 -3.0445412e-001	 -9.3434952e-001	  9.0791425e-001	 -3.1113775e-003	  6.9791850e-001	  3.6748471e-001	  1.2962909e+000	  1.8925467e+000	
 -8.1326727e-001	  8.0193857e-001	  1.7630328e-001	  1.2618049e+000	  1.5407343e+000	 -6.4187252e-001	 -7.8319923e-002	  1.6020239e+000	  1.2925652e+000	  2.2283528e+000	 -2.3899532e-001	
 -1.2116530e+000	 -3.6197090e-001	 -9.9297042e-001	 -1.4050925e-001	 -8.8390623e-001	 -1.2923633e+000	 -3.6411240e-001	 -9.5146302e-001	 -7.9659835e-001	  3.9299640e-001	 -1.1484533e+000	
  6.8212272e-001	 -1.0267090e+000	  7.7818143e-001	  1.0071049e+000	  9.6568085e-001	 -5.9391006e-001	  9.4233800e-003	  4.7189215e-001	  5.0245087e-001	  1.1697146e+000	  6.9604113e-001	
  1.0458662e+000	  1.0169282e+000	 -3.6914880e-001	  2.4416225e+000	 -6.4514136e-001	  1.1926913e+000	  8.6930775e-001	  2.6419225e-001	  6.9434462e-002	  7.9573918e-001	 -1.4472886e-002	
 -9.6829129e-001	 -4.2374954e-001	  2.2332501e-001	 -4.0971288e-002	 -1.2706381e+000	 -1.2509957e+000	  7.1889066e-001	  5.3437945e-002	 -1.2982225e+000	 -5.7358626e-001	  9.0635328e-001	
 -2.1568864e-001	 -5.3495108e-001	  1.5399335e+000	  1.6511740e+000	  3.2336970e-001	 -9.5962377e-001	 -2.9391775e-001	 -9.5146302e-001	 -2.9047528e-001	 -4.0673568e-001	 -1.1304346e+000	
 -1.2116530e+000	 -1.4393903e+000	 -6.0425745e-001	  1.1271359e+000	  1.3961302e+000	  5.3320758e-001	  5.1833454e-001	 -9.5146302e-001	 -1.0665307e+000	 -1.3387975e+000	 -1.1484533e+000	
 -4.7550544e-001	 -1.2088324e+000	  1.9129725e+000	 -6.8796803e-001	  1.3086952e+000	 -8.5770356e-001	 -3.8918191e-001	 -8.0271324e-001	  3.6467292e-001	 -7.6632745e-001	  5.5109627e-001	
 -7.7119687e-002	  1.1990244e-001	 -2.9704881e-001	 -8.1957507e-002	  1.4835652e+000	  1.1327382e+000	  3.1777842e-001	 -1.4815313e-001	  6.0086369e-001	 -2.9741979e-001	  5.9420572e-002	
 -1.2116530e+000	  3.7586121e-003	 -9.9297042e-001	  6.1480821e-001	 -7.2248772e-001	  1.4864613e+000	 -7.8528025e-001	 -9.5146302e-001	  2.4095395e-001	  8.8779467e-001	 -1.1484533e+000	
 -1.2116530e+000	 -1.4393903e+000	 -9.9297042e-001	 -1.2831465e+000	 -1.3409224e+000	 -1.2923633e+000	 -1.2703754e+000	 -9.5146302e-001	 -1.3702045e+000	 -1.2913314e+000	 -3.5836167e-001	
 -1.2116530e+000	 -1.4393903e+000	  1.2614676e-001	  2.4300466e-001	 -6.0142384e-001	 -1.1319888e+000	 -1.7107713e-001	 -2.5976720e-002	 -1.3702045e+000	 -1.3387975e+000	  6.7330468e-001	
 -1.9382621e-002	 -1.4393903e+000	  4.0827715e-001	 -1.3998401e+000	 -1.2904791e+000	 -9.3564254e-001	 -1.4365612e+000	 -9.5146302e-001	 -1.0693424e+000	  5.0665041e-002	 -1.1484533e+000	
  8.6976818e-001	 -7.9689249e-001	 -9.9297042e-001	 -5.3866109e-001	 -1.2931694e+000	 -5.3095934e-001	  5.9354308e-001	  5.6963327e-001	 -1.5550913e-001	 -7.8071112e-001	  1.1422439e+000	
  1.0400925e+000	  6.4378526e-001	  9.7880748e-001	  1.7859774e-001	  7.2019020e-001	  3.9831318e-001	  6.3114736e-001	  1.1452615e-001	 -8.6040922e-004	  1.0345081e+000	 -3.2425700e-001	
  4.9159041e-001	  2.5087315e-001	 -2.3435317e-001	  1.0246704e+000	 -3.8619916e-001	 -1.2500964e+000	 -3.8918191e-001	 -9.5146302e-001	  1.0029503e+000	  1.3308117e+000	 -6.2551494e-001	
  8.9286301e-001	  4.3620905e-001	 -9.9297042e-001	  1.6103222e-001	  7.8744791e-001	 -1.2923633e+000	  7.3393237e-001	 -6.4296759e-001	 -9.0837844e-002	 -6.1386054e-001	 -1.1484533e+000	
 -1.2116530e+000	  6.6849672e-001	  2.0853855e+000	  1.7390016e+000	  8.6815717e-001	 -2.4618228e-001	  1.2603922e+000	  3.9247748e-001	  1.4697083e+000	  2.2283528e+000	  5.0894403e-002	
 -6.5572274e-002	 -2.8366278e-002	 -9.9297042e-001	 -1.4227924e+000	 -9.7470415e-001	 -1.2132252e+000	 -4.7441826e-001	 -8.9251290e-001	 -1.3702045e+000	 -1.3387975e+000	 -1.1484533e+000	
  1.6826284e-001	 -4.0892266e-001	 -5.8805376e-002	 -4.1277484e-001	  1.1472767e+000	  6.8908556e-001	 -1.1091029e-001	  1.0797198e+000	  5.6993394e-001	 -1.2073308e+000	  2.9815328e-001	
 -1.1441007e+000	 -1.4393903e+000	 -5.6037050e-001	  1.1505566e+000	  1.4835652e+000	 -1.2923633e+000	 -1.0259476e+000	 -9.5146302e-001	 -1.0665307e+000	 -3.4057080e-001	 -1.1484533e+000	
  2.5989933e+000	  1.8966560e+000	  1.4176770e+000	  4.2744264e-001	  4.6797378e-001	  1.6573276e+000	  1.1099751e+000	  4.7494656e-001	  4.5746215e-001	  1.2128656e+000	 -5.1419615e-002	
  5.8108286e-001	 -8.5202621e-002	 -4.2557487e-001	  1.0773670e+000	 -1.1462113e+000	  1.4351265e-001	  2.4386594e+000	  1.7333636e+000	  8.3705445e-001	  7.7272530e-001	  8.9214300e-001	
  1.5366313e+000	  2.5144423e+000	  1.3241633e-001	 -2.2540927e-001	  4.7613080e-002	 -1.5025737e-001	  9.7710666e-001	  1.6020239e+000	 -8.1909271e-001	 -9.0294930e-002	  2.0062290e+000	
 -9.4317566e-001	  1.8585484e-002	 -9.9297042e-001	 -4.9474728e-001	 -3.2566722e-001	  3.0538593e-001	 -1.4027424e+000	 -8.1829073e-001	 -9.9342399e-001	 -1.3387975e+000	  8.3245982e-001	
  1.3201173e+000	  7.2780420e-001	  7.3742926e-001	  1.3379222e+000	  1.3120581e+000	  1.4864613e+000	  1.4609483e+000	  1.1896785e+000	  1.7909446e-001	 -7.3756011e-001	 -1.4520747e-001	
  6.9944384e-001	  1.4214275e-001	 -9.9297042e-001	 -2.9567136e-001	 -1.5695986e+000	  1.0937688e+000	  9.4200934e-001	  7.8649640e-001	 -7.5160963e-001	 -8.1664728e-002	  3.1236356e-001	
 -1.2116530e+000	  6.2401610e-001	 -7.6789307e-001	 -1.4227924e+000	  1.8212850e-001	 -9.3301959e-002	 -1.1337465e+000	 -8.0760030e-001	 -1.3702045e+000	 -9.9358944e-001	 -6.1698877e-001	
 -1.3774361e-001	 -3.6691319e-001	 -9.5942825e-001	 -1.6978512e-001	 -1.0318732e+000	  7.7301985e-001	  1.8741694e-001	 -9.5146302e-001	 -8.7814040e-001	 -1.3387975e+000	 -1.1484533e+000	
  5.9840398e-001	 -2.5571165e-001	 -7.6287742e-001	 -1.2869523e+000	 -4.7363419e-001	  1.6093651e+000	 -9.6828771e-001	  3.6193338e-001	  1.3206832e+000	 -3.9235201e-001	  1.4435019e+000	
  1.5259618e-002	  5.0787227e-001	  1.3299031e+000	  1.9909085e-001	  4.2761915e-001	  4.9423809e-001	  1.7868520e+000	 -6.7900963e-001	  8.7641958e-001	 -6.3399768e-001	 -4.6351775e-001	
 -1.2116530e+000	 -1.3215438e-001	  1.6429393e-002	  3.6889090e-001	 -1.7097448e-001	  2.2744695e-001	 -1.5854237e-001	 -9.2669175e-001	 -9.9273228e-002	 -1.3387975e+000	 -6.1698877e-001	
 -1.2006541e+000	  2.7064231e-001	 -5.2588790e-001	 -4.5083347e-001	 -1.1226711e+000	 -1.2923633e+000	  1.5482657e-001	 -9.5146302e-001	  4.0966164e-001	  2.6354337e-001	 -6.5961962e-001	
 -1.2116530e+000	  3.7690156e-001	 -9.9297042e-001	 -1.3408199e+000	 -1.4606411e+000	 -5.7292649e-001	 -1.4471154e+000	 -9.5146302e-001	 -1.3702045e+000	 -1.3387975e+000	 -1.1484533e+000	
 -1.0733727e+000	  4.9798769e-001	  8.4401185e-001	 -6.0306800e-001	 -1.1630257e+000	  1.5224332e+000	  6.0858479e-001	 -3.0392805e-001	 -2.8485169e-001	  8.6190406e-001	 -5.7103728e-002	
 -4.4086320e-001	 -3.9409579e-001	 -6.6695309e-001	 -1.2251802e+000	  4.0887308e-002	 -3.1512830e-001	  5.4548507e-002	  1.5378813e+000	 -6.0258450e-001	 -3.1755693e-001	  1.1626169e-001	
 -7.9305930e-001	 -1.4393903e+000	 -9.9297042e-001	 -8.9582671e-001	 -3.7274762e-001	 -1.2923633e+000	  6.1109174e-001	 -9.3851232e-001	 -6.9537373e-001	 -1.3387975e+000	 -6.6814578e-001	
 -2.3878347e-001	  2.4840200e-001	 -1.2777058e-001	  8.1681172e-001	  7.6390771e-001	  1.1177500e+000	 -1.4471154e+000	  2.9779076e-001	  5.3900420e-001	  1.3049211e+000	  6.7330468e-001	
 -3.1095480e-001	  3.3983438e-001	 -9.9297042e-001	 -1.7271271e-001	 -1.1865659e+000	 -1.2327849e-001	 -4.9698083e-001	  1.8555400e+000	  7.5058051e-002	  1.5954713e+000	  1.9631787e-002	
 -1.2619619e-001	  1.1306009e+000	 -9.9297042e-001	  8.1095654e-001	  5.0832841e-001	  3.2037420e-001	  1.1350446e+000	 -8.0956104e-002	  8.2018368e-001	  1.1409473e+000	 -1.1484533e+000	
 -4.9571341e-001	 -6.7333522e-001	 -6.6068353e-001	 -5.5915420e-001	  9.1523757e-001	  1.6093651e+000	 -2.9893166e-001	  4.9632743e-001	  4.4621497e-001	 -6.4404323e-002	  3.7488880e-001	
 -1.2116530e+000	  2.3527775e-002	 -6.1052701e-001	  2.6363214e-002	 -7.9647121e-001	 -8.1873406e-001	 -1.4471154e+000	 -9.5146302e-001	 -1.2703858e+000	 -1.3387975e+000	 -1.0424446e+000	
 -4.3508949e-001	  5.7212205e-001	 -7.9579263e-001	 -2.2540927e-001	 -9.3098663e-001	  1.0188274e+000	 -9.0561392e-001	 -1.3898990e-001	 -1.6956810e-001	  3.6998253e-001	 -1.1484533e+000	
  1.5221970e+000	 -3.6444205e-001	  1.7719073e+000	 -8.4020255e-001	  4.2425627e-001	 -1.8023391e-001	 -1.0008781e+000	  4.7494656e-001	  3.5904933e-001	  3.0527902e-002	 -2.4467943e-001	
  1.7906744e+000	  9.6750531e-001	  2.2672029e+000	  9.3977037e-001	  1.9221716e-001	  3.5334838e-001	  2.7645631e+000	  7.1013614e-001	  7.1333548e-001	  9.3094568e-001	 -9.2137298e-001	
  1.1093770e+000	 -5.4236451e-001	  1.2578031e+000	 -2.9567136e-001	  1.5138312e+000	 -7.2880446e-001	  7.6902969e-001	  1.4812466e-001	  4.6589753e-001	  3.6135233e-001	  1.8925467e+000	
  1.0169977e+000	 -7.2846894e-002	  1.9944769e+000	  3.4254262e-001	 -7.7293101e-001	  5.3020993e-001	 -7.3764817e-001	 -6.5335258e-001	  1.0036420e-001	 -3.5636982e-002	 -7.5624952e-001	
 -4.2477448e-002	  2.7558460e-001	  2.1392066e-001	  1.0393083e+000	  1.6214435e+000	  4.0430849e-001	  8.6178689e-001	 -4.7802943e-001	  4.1247343e-001	  1.3912231e+000	 -3.2994111e-001	
 -1.2116530e+000	 -1.4393903e+000	  3.9260324e-001	  2.3830708e+000	  1.3086952e+000	 -1.2614875e+000	 -9.3361632e-002	 -9.5146302e-001	 -1.3702045e+000	 -1.1590017e+000	 -1.1484533e+000	
 -1.2116530e+000	 -1.4393903e+000	  4.9291626e-001	  9.3697716e-002	  6.8992423e-001	 -1.0516517e+000	 -1.3513499e+000	 -9.5146302e-001	  4.2372061e-001	  1.1970666e-001	  1.4150813e+000	
 -4.2065522e-001	 -3.9409579e-001	  6.4025102e-001	 -1.0919750e+000	 -1.0453247e+000	 -2.7915647e-001	  8.2124974e-002	 -7.9752074e-001	  3.5692924e-002	 -7.0016256e-001	 -6.7667195e-001	
 -1.2116530e+000	 -1.4393903e+000	  1.9824675e-001	 -1.4227924e+000	  1.0632045e+000	 -1.2923633e+000	 -8.1034976e-001	 -9.5108122e-001	 -1.3702045e+000	 -1.3387975e+000	  5.6530655e-001	
 -3.9467355e-001	 -7.7218103e-001	  1.8534117e+000	  7.4654963e-001	 -5.8460941e-001	 -9.8060734e-001	 -1.4471154e+000	 -2.4589426e-001	 -7.5160963e-001	  8.8062585e-002	  8.7509067e-001	
  4.6560873e-001	  1.9707903e+000	 -6.2306614e-001	 -2.5761273e-001	 -1.5359698e+000	  1.1866960e+000	 -8.7553050e-001	  5.0854507e-001	  7.5270061e-001	 -6.3687441e-001	 -1.0162977e+000	
 -7.7573818e-001	 -1.4393903e+000	 -6.9924134e-001	 -3.5715069e-001	  1.4532993e+000	  7.1306678e-001	  3.4034098e-001	 -9.5146302e-001	 -7.3192707e-001	  4.9080536e-001	 -6.8804018e-001	
 -1.2116530e+000	 -1.4393903e+000	 -6.3560527e-001	 -3.7471621e-001	 -1.3187273e+000	 -1.0234738e+000	 -5.1954339e-001	 -9.5057418e-001	 -1.3702045e+000	 -1.3387975e+000	 -1.1484533e+000	
  2.0867879e-001	  1.0317551e+000	  1.5305291e+000	  1.3232843e+000	 -3.9821946e-002	  1.4145177e+000	  3.0904668e+000	  2.2251236e+000	  2.0320673e+000	  1.2646468e+000	  5.3688599e-001	
 -4.8127914e-001	 -3.1996143e-001	  2.2672029e+000	  2.0024845e+000	  6.5293249e-001	 -1.2923633e+000	 -1.3310436e+000	 -9.5146302e-001	  4.6308574e-001	 -7.3034526e-002	  1.5230795e+000	
 -1.1824958e+000	 -6.6097949e-001	 -9.9297042e-001	  9.8953935e-001	 -1.4818273e+000	  8.4496353e-001	 -6.5742572e-001	  6.3683030e-001	  7.2246256e-002	  9.5395955e-001	  3.1236356e-001	
  1.0776216e+000	 -1.3709667e-001	  1.3868589e-001	 -9.2803016e-001	  1.0127612e+000	 -5.7330120e-002	  6.6624468e-001	 -9.5146302e-001	  2.1002420e-001	  7.5140295e-003	  1.8925467e+000	
  1.2854751e+000	  6.2401610e-001	 -9.9297042e-001	 -5.2109556e-001	  1.3423240e+000	  9.2889782e-001	  8.2418262e-001	  2.1837610e-001	  6.2335804e-001	  1.1438240e+000	  8.0403926e-001	
 -1.2116530e+000	 -1.4393903e+000	 -8.8795522e-001	 -1.4227924e+000	 -1.2773638e+000	 -1.2923633e+000	 -1.4471154e+000	 -9.5146302e-001	 -1.3702045e+000	 -8.6701314e-001	 -1.1484533e+000	
 -6.8624572e-001	  1.4765613e+000	 -9.9297042e-001	 -5.8550248e-001	 -5.2071459e-001	  1.7952196e+000	  9.2947459e-001	  2.2893843e-002	 -9.1469373e-001	 -7.7208092e-001	 -5.7103728e-002	
 -1.2116530e+000	 -1.4393903e+000	 -5.8858354e-001	 -1.6392994e-001	  1.0833818e+000	 -4.8599454e-001	 -2.3625787e-001	 -9.5146302e-001	 -1.1162994e+000	 -6.4404323e-002	  3.1520562e-001	
  9.4771322e-001	 -1.2723409e+000	  9.9134660e-001	  1.9146569e+000	  8.3116543e-001	  4.1330145e-001	  7.4646712e-001	  1.0216860e+000	 -2.8203989e-001	  6.5477921e-001	  1.1910375e-001	
  1.9927541e+000	  1.4765613e+000	  4.6783800e-001	  4.3329781e-001	 -5.2744036e-001	  1.5763909e+000	 -1.2093810e-001	  5.8795973e-001	  9.0453753e-001	  1.6817733e+000	 -1.8499625e-001	
  1.2219643e+000	  7.7475597e-001	  9.4432487e-001	  2.5178742e-001	  1.5003797e+000	  8.3559586e-002	  7.5148103e-001	 -9.5146302e-001	  1.0929278e+000	 -1.2769247e-001	  1.6026570e+000	
  2.2599991e-001	 -5.6213368e-001	 -5.3842703e-001	 -1.4227924e+000	 -3.6938474e-001	 -1.0270710e+000	 -1.1036631e+000	 -7.0772108e-001	 -1.3702045e+000	 -5.3043525e-001	 -1.1484533e+000	
 -2.2146235e-001	 -3.2984601e-001	 -9.9297042e-001	 -1.1718982e+000	  4.3770781e-001	 -1.1728319e-001	  6.4117516e-001	  3.3138928e-001	 -3.9169989e-001	 -1.3083042e+000	 -4.2893447e-002	
  6.9655699e-001	  2.0943476e+000	  4.2081627e-001	  1.9616326e-001	 -6.1930901e-003	  7.5503393e-001	  4.1805648e-001	  7.5900671e-001	  1.6384160e+000	  4.5340782e-001	  1.7504439e+000	
  7.3119923e-001	  7.4510222e-001	 -7.9077698e-001	 -1.0451336e+000	 -5.0726305e-001	  1.4355012e+000	  1.3226400e-001	  1.2674379e-001	 -3.0172246e-001	 -9.7463752e-003	  1.4918168e+000	
  1.2207319e-001	 -1.3539405e-002	  2.8915543e-001	 -2.5175756e-001	  1.3490498e+000	  1.2436514e+000	  1.4609483e+000	  2.2448492e-001	  1.2925652e+000	  7.2094409e-001	  9.4045796e-001	
  1.0949427e+000	  3.9172843e-001	  1.6376415e-001	 -1.4227924e+000	 -1.4841813e+000	 -6.3700133e-003	  3.3532708e-001	 -5.3300882e-001	 -1.3582656e-001	 -1.3387975e+000	  7.3582992e-001	
  1.7040688e+000	 -1.0637762e+000	 -8.7447566e-001	 -9.8658190e-001	 -1.3061986e-001	 -1.2923633e+000	 -1.4471154e+000	 -8.0760030e-001	  7.0771189e-001	  3.0669438e-001	 -3.8394018e-001	
 -3.1384165e-001	 -6.2638346e-001	 -9.9297042e-001	 -7.1138872e-001	 -1.1596629e+000	 -5.7330120e-002	 -1.3964750e+000	 -9.5146302e-001	 -1.3702045e+000	 -1.3387975e+000	 -4.8341214e-001	
 -5.9386642e-001	 -5.6707597e-001	 -7.6977394e-001	 -6.2356111e-001	 -5.9806096e-001	 -3.1512830e-001	  1.7237523e-001	  1.2063497e-001	 -2.8766348e-001	 -6.5413482e-001	  7.8698693e-001	
 -4.2477448e-002	  2.0943476e+000	 -9.9297042e-001	  1.9909085e-001	 -2.1132911e-001	  1.5250561e-001	 -2.4628567e-001	  2.0907296e+000	 -2.7360451e-001	  1.0747824e+000	  1.5515000e+000	
  4.1364537e-001	  7.1297733e-001	  4.5216409e-001	  9.3977037e-001	 -1.5949548e+000	 -4.8899220e-001	 -7.8319923e-002	  1.9471723e+000	  2.4657754e-001	  6.5765594e-001	 -4.9193831e-001	
 -4.7550544e-001	  1.4024269e+000	 -4.3811400e-001	  8.9000139e-001	 -1.4407140e-001	  1.5374214e+000	  1.3356007e+000	  2.5000205e+000	  3.0069334e-002	  1.4660182e+000	 -5.0899064e-001	
