  7.9120396e-001	  2.4960223e+000	  1.3425144e+000	  2.8567780e-001	  1.1878760e+000	  1.5948397e+000	  8.3615270e-001	 -6.8525686e-001	  5.8268685e-001	  1.6687350e+000	 -6.6384124e-001	
  5.4406810e-001	  6.2433269e-001	  3.6937788e-001	  2.2666316e-001	  1.4354571e+000	  5.6507854e-001	  9.0585251e-001	  1.4031873e+000	  1.1438840e+000	  2.8360270e+000	  9.8366907e-001	
  1.0800254e+000	  2.0551325e-001	  1.0281679e+000	  1.6767372e+000	  4.3795655e-001	  1.2188033e+000	  3.5696645e-001	  1.7442194e+000	  2.5440987e+000	  4.7581953e-001	  3.3309827e-001	
 -1.2007706e+000	 -7.9676499e-001	 -1.1352049e+000	  1.6483829e-001	 -1.6266543e+000	 -8.4939674e-001	 -8.4465724e-002	 -1.0685407e+000	 -5.3970748e-001	 -8.5375451e-001	 -1.2873049e+000	
 -1.2007706e+000	 -8.2564908e-001	  5.0314236e-001	 -8.9180482e-001	 -5.1648640e-001	 -3.3740876e-001	  1.0191147e+000	 -1.0685407e+000	  2.9097545e-001	 -1.0445071e+000	  4.1743152e-001	
 -1.7054161e-001	 -2.4522600e-003	 -8.8765435e-002	  5.3016703e-001	 -6.6359979e-001	  2.2086062e-001	  8.4776933e-001	  1.0108495e+000	  3.9932540e-001	 -9.0744140e-002	 -1.2873049e+000	
  2.7608946e-001	  1.7450357e+000	  1.1284913e+000	  6.8753941e-001	  8.5059167e-001	  1.2594326e-002	 -3.4003172e-001	  7.7846485e-001	  9.1607130e-001	 -3.3559075e-001	 -1.0138242e+000	
 -7.9880264e-001	  3.0083078e-001	  2.4230164e-001	  1.1118828e+000	  1.2883437e+000	 -6.5848597e-001	  6.7642395e-001	 -1.0685407e+000	  2.7986264e-001	  1.7541466e+000	 -1.2873049e+000	
  9.7878900e-001	 -7.5921566e-001	  1.5398170e+000	  1.9294050e-001	 -4.5907630e-001	  6.7553488e-002	  2.1175850e-001	  1.6657518e+000	  1.1077674e+000	  1.0366891e+000	  1.3541330e+000	
 -1.2007706e+000	 -1.6344039e+000	 -1.0401652e+000	 -1.3343303e+000	 -3.6219675e-001	 -1.8410162e-001	  6.3576572e-001	 -1.0537828e+000	 -1.3731686e+000	 -1.4630240e+000	 -1.2873049e+000	
  8.2549331e-002	  1.7739198e+000	 -1.1655694e+000	  3.8684576e-001	 -1.6826291e+000	 -2.7666442e-001	 -1.1996628e+000	 -2.5368530e-001	 -4.3413574e-001	  1.9111417e-001	  6.4633606e-001	
  3.0586486e-001	 -4.8666819e-002	 -5.0677941e-001	  6.8472919e-001	 -1.2986990e+000	 -1.3845254e+000	 -4.3586897e-001	  1.0259394e+000	  1.4328172e+000	  5.0429007e-001	  1.3752163e+000	
 -5.3082400e-001	  1.0258217e+000	 -5.9038221e-001	  1.5081240e+000	  7.6088838e-001	  1.4565335e-001	  6.5899899e-001	 -1.0685407e+000	 -2.0076662e-001	 -1.2104903e+000	  7.2464551e-001	
 -3.3728387e-001	 -1.2906831e+000	 -1.0267888e+000	 -1.1197137e+000	 -5.0572200e-001	 -6.3823786e-001	  7.5193208e-001	 -1.0685407e+000	 -3.5634603e-001	 -3.7544950e-001	 -1.2873049e+000	
 -8.3751066e-001	  1.9472244e+000	  8.1414476e-001	  1.1484157e+000	  9.9770505e-001	  3.1342342e-001	  1.7451545e+000	  8.6598635e-001	  1.9051118e+000	 -2.2170861e-001	  1.3541330e+000	
  4.5176435e-001	  1.2828901e+000	 -3.6632672e-001	  8.3086068e-001	  1.4964553e+000	  2.7808006e+000	  1.4837802e+000	 -7.4561652e-001	  1.2522340e+000	  4.3311372e-001	 -2.9337731e-001	
  1.0234521e+000	 -5.1555228e-002	 -1.2220655e-001	  1.8172483e+000	  3.7337019e-001	 -1.1580358e+000	  1.0481563e+000	  4.8112985e-002	  1.3550275e+000	  2.7221448e+000	  6.2525275e-001	
 -1.2007706e+000	 -1.4714975e+000	 -4.9005885e-001	 -1.3583015e+000	 -2.9043412e-001	 -4.5311226e-001	 -5.6074781e-001	 -1.0685407e+000	 -1.3731686e+000	  1.2847899e-001	 -4.4999621e-001	
  4.8749483e-001	 -3.0862371e-001	  2.3561341e-001	  7.1002118e-001	 -1.4099311e+000	  7.0392274e-001	 -7.2047656e-001	 -7.6070643e-001	  1.6828555e+000	 -1.0782646e-001	 -2.6627019e-001	
  3.6839321e-001	  1.6872675e+000	  1.0047591e+000	  1.2861165e+000	  1.2058167e+000	  6.7553488e-002	  2.1517367e+000	 -1.0685407e+000	  1.7106376e+000	  4.5914434e-002	  1.3842520e+000	
  5.9468629e-001	 -4.2889999e-002	  5.5031373e-002	 -7.9625731e-001	  4.4513282e-001	 -4.9360848e-001	 -6.5368090e-001	  8.4787845e-001	 -2.0183373e-002	  2.5090229e-001	  1.4565377e+000	
 -4.6234057e-001	 -9.2096661e-001	 -7.4421135e-001	 -1.8643934e-001	 -8.8247580e-001	 -1.3845254e+000	 -1.8560027e+000	 -4.0156647e-001	  1.6873448e-001	  1.2815357e+000	  2.1563410e-001	
 -4.8913843e-001	  7.6586478e-001	  8.5427410e-001	  1.5643284e+000	  7.7524091e-001	  9.3532973e-001	  2.3840695e+000	 -3.5026076e-001	 -1.3176045e+000	 -1.2386762e+000	 -1.2873049e+000	
 -1.2007706e+000	 -6.6389813e-001	  2.6236631e-001	 -9.0891823e-002	 -1.1085281e+000	  1.5433111e-001	  3.9181636e-001	 -2.4161337e-001	  1.6039987e-001	 -2.8108960e-002	  9.8169929e-002	
 -5.8739727e-001	  8.7088447e-002	  9.5160715e-002	 -8.8056394e-001	 -2.2943589e-001	  1.5659138e+000	 -5.2519974e-002	  8.9918416e-001	 -1.2139775e+000	  1.0196068e+000	 -1.1020730e+000	
  4.2496648e-001	  1.2828901e+000	 -1.1655694e+000	  1.2268498e-001	 -3.6219675e-001	  4.4937504e-001	 -3.5455252e-001	  6.8188939e-001	 -2.7299992e-001	  7.5198373e-001	  1.1101689e+000	
 -1.2007706e+000	 -1.6344039e+000	 -1.1655694e+000	  7.4374383e-001	  5.8148181e-001	  4.4358986e-001	  5.6897006e-001	 -4.3778226e-001	 -3.8968448e-001	 -4.0107298e-001	  1.6443177e-001	
 -5.6059940e-001	 -7.9965339e-001	 -6.3051155e-001	  3.6436399e-001	  6.4248004e-001	 -3.4319393e-001	 -4.7943135e-001	 -1.0685407e+000	  7.1048422e-001	 -3.6690834e-001	  1.1824546e+000	
  1.1425537e+000	  6.9654294e-001	  1.4662466e+000	 -3.0727884e-001	  4.7024974e-001	 -7.1290711e-002	 -1.9191961e-001	  1.7170575e+000	  1.0216430e+000	 -3.0712021e-001	  8.7222870e-001	
 -1.2007706e+000	  8.4200037e-002	  2.1590255e-002	 -1.3583015e+000	 -1.8006786e+000	  1.9419502e+000	  2.8436248e-001	 -2.1143354e-001	 -1.3645840e+000	 -1.4630240e+000	 -1.2873049e+000	
  4.3389910e-001	  1.9472244e+000	 -5.4690876e-001	 -1.3265460e+000	 -2.4737654e-001	  1.2564069e+000	  2.4080009e-001	  9.3539996e-001	  7.9831964e-002	  9.0572462e-001	  3.8731251e-001	
 -8.5835345e-001	 -1.3080135e+000	  3.1252798e-001	  8.3341883e-002	  1.2273455e+000	  1.0249999e+000	 -1.8144733e+000	 -1.0685407e+000	 -1.3731686e+000	  1.1818888e+000	 -1.2873049e+000	
 -1.2007706e+000	 -3.7216873e-001	 -9.1208577e-001	 -1.3583015e+000	 -1.1695263e+000	 -3.4897911e-001	  1.0278272e+000	 -7.2750862e-001	 -1.3081586e+000	 -1.4630240e+000	 -1.2873049e+000	
  1.0115419e+000	  2.0627608e+000	  6.8407820e-002	  7.5779494e-001	  2.1190428e-001	 -3.0794486e-002	 -1.3674059e-001	  1.5721943e+000	 -4.9247802e-001	 -1.5907343e-001	 -2.2711547e-001	
 -1.2007706e+000	 -5.1947763e-001	 -1.1077163e+000	 -7.4030496e-002	  1.6005111e+000	 -9.6510024e-001	  2.5822504e-001	 -1.0685407e+000	 -2.0632303e-001	 -1.4630240e+000	  3.1803876e-001	
 -7.0352134e-001	  1.4485665e-001	 -4.4992951e-001	  8.7582422e-001	 -1.3417566e+000	  7.4152637e-001	 -2.9066102e-001	  1.8347589e+000	  1.4650885e-001	 -2.3594387e-001	 -1.0960492e+000	
  1.4522179e+000	 -4.0001589e-002	 -7.2414668e-001	 -4.1968769e-001	  3.1596009e-001	  1.2540524e-001	 -5.3751454e-001	  2.2617398e-001	 -1.0397842e+000	  3.7047855e-001	  4.7465766e-001	
 -1.1992342e-001	  6.4455156e-001	 -3.5629438e-001	  3.4188222e-001	 -1.5139869e+000	  3.1631601e-001	 -2.7614022e-001	 -7.2750862e-001	  9.0944779e-002	 -7.0001361e-001	 -5.4637707e-001	
 -3.9981222e-001	  8.6695912e-001	 -8.1109359e-001	 -7.5129377e-001	 -2.5455281e-001	  6.3450064e-001	 -1.8320713e-001	 -3.7440462e-001	  6.7158937e-001	 -5.0071986e-001	 -2.0603216e-001	
 -1.2007706e+000	 -5.1081240e-001	  1.5531935e+000	 -2.9603796e-001	 -2.4378841e-001	 -1.3845254e+000	  8.7971508e-001	 -1.0685407e+000	 -1.0842354e+000	  3.6193738e-001	 -1.2873049e+000	
  7.4951839e-001	 -7.6210407e-001	  1.1017384e+000	 -1.3583015e+000	 -3.7654927e-001	 -1.0345223e+000	  5.0217441e-001	  8.6598635e-001	 -9.2416671e-002	 -3.2704959e-001	  1.4685853e+000	
  1.8065452e+000	  1.1211392e+000	  9.2115634e-001	 -1.3583015e+000	  2.0452349e-004	  5.7375630e-001	  7.4902792e-001	  6.4869158e-001	 -1.0075128e-001	  3.2207863e-001	 -1.2873049e+000	
 -2.2413733e-001	 -3.1728894e-001	  2.1590255e-002	  2.2385294e-001	 -1.4960463e+000	  8.2830400e-001	  5.7187422e-001	 -1.4201994e-001	  2.4930239e-001	  8.2885418e-001	  8.6620490e-001	
 -1.2007706e+000	 -7.8232294e-001	  3.9278667e-001	  1.3367005e+000	  2.8909575e-002	 -1.3845254e+000	 -7.4370983e-001	 -7.3656257e-001	 -2.9244734e-001	  3.3916096e-001	  5.1983619e-001	
 -1.2007706e+000	 -1.6344039e+000	 -1.1016969e+000	 -1.3583015e+000	 -1.3776379e+000	 -1.3845254e+000	 -1.3245416e+000	 -9.8645155e-001	 -1.3731686e+000	  9.4314345e-002	  1.6141987e-001	
 -1.8542931e-001	  3.2208659e-002	 -1.1655694e+000	 -7.4005289e-001	 -1.9355457e-001	 -1.3845254e+000	 -1.3535832e+000	 -1.0685407e+000	 -8.7031373e-001	 -1.4630240e+000	 -1.2873049e+000	
 -6.5290316e-001	  2.4306258e-001	 -3.0947682e-001	  3.5031288e-001	  1.0766439e+000	 -8.7543003e-001	 -4.9395215e-001	 -9.0714228e-002	  3.9932540e-001	  3.9040792e-001	  7.1259790e-001	
  1.4105324e+000	  9.1606209e-001	 -5.5025287e-001	 -1.2073926e+000	  2.5137372e-001	 -1.2387390e+000	  3.1700639e-002	  1.9464242e+000	 -1.0008893e+000	  3.7047855e-001	 -5.3131756e-001	
  1.9569587e-001	 -4.8481671e-001	 -7.6762014e-001	 -8.1030841e-001	  4.1283963e-001	  3.5102706e-001	  1.3385722e+000	  2.1003414e+000	 -5.2581646e-001	  3.6193738e-001	  5.3489570e-001	
  2.9380106e+000	  1.8316880e+000	  2.6467180e+000	  1.1371748e+000	  9.8335253e-001	 -7.1055255e-001	  1.2514474e+000	  1.4333671e+000	  9.8830460e-001	  1.6117939e+000	  1.4836448e+000	
 -6.5290316e-001	  1.5929869e-001	  6.0012160e-001	  1.4266275e+000	  4.4872095e-001	 -1.0460927e+000	 -3.1492701e-003	 -7.3052660e-001	 -6.2923537e-003	  1.7256761e+000	 -6.9396026e-001	
  2.7295828e+000	  1.6872675e+000	 -4.7668241e-001	 -2.6256738e-002	 -1.3255634e-001	 -5.6013800e-001	 -9.3248017e-001	 -2.7336587e-002	  1.6272915e+000	  1.4409707e+000	  1.4776210e+000	
 -2.6880044e-001	  1.4850788e+000	 -7.2749079e-001	 -3.4100150e-001	 -1.4690886e-001	  2.2601348e+000	 -1.0225091e+000	 -3.3372553e-002	  1.4373065e-001	  4.4165489e-001	 -5.5437065e-002	
  1.1098008e+000	 -1.3080135e+000	  6.4359505e-001	  2.9691868e-001	  1.0945846e+000	  6.0557476e-001	  1.5709049e+000	 -1.0685407e+000	 -1.3408973e-001	  8.4878355e-001	 -1.2873049e+000	
 -1.2007706e+000	 -1.6344039e+000	 -3.0947682e-001	 -1.1826627e+000	 -1.3776379e+000	 -1.3845254e+000	 -1.6158288e+000	 -1.0685407e+000	 -1.3731686e+000	 -9.2208379e-001	 -1.2873049e+000	
  5.9766383e-001	  4.1636718e-001	 -9.1108253e-001	  9.0392643e-001	 -6.1336595e-001	 -4.7611990e-003	 -4.5038976e-001	  3.1973145e-001	 -1.3731686e+000	 -8.2813103e-001	 -1.2873049e+000	
 -7.6009461e-001	 -3.2884258e-001	 -1.7905645e-001	 -2.2016199e-001	  4.4154469e-001	  1.1672748e-001	 -7.8727221e-001	 -8.8866891e-001	 -8.9531756e-001	 -1.4630240e+000	 -1.2873049e+000	
  1.4210014e-001	 -1.5264958e-001	  2.1150043e+000	  2.0139637e+000	  5.5636489e-001	  5.2458231e-001	  4.2085795e-001	  4.3139681e-001	  3.0208827e-001	  4.3311372e-001	  5.6003303e-002	
 -1.2007706e+000	 -4.2704852e-001	  1.4495260e+000	 -6.5599833e-002	 -9.4347404e-001	  3.2210119e-001	 -1.8560027e+000	 -2.5368530e-001	 -5.8971515e-001	  8.9148936e-001	 -1.0965130e-001	
 -1.2007706e+000	 -1.3706920e+000	 -2.1918580e-001	 -2.7636641e-001	  9.4029495e-001	 -1.3845254e+000	 -4.2134817e-001	 -1.0685407e+000	 -6.1194078e-001	 -9.1638969e-001	  8.1199066e-001	
  1.7485308e-001	  2.8638873e-001	 -7.2749079e-001	  5.5545902e-001	  1.7602296e-001	  4.4358986e-001	  9.1746915e-001	  9.5652584e-001	  1.3439147e+000	  1.4979118e+000	  2.7888404e-001	
  1.6159827e+000	  1.0749246e+000	 -1.6902412e-001	  8.6739356e-001	  1.5718061e+000	 -3.0269771e-001	  9.2687979e-002	  1.0380114e+000	  1.0049738e+000	 -7.3702531e-001	  1.1282404e+000	
  8.8350771e-001	  1.1326928e+000	 -1.1655694e+000	  8.1118914e-001	 -1.4601650e+000	  9.5557785e-001	  8.3615270e-001	  3.8310909e-001	  1.8773298e+000	  8.8294820e-001	 -2.2306145e-002	
 -1.1680177e+000	 -1.6344039e+000	 -1.1655694e+000	 -1.3583015e+000	 -7.9277252e-001	 -1.3845254e+000	 -1.8335246e+000	 -1.0685407e+000	 -5.8971515e-001	 -6.7439013e-001	 -1.2873049e+000	
 -1.2007706e+000	 -1.4398435e-001	 -9.5455599e-001	  1.3111564e-001	  1.3636945e+000	 -6.5270080e-001	 -9.5571344e-001	 -1.0685407e+000	 -1.3731686e+000	 -1.4630240e+000	 -1.2873049e+000	
  1.2527227e+000	  5.4345721e-001	  2.5798358e+000	  3.1940045e-001	  7.5555283e-002	  5.9111182e-001	 -1.8560027e+000	  3.4584337e+000	  2.3774065e+000	 -2.3024977e-001	  1.0419373e-001	
  4.6962959e-001	  1.1326928e+000	 -1.1655694e+000	 -1.0210750e+000	  1.0407626e+000	 -5.2253436e-001	  3.4534982e-001	  4.5855866e-001	  3.9376899e-001	 -1.3462948e+000	 -2.9036541e-001	
  6.8699004e-001	  7.6297637e-001	  1.6668933e+000	  1.4350582e+000	  1.4749265e+000	  2.1155054e+000	  1.2804890e+000	  1.2492702e+000	 -2.5355249e-001	 -4.3808468e-001	 -3.9578197e-001	
  2.3127271e+000	 -1.6709162e-001	 -1.0655805e+000	  7.6622560e-001	  1.0067220e-001	 -3.8079757e-001	 -3.7197747e-001	  9.6557979e-001	  1.1594861e-001	  2.8644975e+000	  7.9693116e-001	
  1.1633965e+000	 -5.8591106e-001	 -1.1655694e+000	 -5.3771697e-001	  1.2094048e+000	 -3.9472249e-002	 -8.7149283e-001	 -5.5548359e-001	  8.2716878e-001	  2.5374935e-001	  6.2027107e-002	
 -1.2007706e+000	 -1.2617990e+000	 -4.7668241e-001	  1.2830542e-001	 -2.6531720e-001	 -1.1241926e+000	  7.2358865e-002	 -1.0685407e+000	 -1.3731686e+000	  1.1424372e-001	 -1.2873049e+000	
  1.0055869e+000	 -7.8232294e-001	 -7.9771714e-001	 -7.6534488e-001	 -1.0026316e-001	 -2.7087925e-001	  1.1882541e-001	  5.7625999e-001	  2.9375365e-001	 -5.3773156e-001	 -2.9337731e-001	
  7.7929379e-001	 -1.0278378e+000	  2.2119835e+000	  8.2243002e-001	  7.7165278e-001	  1.7394691e+000	 -1.6303496e+000	  1.0832811e+000	  8.4105980e-001	  1.8826711e-001	  2.8088816e+000	
  1.4065901e-002	 -5.5413855e-001	 -1.1655694e+000	 -1.3583015e+000	  1.1089371e+000	  1.9771993e-001	  9.3489410e-001	 -5.8868141e-001	  2.7986264e-001	 -2.7010852e-001	 -3.0542492e-001	
  3.6243813e-001	 -6.8122859e-001	  1.8006577e+000	  1.3872845e+000	 -6.8154044e-001	 -8.3493381e-001	 -1.2287044e+000	 -8.7696245e-002	  2.4329706e+000	 -2.8149673e-001	  1.5077400e+000	
 -8.7324115e-001	 -1.6344039e+000	 -2.4259458e-001	  4.6272172e-001	  1.5000435e+000	 -1.3845254e+000	  6.8513643e-001	 -1.0685407e+000	 -1.3731686e+000	 -3.2420254e-001	 -1.2873049e+000	
  5.9766383e-001	  8.1207933e-001	  2.6905453e-001	 -7.0914045e-001	 -1.3596973e+000	  7.1549309e-001	  1.1062395e+000	 -3.0800900e-001	  9.5774436e-001	 -4.9787281e-001	  1.4234067e+000	
 -1.0772027e+000	  2.0655019e-002	 -4.8002652e-001	 -1.0660385e+000	  3.7695832e-001	  7.2706343e-001	  2.1175850e-001	  5.4909815e-001	  2.9824295e-002	  5.2991355e-001	  1.3631687e+000	
 -6.0526251e-001	 -7.6499248e-001	 -3.8304728e-001	 -1.3583015e+000	 -1.6998521e+000	 -4.4443450e-001	  3.5406229e-001	 -1.0685407e+000	 -7.7585480e-001	 -8.0535460e-001	 -1.2270669e+000	
  1.5623869e+000	  9.1317368e-001	 -3.3288560e-001	  2.1544748e+000	  4.9536666e-001	 -7.9733017e-001	 -9.9637167e-001	  8.4328780e-002	  2.9824295e-002	 -6.5730781e-001	 -2.4819878e-001	
 -3.6552286e-002	 -5.1370081e-001	 -4.9340297e-001	  1.5924306e+000	  7.1065454e-001	  1.5080621e+000	  2.9597911e-001	  2.4729986e-001	 -1.0036675e+000	 -1.4630240e+000	 -9.7105522e-001	
 -6.0228497e-001	 -5.8879947e-001	 -8.5067517e-003	  1.2945472e+000	 -3.0837478e-001	 -1.3845254e+000	 -1.0021800e+000	 -9.2428110e-001	 -4.8692161e-001	  1.6549069e-001	 -6.0661510e-001	
  1.4790158e+000	 -1.3531912e-001	  1.6568609e+000	  6.0323278e-001	 -6.4381842e-002	  1.9998019e+000	  8.4776933e-001	  6.7887141e-001	  4.6322409e-001	  1.6972055e+000	  1.4987043e+000	
  6.2743923e-001	 -7.8232294e-001	 -6.6729678e-001	 -1.3583015e+000	 -8.1071317e-001	 -1.0923741e+000	  3.3373318e-001	  2.1108406e-001	 -1.2487051e+000	 -1.4630240e+000	  4.7465766e-001	
 -2.7773306e-001	 -2.8551643e-001	 -1.1655694e+000	 -1.3583015e+000	 -1.2915228e+000	 -4.0972345e-001	 -9.8475503e-001	 -1.0685407e+000	 -1.3731686e+000	 -1.1899915e+000	  2.0358649e-001	
 -1.1421131e+000	 -6.5234449e-001	 -4.3989718e-001	 -3.5224238e-001	 -1.5283395e+000	 -6.3534527e-001	 -8.2212212e-001	  1.5676037e-001	 -2.0183373e-002	  9.6266570e-001	 -4.2347340e-003	
 -1.1459839e+000	  6.4166315e-001	  2.0614985e+000	 -1.2492649e+000	 -1.5462801e+000	  9.3586776e-002	 -1.4545306e-001	 -1.0045594e+000	  5.9102146e-001	  4.4734899e-001	 -4.2590099e-001	
  6.5423709e-001	 -1.7575685e-001	  4.8307769e-001	  9.6856151e-001	  1.6220399e+000	 -1.3845254e+000	  2.1807783e+000	 -4.6796209e-001	 -8.5364451e-001	 -7.3417826e-001	 -1.1915264e+000	
  1.0681152e+000	  7.0520817e-001	 -2.4928280e-001	 -1.3167102e+000	 -1.6291659e+000	  7.9648553e-001	 -8.0179301e-001	  1.1768386e+000	 -6.3972282e-001	 -3.5836718e-001	 -6.3071032e-001	
 -8.1964542e-001	 -1.0278378e+000	  3.3593677e-001	 -2.9884818e-001	  3.0878382e-001	 -1.3845254e+000	 -1.2345127e+000	 -1.0685407e+000	 -1.2512055e+000	 -1.2924855e+000	 -1.2873049e+000	
 -1.2007706e+000	 -1.4171954e+000	 -1.4895945e-001	 -6.9789957e-001	  1.4892791e+000	  1.3986818e-001	  1.2804890e+000	 -1.0685407e+000	 -7.2584713e-001	 -1.4630240e+000	  4.7465766e-001	
  8.2549331e-002	  1.8529438e-001	  1.7103667e+000	  1.8172483e+000	 -9.7576722e-001	  1.2540524e-001	 -1.8560027e+000	 -1.4805590e-001	  1.3772531e+000	 -1.1213775e+000	  1.9956681e+000	
 -8.8812885e-001	 -1.2560222e+000	 -1.1655694e+000	 -1.3583015e+000	 -4.7342882e-001	  8.8904833e-001	 -6.3044763e-001	  1.7412014e+000	 -1.3731686e+000	 -3.2135548e-001	  1.8450730e+000	
 -5.2784646e-001	 -9.7295799e-001	 -1.1655694e+000	 -1.3583015e+000	 -1.3740498e+000	 -1.1244818e+000	 -2.8485270e-001	 -5.9169939e-001	 -1.0203367e+000	 -3.4413191e-001	  9.8169929e-002	
 -2.9857584e-001	 -3.6639191e-001	 -1.1655694e+000	 -1.3583015e+000	 -1.6198368e+000	 -6.4402303e-001	 -9.3538433e-001	 -5.4039368e-001	 -3.3967681e-001	 -6.8293129e-001	  3.3008637e-001	
  7.4654085e-001	  4.3614990e-004	  1.8073460e+000	  5.9761234e-001	  1.1376422e+000	  2.1155054e+000	  1.3676138e+000	  1.3880974e+000	  5.0767535e-001	  8.8010114e-001	  1.3571449e+000	
 -1.2007706e+000	  8.7851276e-001	  8.3086532e-001	 -6.8410054e-002	  1.0264101e+000	 -6.4113045e-001	 -3.0227765e-001	 -8.2378227e-001	 -6.1194078e-001	 -3.1566138e-001	  7.8128734e-003	
 -3.7896944e-001	  2.8350032e-001	 -1.7905645e-001	 -2.9603796e-001	  1.2452861e+000	  1.7105432e+000	  1.7161129e+000	  3.8612707e-001	 -1.5353715e-001	 -6.7723718e-001	  8.9134223e-002	
  1.3360939e+000	  3.3838011e-001	 -5.2684408e-001	 -1.2914183e+000	  5.0971918e-001	 -1.8686115e-003	 -1.2374169e+000	 -7.3958055e-001	  3.4098312e-001	 -2.5261907e-002	 -3.8674627e-001	
  2.5226914e-001	  1.3406583e+000	  4.9311002e-001	 -4.7589211e-001	  7.5371212e-001	  4.6962315e-001	  3.7439141e-001	  4.2536085e-001	  9.9108280e-001	  1.1591124e+000	 -1.3073461e-001	
