  8.3539549e-001	  2.2009639e-001	 -7.4665962e-001	  4.4875063e-001	  3.7639335e-002	  3.7175108e-001	 -9.4425609e-001	 -1.7061185e-001	 -3.0259095e-002	  1.5641739e+000	 -1.2028154e+000	
 -4.4984475e-001	  1.0966056e+000	  4.0702915e-001	 -1.0948428e+000	  1.3341955e+000	 -4.7383404e-001	  1.2435330e+000	  4.7382978e-001	  2.3174543e+000	  1.2079847e+000	  2.2677858e+000	
 -1.2497868e+000	 -2.6594301e-001	 -3.3228562e-001	 -2.6247745e-002	 -9.3169076e-001	 -7.8614907e-002	 -6.2598009e-001	 -6.3528818e-001	 -4.7426423e-001	 -8.1236712e-001	  5.4395822e-001	
  3.5809673e-001	 -1.5015207e+000	  2.4306821e-001	  1.9134266e-002	  1.5039826e+000	 -1.3267721e+000	 -6.3744949e-001	 -9.8803518e-001	 -5.6422605e-001	 -3.9778626e-001	 -1.2028154e+000	
 -8.3381694e-001	 -1.4996093e+000	 -1.1466474e-001	  1.5528030e-001	  1.7964311e-001	 -1.3929483e+000	 -1.2826036e+000	 -9.8803518e-001	  2.3672438e-001	  4.6933007e-001	 -2.7923396e-001	
  1.9544184e-001	  9.2184990e-001	 -5.7971758e-001	 -5.3452626e-001	 -3.3280529e-001	 -1.9197233e-001	  4.1486847e-001	  2.8388909e-001	  2.4833236e-001	 -1.2401223e-002	  1.2667611e+000	
  1.0807111e+000	  3.1566593e-001	 -1.1466474e-001	  6.4540601e-001	  1.3928492e+000	 -6.8216661e-001	  2.9443971e-001	 -9.8803518e-001	  4.7178592e-001	  1.0438212e-001	 -3.5954539e-001	
 -1.2497868e+000	 -2.2225408e-001	  3.5336921e-001	  1.5500207e+000	  4.6056361e-001	  1.0090036e+000	  2.2849063e-001	 -4.9961626e-001	 -1.3390585e+000	 -6.5179003e-001	 -9.7220689e-001	
 -6.8449442e-001	 -1.5301916e+000	 -1.7130579e-001	 -1.1919603e+000	 -1.2996658e+000	  5.6782879e-001	 -9.4995352e-003	 -7.7842206e-001	 -6.0195198e-001	 -1.2611071e+000	  5.2388036e-001	
 -6.4449732e-001	 -1.0277688e+000	 -7.9584790e-001	 -5.3452626e-001	 -3.7293679e-001	 -5.9638261e-001	  6.2184250e-002	  9.7340194e-002	 -7.9928759e-001	  4.5473215e-001	 -5.0582693e-001	
  6.0341229e-001	  3.7300766e-001	 -4.3662440e-001	  5.8792213e-001	  6.3343777e-001	 -5.6268175e-001	 -1.5779407e+000	  1.0266929e+000	  3.7311812e-001	  1.8561323e+000	  7.3900027e-001	
 -1.2497868e+000	 -4.9804048e-001	 -1.0835248e+000	  8.8441793e-001	  8.8657493e-001	 -8.2309746e-001	 -1.9587738e-001	 -6.6954534e-001	 -1.3390585e+000	 -5.2916752e-001	 -9.3778770e-001	
  9.0205733e-001	  3.6754654e-001	 -1.0221140e+000	  2.3394245e-001	  1.4329807e+000	 -6.3296336e-002	 -7.9515382e-001	 -5.9458661e-001	  8.8722673e-002	  9.8609636e-001	  1.3528091e+000	
  1.2860295e+000	  1.5280339e+000	 -3.4174825e-002	  2.4604432e-001	 -1.4719225e+000	  1.9771373e+000	 -1.5779407e+000	  3.6190044e-001	  4.3406000e-001	  6.9347117e-002	 -9.2488051e-001	
 -1.2497868e+000	  2.2106735e+000	 -1.1466474e-001	  6.5145694e-001	  9.7609905e-001	  8.3437193e-001	  7.7328740e-001	  3.2459066e-001	 -1.3390585e+000	  3.3210964e-001	 -1.2028154e+000	
 -7.9915278e-001	 -1.0933022e+000	  4.9944350e-001	 -1.0155756e+000	 -7.1868510e-001	  7.6084279e-001	  1.1059002e+000	  1.3125817e-001	 -1.1550721e+000	 -9.8462255e-001	 -1.2028154e+000	
 -7.6182215e-001	  7.5255528e-001	 -5.4096317e-001	  1.1657864e+000	  1.2323232e+000	 -1.0069203e+000	  3.1818626e+000	 -9.8803518e-001	  1.1193863e-001	 -5.6194977e-002	 -1.2028154e+000	
 -3.6451760e-001	 -2.2225408e-001	 -1.0835248e+000	 -1.3362751e+000	 -1.3632587e+000	 -9.1807260e-001	 -6.0877598e-001	  2.0587773e-001	 -6.4838389e-001	  8.6864618e-002	  5.1814383e-001	
 -9.8580593e-001	 -1.4209692e+000	 -3.6805891e-001	 -1.3362751e+000	 -7.2177214e-001	 -6.7297546e-001	 -4.4820430e-001	 -9.8803518e-001	 -1.3390585e+000	 -1.3262138e+000	 -1.2028154e+000	
  3.5276378e-001	  3.7027710e-001	 -3.4174825e-002	  5.8792213e-001	  9.1435828e-001	  2.0077745e+000	 -1.3310618e+000	 -2.6219040e-001	 -1.5214286e-001	  7.2266701e-002	  7.6768293e-001	
 -1.3786735e-001	 -5.0077103e-001	 -9.9379347e-001	 -4.6191504e-001	 -7.2794622e-001	 -1.3929483e+000	  1.0232717e-001	  1.6178436e-001	 -1.0494395e+000	 -1.3262138e+000	 -3.5094059e-001	
 -7.8582042e-001	 -5.6084332e-001	 -1.0835248e+000	  4.5782703e-001	  9.8559879e-003	  9.3853821e-001	  9.1952232e-001	  8.5710295e-001	 -1.0285451e+000	 -2.0509374e-001	  7.6768293e-001	
 -1.2497868e+000	 -8.9124089e-001	 -4.5451104e-001	  1.9009750e+000	  8.4026935e-001	  9.2628335e-001	  1.6540890e-001	 -9.8803518e-001	 -9.6179928e-001	 -6.0799627e-001	 -9.1312062e-001	
 -3.3251992e-001	 -9.3766038e-001	  1.8856587e+000	 -6.9790150e-001	  1.5441141e+000	  4.2996165e-001	  2.4908682e-002	  2.3630613e+000	 -5.2069614e-001	 -3.6424725e-003	  9.2830579e-001	
  8.1139723e-001	 -2.3317631e-001	  2.5236158e+000	  1.2141939e+000	  5.1613031e-001	  1.8239516e+000	 -4.3907752e-002	 -8.4252704e-001	  6.0237567e-001	  1.5495760e+000	  5.2388036e-001	
 -4.7384301e-001	 -6.0726281e-001	  1.6948678e+000	 -7.4933444e-001	  7.4457116e-001	 -2.1648205e-001	  1.0743593e+000	  8.7164800e-002	 -6.1355996e-001	  1.3043310e+000	 -1.2028154e+000	
 -1.2497868e+000	 -5.7176555e-001	 -1.0835248e+000	 -1.3362751e+000	 -1.2518167e+000	 -1.0006091e-001	 -6.9766387e-001	 -9.8803518e-001	 -1.3390585e+000	 -9.7002464e-001	 -8.1273133e-001	
  3.3409847e-001	 -3.8062646e-001	 -6.8703746e-001	 -1.3362751e+000	  6.0874146e-001	  9.2934707e-001	 -5.3422484e-001	  5.9593451e-001	 -7.6156167e-001	  6.1822883e-001	 -8.2420439e-001	
 -4.6584359e-001	  1.3915059e+000	  1.3401159e+000	  5.0925998e-001	  1.0594491e+000	  8.6500907e-001	  1.3180842e+000	  1.3896152e+000	  1.4758760e+000	 -4.1597059e-002	  2.4972470e+000	
 -4.2318002e-001	  7.4163305e-001	  2.9374705e-001	  1.8707203e+000	  6.3652481e-001	  2.4613880e-001	  2.2929836e+000	  5.7558372e-001	  6.4590558e-001	  2.2940698e+000	 -1.1000630e-001	
  9.3938796e-001	  1.2549780e+000	 -2.2250393e-002	 -1.1223746e+000	 -1.0366501e+000	  2.5592430e+000	  4.2112790e-002	  9.3511431e-001	 -7.6691004e-002	  9.4522219e-001	 -1.2028154e+000	
 -1.0559342e+000	 -1.3679964e+000	 -1.0835248e+000	 -1.3362751e+000	 -5.5507206e-001	  7.4570804e-002	  8.6504264e-001	 -4.1142951e-001	 -1.1678409e+000	 -1.3262138e+000	  5.4682649e-001	
 -1.2497868e+000	 -9.8954099e-001	 -1.0619118e+000	 -9.3388795e-001	 -9.7182226e-001	 -3.1758462e-001	 -1.3691976e+000	 -9.8803518e-001	 -1.3390585e+000	 -1.3262138e+000	 -8.0986306e-001	
 -1.2497868e+000	 -2.4409854e-001	 -1.0835248e+000	 -1.3362751e+000	 -1.3030615e+000	 -2.4711919e-001	 -8.0375587e-001	 -7.4925260e-001	 -1.2882736e+000	 -1.3262138e+000	 -1.2028154e+000	
  1.0833775e+000	 -3.2055418e-001	 -5.2009542e-001	 -8.4009846e-001	 -6.1681283e-001	 -1.3374951e+000	 -1.6146916e-001	 -9.7334869e-001	  5.3562980e-001	 -3.7151000e-001	 -1.2028154e+000	
  4.3452853e-002	  6.0783568e-001	  1.2978611e-001	 -8.5825127e-001	  1.3403696e+000	  1.8180080e-001	  3.4318469e-001	  6.8412125e-001	  1.1537546e+000	  1.0269705e+000	 -5.4598264e-001	
 -1.2497868e+000	 -1.5301916e+000	  8.8698753e-001	 -5.7385734e-001	  1.0038824e+000	 -1.3929483e+000	 -1.0216746e+000	 -9.8803518e-001	 -1.3390585e+000	 -1.3262138e+000	 -1.0232620e+000	
  2.1144069e-001	  1.0283417e+000	 -8.5397951e-001	  1.1325063e+000	 -1.4758298e-001	 -1.3929483e+000	  1.3386803e-001	 -7.0108906e-001	  1.3225259e-001	  1.6569338e-001	 -1.5016201e-001	
 -1.1417946e+000	 -3.2328474e-001	 -1.0835248e+000	 -1.3297401e+000	 -1.3823984e+000	  9.2321964e-001	  7.2740977e-001	 -9.8803518e-001	 -1.3390585e+000	 -8.5908046e-001	 -1.2028154e+000	
  4.1142620e-001	  2.8836035e-001	  2.6691708e-001	 -4.4981317e-001	 -1.3523482e-001	 -1.1362091e+000	 -1.8727532e-001	 -9.8803518e-001	  3.0682786e-002	 -3.9778626e-001	 -1.2028154e+000	
  1.6033399e+000	  3.2112705e-001	  9.4660969e-001	 -3.6510009e-001	 -3.3589233e-001	 -6.5459318e-001	 -4.3386754e-001	  1.8780342e+000	 -2.0437875e-001	  1.5933697e+000	 -1.4155722e-001	
  1.4113538e+000	  1.2549780e+000	 -7.3771630e-001	 -1.1398630e-001	 -1.1940890e+000	  9.0483736e-001	  7.8762415e-001	  4.2295281e-001	 -2.3049670e-001	  1.1145580e+000	 -9.7335419e-001	
 -5.3250543e-001	  4.8071208e-002	 -8.8468492e-001	 -9.7926996e-001	 -6.1145898e-002	 -1.0006091e-001	 -4.7687781e-001	  4.9418056e-001	 -8.2494993e-002	 -9.4374838e-001	  2.3418556e-001	
 -9.4847530e-001	  3.1936745e+000	 -7.2579187e-001	 -2.6828513e-001	 -1.2586081e+000	  8.6825661e-002	 -1.0698948e-001	  7.6989406e-002	 -5.7293204e-001	  4.3721465e-001	 -4.2551550e-001	
  2.3499525e+000	  2.4467141e-001	 -2.2198463e-001	  9.4795274e-001	  1.3002381e+000	  1.0396408e+000	  6.0984837e-001	  3.3195483e+000	 -6.5418788e-001	  4.1969715e-001	  5.0953904e-001	
  2.1366346e+000	  7.6620807e-001	  1.3276722e-001	  8.3903592e-001	  1.3403696e+000	 -3.2677576e-001	 -1.0698948e-001	  1.0073199e-001	  1.9401951e+000	 -6.2551377e-001	 -5.1443172e-001	
  2.4343837e-001	 -9.4039094e-001	 -1.0835248e+000	 -1.0004482e+000	 -1.4605005e+000	  3.1354051e-001	  1.8628809e+000	 -7.2249708e-002	 -1.3390585e+000	  1.7737171e-001	 -8.5288705e-001	
 -5.6450311e-001	  6.4060238e-001	  2.4938047e+000	  1.2837796e+000	 -6.8164064e-001	 -7.2812232e-001	  2.3709269e-001	  1.3726563e+000	  1.8821552e+000	  2.2064823e+000	  9.1970100e-001	
 -4.7207247e-002	  1.8830065e+000	 -1.0835248e+000	 -9.4598982e-001	  6.5422681e-002	  2.0018309e-001	  9.6539994e-001	 -6.8073828e-001	  4.8094752e-002	  1.3452051e+000	  6.2089629e-002	
  8.6472670e-001	  1.0338028e+000	  3.2653924e-001	  2.7327352e-001	  9.9770832e-001	  7.0263222e-001	  2.7436825e-001	  2.1459862e+000	  1.9111751e+000	  1.7685448e+000	  1.1577670e+000	
 -4.0718117e-001	  4.3034939e-001	 -1.7130579e-001	  3.8824128e-001	 -1.5354229e+000	  5.9846593e-001	  2.9157236e-001	 -9.8803518e-001	 -2.9434058e-001	 -9.7586380e-001	 -7.5823429e-001	
 -6.3916437e-001	 -6.1151129e-002	 -1.0835248e+000	 -1.0588398e+000	 -7.6499068e-001	 -6.9442146e-001	  1.6540890e-001	 -8.5507669e-001	 -8.2494993e-002	 -1.3262138e+000	  1.7682025e-001	
 -1.2497868e+000	 -1.5301916e+000	 -3.4719116e-001	 -4.7401691e-001	 -4.5937387e-001	 -1.0253026e+000	 -1.2166545e+000	 -9.8803518e-001	 -1.3390585e+000	 -1.3262138e+000	 -2.2473692e-001	
 -1.2497868e+000	 -4.8165712e-001	 -5.5884982e-001	 -1.3362751e+000	 -1.4021554e+000	 -1.3929483e+000	 -1.5779407e+000	 -9.8803518e-001	 -6.2226594e-001	 -1.0196576e+000	  9.7132977e-001	
  1.0407140e+000	 -9.9773267e-001	  1.4384925e+000	 -1.1701770e+000	 -1.2549037e+000	 -4.7383404e-001	  6.8153215e-001	 -9.8803518e-001	  5.8206171e-001	  7.1165550e-001	 -7.6397082e-001	
  2.5099409e+000	 -2.2498463e-001	  1.2178905e+000	  1.9009750e+000	  8.3718231e-001	 -6.0863747e-001	  2.6944128e+000	  2.1944492e-001	  2.3174543e+000	  4.4013423e-001	  1.5134319e+000	
  5.2075161e-001	 -7.9840190e-001	 -1.0835248e+000	 -1.3362751e+000	 -1.0829557e+000	 -1.3929483e+000	 -1.1908483e+000	 -9.8803518e-001	 -8.7473945e-001	 -1.3262138e+000	 -1.2028154e+000	
 -4.6584359e-001	  1.2452684e-001	 -7.6454627e-001	 -1.3362751e+000	 -2.9884786e-001	 -1.2514047e+000	 -1.1363686e+000	 -9.8803518e-001	 -3.7269443e-001	 -1.1364409e+000	  1.8662286e+000	
 -1.2497868e+000	 -6.3881687e-002	  1.1731739e+000	 -3.7115102e-001	 -1.2561385e+000	  5.5251022e-001	 -6.2884744e-001	 -9.5038622e-001	  9.5932097e-001	  1.3065837e-001	  5.6116782e-001	
  1.1278116e-001	  1.5183243e-001	  1.3580026e+000	 -2.5315780e-001	 -1.9080152e-001	 -7.5263203e-001	 -1.5779407e+000	 -3.7411973e-001	  1.2935059e-001	  1.2868135e+000	 -1.0321536e+000	
 -5.2183954e-001	  6.3241071e-001	 -6.6915082e-001	  1.3321871e+000	  3.4943023e-001	 -1.3929483e+000	 -1.1765116e+000	 -9.8803518e-001	  2.9558931e+000	  1.2225826e+000	  1.0774556e+000	
 -1.7786445e-001	 -1.0788436e-003	 -5.4692539e-001	  1.2111684e+000	 -4.7480906e-001	 -9.6997192e-002	 -9.9873577e-001	 -3.1548131e-002	  4.9790387e-001	  5.1829616e-002	  1.1290844e+000	
 -7.6182215e-001	 -1.0332299e+000	  1.1672117e+000	  2.7327352e-001	  4.3813412e-002	 -1.3488308e+000	 -1.3760792e+000	 -5.1996705e-001	 -7.0642377e-001	 -6.2551377e-001	  3.1736525e-001	
  3.6609615e-001	 -5.4172941e-001	  1.6501512e+000	 -1.3213910e-001	 -8.7612407e-001	 -1.0498123e+000	 -2.6182646e-001	 -9.8803518e-001	  1.3801102e+000	  3.4962714e-001	  6.8163496e-001	
 -8.9870824e-002	 -1.4089548e+000	 -1.0835248e+000	 -3.8022742e-001	  9.1744532e-001	 -9.3933478e-002	  4.9802166e-001	  2.3640391e-001	 -4.9457819e-001	  4.6641048e-001	 -1.1887896e+000	
  4.0875973e-001	 -1.5301916e+000	  3.8318029e-001	  1.2958815e+000	 -1.2474948e+000	 -1.3929483e+000	 -6.4605155e-001	  2.9464505e+000	  1.3805658e-001	 -1.1063692e+000	  4.7798812e-001	
 -7.2449152e-001	  1.5007283e+000	  1.1791361e+000	 -9.8858961e-002	  1.5008956e+000	  2.2528716e+000	  6.9873626e-001	  2.6072707e+000	  8.1422126e-001	  6.9413800e-001	  1.7228153e+000	
 -1.2497868e+000	 -1.5301916e+000	  1.0837407e+000	  9.4795274e-001	  1.3465437e+000	 -2.2567319e-001	  2.0555182e-001	 -9.8803518e-001	 -1.3390585e+000	 -6.2034144e-002	 -1.2028154e+000	
  1.7899930e+000	  6.3241071e-001	  4.0106693e-001	 -6.9185056e-001	 -3.5750160e-001	 -1.1231576e-001	  5.3816458e-001	 -6.1154560e-001	  3.0347025e-001	 -1.3262138e+000	  4.0054495e-001	
 -4.5251122e-001	  6.9248299e-001	  1.9273942e+000	  1.3684927e+000	  1.3496307e+000	 -1.9197233e-001	 -4.7401046e-001	 -9.9384092e-002	  8.2582923e-001	 -1.3199075e+000	 -1.2028154e+000	
  1.2806966e+000	  8.5085538e-001	  1.2626071e+000	 -1.4726644e-001	  1.1798436e+000	  9.1402850e-001	 -2.7616322e-001	 -2.4183961e-001	  8.6645715e-001	  9.9777469e-001	  1.1658667e-001	
 -6.4983027e-001	 -1.0578050e+000	 -1.0835248e+000	 -1.1193491e+000	 -2.4328117e-001	  2.9209451e-001	 -7.8941912e-001	 -4.0125412e-001	 -1.3390585e+000	 -6.0507669e-001	 -1.2028154e+000	
  1.6566693e+000	  1.3271852e-001	 -8.0717611e-001	  2.0522483e+000	 -9.3786484e-001	  2.7064851e-001	 -7.9802117e-001	  1.3455219e+000	  2.9766626e-001	 -1.4962165e-001	  3.4891617e-001	
  4.4075741e-001	  4.3307994e-001	  1.0867218e+000	  2.1578964e-001	  1.4576771e+000	  1.2112088e+000	  1.5761458e+000	 -2.3505601e-001	  9.5641898e-001	 -1.8757624e-001	  1.0860604e+000	
 -3.9918175e-001	 -8.9943256e-001	 -1.0634620e+000	 -8.0706157e-002	 -7.6807772e-001	  2.2487662e-002	  7.5895064e-001	 -9.8803518e-001	 -7.2383574e-001	 -1.3262138e+000	 -1.2028154e+000	
 -6.6316263e-001	 -1.2680579e+000	 -8.4026641e-001	 -9.5506622e-001	 -3.6367567e-001	  5.3106422e-001	  7.5608329e-001	 -5.9458661e-001	 -5.1489215e-001	 -9.7002464e-001	 -4.5132988e-001	
  1.9233167e+000	  9.9557498e-001	 -1.0835248e+000	  1.4441294e+000	 -1.1786538e+000	  7.6084279e-001	 -5.2509806e-002	  1.5727723e+000	  1.4845819e+000	  1.8561323e+000	  5.6403608e-001	
  7.1007124e-001	  7.3071081e-001	  2.1658828e+000	  1.5439698e+000	  7.1987485e-001	  4.3933662e-002	  1.4327782e+000	  1.2776859e+000	  1.0260668e+000	  1.7685448e+000	  2.2677858e+000	
 -1.2497868e+000	 -8.8851033e-001	  1.2983804e+000	 -2.8341247e-001	  1.8581718e-001	 -7.9246032e-001	  1.9489015e+000	  4.3071426e-002	  1.3805658e-001	 -6.1675502e-001	 -2.8783875e-001	
  1.1287076e+000	  2.7840907e+000	  2.6130490e+000	  1.7194469e+000	  1.5379401e+000	  3.1413487e+000	  5.0375636e-001	  6.6716226e-001	  1.0608908e+000	  1.2546980e+000	  7.3039548e-001	
 -9.1381115e-001	 -7.4925185e-001	 -1.0835248e+000	 -1.0824384e+000	 -6.3842210e-001	 -1.2287332e+000	 -1.2137871e+000	 -9.8803518e-001	 -1.0459571e+000	 -5.9631794e-001	 -1.2485273e-002	
  9.1449376e-002	 -1.3038283e+000	 -7.9942523e-001	  8.1180671e-001	  1.3465437e+000	 -3.6047661e-001	 -8.8404171e-001	 -9.8803518e-001	 -6.1936394e-001	 -1.6713915e-001	  1.6821545e-001	
 -8.3381694e-001	  4.1942715e-001	 -4.2768107e-001	 -6.1923935e-001	  1.0594491e+000	 -8.0777889e-001	 -8.3816409e-001	  1.6856795e-001	  4.5727595e-001	  9.8901594e-001	  5.0953904e-001	
  4.3809094e-001	  5.7506898e-001	 -1.0835248e+000	 -5.5267906e-001	 -5.7668133e-001	  1.1713805e+000	  2.0841917e-001	  1.1962828e+000	  1.2088925e+000	 -9.7294422e-001	  2.4685643e+000	
 -1.3786735e-001	 -6.9342804e-002	 -5.8567979e-001	  1.1627609e+000	 -1.4840320e-002	  1.7320402e+000	  2.4569474e-001	  2.4657931e-001	  2.1976803e-002	 -1.0021401e+000	  1.5387412e-001	
 -1.1777920e+000	 -1.5301916e+000	 -3.7402113e-001	  1.0384735e-001	  1.4360678e+000	 -1.3376176e-001	  5.2669518e-001	 -9.8803518e-001	 -1.3390585e+000	 -1.3262138e+000	 -1.2028154e+000	
  3.4209789e-001	  5.0134391e-001	  3.3250145e-001	  1.3200852e+000	  1.4761993e+000	 -3.8805004e-001	  3.1531891e+000	 -2.2488062e-001	  1.1798725e+000	  2.5553363e-002	  2.8294607e-001	
  1.6300046e+000	  1.0064972e+000	  1.5517746e+000	  6.0607493e-001	  9.5757682e-001	  9.0177364e-001	 -3.7648324e-003	  5.1113956e-001	  1.7950953e+000	 -8.3572379e-001	  5.7837741e-001	
 -2.3386039e-001	  1.6002410e-001	  2.3412489e-001	  1.3866455e+000	  7.5691931e-001	  1.0028762e+000	 -3.3637759e-001	  7.9944239e-001	  3.0637225e-001	  1.2955722e+000	  5.0616567e-002	
 -8.9870824e-002	  2.8836035e-001	  5.2031125e-001	 -1.3362751e+000	 -1.2601517e+000	 -1.1846157e+000	 -6.3744949e-001	  1.0412379e-001	 -5.6712805e-001	  7.6128843e-001	  3.4317964e-001	
  3.2876552e-001	  4.5765497e-001	  4.4578355e-001	  4.9413264e-001	  1.3064122e+000	  2.1856537e-001	 -1.6433651e-001	  5.4844933e-001	  1.0405768e+000	  7.9048426e-001	  7.4760507e-001	
  2.5366056e+000	  7.4163305e-001	 -7.4069741e-001	  1.6891922e+000	  4.8525992e-001	  1.3889042e+000	  6.2184250e-002	  1.1420140e+000	  4.3696199e-001	 -3.1019875e-001	 -4.1117417e-001	
  2.1410716e-001	 -1.5186959e+000	  1.3276722e-001	 -9.9742277e-001	 -1.4975449e+000	 -8.4147975e-001	  2.5429679e-001	 -9.8803518e-001	 -6.0195198e-001	  1.0853622e+000	 -1.2028154e+000	
  2.2743953e-001	  6.1056624e-001	 -4.4556772e-001	 -8.3731624e-002	 -4.2232941e-001	  6.0152965e-001	  5.2382782e-001	  1.6517616e-001	 -3.8720440e-001	 -7.1602087e-001	 -5.3450958e-001	
 -1.1612599e+000	 -1.5125956e-001	  8.9294974e-001	  1.7497016e+000	  3.7103950e-001	  8.9564621e-001	 -3.1057143e-001	 -8.0046875e-001	  2.5413635e-001	  1.3802401e+000	  1.1262161e+000	
  1.1740376e+000	  5.6141619e-001	  1.3222293e+000	  2.9747726e-001	  5.0995623e-001	 -1.2143338e+000	 -6.5178625e-001	  3.6529224e-001	  7.7069134e-001	  2.9415505e-001	 -1.1574283e-001	
  3.9276089e-001	  6.8429132e-001	  3.4442588e-001	 -4.4376224e-001	 -1.5015581e+000	  9.5079307e-001	  4.5501139e-001	  1.9899635e+000	  1.4381500e+000	 -6.1675502e-001	  7.0458109e-001	
 -1.1937909e+000	 -1.3065588e+000	 -7.9465546e-001	 -4.8914425e-001	 -5.5507206e-001	 -1.3929483e+000	 -9.1844993e-001	 -9.8803518e-001	  3.9388769e-002	 -1.2882592e+000	  2.0956898e+000	
  1.0647122e+000	  6.8702188e-001	 -1.0835248e+000	 -1.0155756e+000	 -1.3805462e+000	 -4.3400576e-001	 -1.5779407e+000	  8.4353576e-001	 -1.3390585e+000	 -5.5836335e-001	 -1.0748908e+000	
  1.2380330e+000	  9.8738330e-001	 -6.8107525e-001	 -9.7019356e-001	 -1.2505818e+000	  2.7983966e-001	 -5.3709219e-001	  3.0763167e-001	 -3.0259095e-002	 -5.3792627e-001	  7.7055119e-001	
