 -1.8448166e+000	 -1.2195126e+000	  2.2572424e+000	  2.5717935e-001	  5.0842520e-001	 -1.5460915e+000	 -1.2261926e+000	 -1.3178977e+000	  1.5050918e+000	 -5.0218324e-001	  9.1565761e-002	
  1.2980405e+000	  5.4241232e-001	  1.0058571e+000	  1.2226932e+000	  1.1687221e+000	 -2.1449194e-002	  2.5194456e-001	  2.5028633e-001	  7.6571203e-001	  4.5264595e-001	  1.5459864e-001	
  6.0927439e-001	 -1.3994275e+000	 -1.7953208e+000	 -1.9397982e+000	 -1.7252943e+000	  3.4600056e-001	 -6.6069314e-001	  4.8025304e-001	 -1.6924013e+000	  5.7911339e-001	 -1.1154018e-001	
 -9.6504812e-001	 -1.1884928e+000	 -5.8564832e-001	  4.7109558e-001	 -7.6427144e-001	 -1.6173877e+000	 -1.4501527e+000	 -1.4952556e+000	 -3.1092863e-001	  4.7950131e-002	 -6.6482878e-001	
 -1.1965661e+000	 -1.0520057e+000	  1.1166207e-002	  1.0107831e-001	  2.2104209e-001	 -1.2225163e+000	 -1.2933806e+000	 -1.2082697e+000	 -5.7684591e-001	 -8.8158557e-001	 -3.8468265e-001	
  4.2055248e-002	  1.4233748e+000	 -8.5094200e-002	  1.2226932e+000	  7.4106867e-001	  2.2425404e-002	 -1.0079272e-001	 -6.9793261e-001	  2.9873535e-001	 -8.2467522e-001	 -3.9168630e-001	
 -2.4155432e-001	  1.4535881e-001	 -6.5623929e-001	  1.3787942e+000	  5.2553134e-001	 -1.2773596e+000	 -7.7827223e-001	 -1.0602089e+000	  3.8953637e-001	 -1.1281971e+000	 -6.2280686e-001	
 -1.3239010e+000	 -1.4118354e+000	  2.9994743e-001	  4.6531406e-001	  5.8369221e-001	 -1.0470179e+000	  3.8072165e-001	 -3.5455765e-001	  1.8199119e-001	  6.6764060e-001	  6.9387993e-001	
 -4.6728439e-001	  9.0224207e-001	  7.4274531e-001	 -3.7878783e-001	  5.2895257e-001	 -1.1468271e-001	  1.7915750e-001	 -8.7119520e-001	  1.0056862e+000	 -7.0453115e-001	  7.4990915e-001	
  3.2566482e-001	  1.0635451e+000	  1.7246015e+000	  6.1563357e-001	 -5.6077340e-002	  9.6572925e-001	  3.4152862e-001	  6.1272584e-002	  1.1029730e+000	  7.9410804e-001	  1.2401649e+000	
  5.8033464e-001	  4.6796479e-001	  1.9235396e+000	  5.8094445e-001	  1.2610953e+000	  7.3538762e-001	 -6.7198690e-002	  8.3622892e-001	  6.8139680e-001	  1.7995242e+000	  8.4095665e-001	
 -3.3416153e-001	 -1.7104321e-001	  9.6735292e-001	  1.9358263e-001	  3.3736383e-001	 -3.8889895e-001	 -8.7345531e-001	 -3.7030879e-001	  1.7515517e+000	  3.2617850e-001	  5.1878860e-001	
  1.0607345e+000	  7.7195889e-001	 -5.5356152e-001	  2.9764998e-001	  8.0771761e-002	  1.0469027e-001	  1.4837255e+000	  7.0706953e-001	  1.8199119e-001	 -2.6189510e-001	  1.0230516e+000	
  9.8549116e-001	  5.4241232e-001	 -1.0434628e-001	  5.4047382e-001	  3.4420628e-001	  2.4179839e-001	  1.6786375e-002	  1.2142564e+000	  1.3659068e-001	  2.4445082e+000	  1.0580699e+000	
  2.1569376e-001	  1.7017465e-001	 -4.1879695e-001	 -7.8349422e-001	 -2.2029626e-001	  1.5415833e+000	  2.8554816e+000	  1.5072277e+000	 -6.6764693e-001	  9.9645595e-001	  1.0300553e+000	
 -1.8448166e+000	 -1.0768215e+000	  2.7427799e-001	  6.8501181e-001	 -4.1188500e-001	 -4.2728922e-001	 -5.4311405e-001	 -1.0224062e+000	  4.5789657e-002	 -1.0381080e-001	 -2.1659498e-001	
  1.2308655e-001	  5.8503354e-002	 -2.1344141e-001	  1.3556681e+000	  1.1002976e+000	  9.3721625e-002	  7.2776418e-002	 -8.9954726e-001	  6.0356735e-001	 -3.3145220e-001	 -6.1580320e-001	
  6.4400209e-001	  1.6653293e+000	  7.1065850e-001	  7.1391941e-001	  1.4971600e+000	  1.2947887e+000	  1.3325524e+000	  1.4632877e-001	  1.5699496e+000	  8.8895862e-001	  6.8687628e-001	
 -1.5941983e+000	 -1.1512691e+000	 -9.7928921e-002	 -2.1112376e-001	 -5.1794306e-001	 -1.4967325e+000	 -1.2261926e+000	 -1.0255564e+000	 -2.4607076e-001	 -1.2546645e+000	 -3.0063881e-001	
  1.3115496e-002	  9.2085396e-001	  3.7695576e-001	  1.9936415e-001	  6.3665623e-002	  9.7121358e-001	  6.7746888e-001	  1.0346933e+000	  5.2275444e-002	  2.6926816e-001	  8.4562108e-002	
  1.7610765e+000	  1.1193807e+000	 -6.6907401e-001	 -2.1690528e-001	 -6.0689497e-001	  1.0754157e+000	  7.1106291e-001	  9.9689060e-001	 -2.3309919e-001	  1.1292468e+000	  1.0230516e+000	
  5.5139488e-001	  2.3663769e+000	 -3.9312750e-001	 -1.8221616e-001	 -7.7453512e-001	  3.8439083e-001	 -6.9988617e-001	 -8.2394177e-001	  2.3387748e-001	 -1.7415642e+000	 -4.0569361e-001	
 -1.8448166e+000	 -2.8511544e+000	 -1.7324306e+000	  3.4390214e-001	 -1.3698287e+000	 -2.7411258e+000	 -1.8084890e+000	 -1.4653284e+000	 -3.4984336e-001	 -9.2584918e-001	 -2.1659498e-001	
 -1.5224277e+000	 -8.4727498e-001	  4.6038144e-001	  6.5032269e-001	  7.7528095e-001	 -1.3157498e+000	 -1.3045786e+000	 -1.5503846e+000	 -1.7472711e-001	 -4.7688976e-001	 -1.6943658e+000	
 -1.6115622e+000	  1.4668025e+000	  9.6093556e-001	  1.3903572e+000	  4.8105538e-001	 -1.1237985e+000	 -6.4389613e-001	 -1.0759601e+000	  2.4131020e+000	 -6.3497406e-001	 -1.5823073e+000	
 -3.8625308e-001	 -1.8212969e+000	 -1.0091941e+000	 -1.6657541e+000	 -1.3971985e+000	  2.5276704e-001	 -3.3035189e-001	 -6.9163215e-001	 -1.7378018e+000	 -7.6776487e-001	 -1.8904681e+000	
 -5.2516389e-001	 -1.8965509e-001	 -1.0733677e+000	  6.6766725e-001	 -3.1951186e-001	 -8.3861358e-001	 -1.5118375e-001	 -1.0728099e+000	  7.3328309e-001	 -3.4409894e-001	 -2.9298102e+000	
  8.2921650e-001	  2.1980634e-001	  6.0798073e-001	  1.0839367e+000	  4.5368556e-001	  2.1986109e-001	  2.3514754e-001	  9.1498465e-001	  1.0056862e+000	  1.1355701e+000	  1.4852927e+000	
  4.5299973e-001	  7.0371532e-001	 -7.9100386e-001	 -2.6315744e-001	 -7.9506249e-001	  6.7506004e-001	  3.7512265e-001	  2.2193426e-001	 -1.6175553e-001	  2.0603443e-001	  3.5070093e-001	
 -8.3771321e-001	 -4.3160958e-001	 -1.6502884e+000	 -1.9397982e+000	 -1.5703126e+000	 -1.1567044e+000	 -1.5453358e+000	 -8.8694635e-001	 -1.8091455e+000	 -2.1209665e+000	 -1.6663512e+000	
  4.2984793e-001	  5.5482025e-001	  2.2293910e-001	 -1.4552085e-002	  7.6843849e-001	  1.0699314e+000	 -1.5118375e-001	  1.2174066e+000	  1.2910608e+000	  1.2240973e+000	  1.2331612e+000	
 -7.1616626e-001	  6.2306382e-001	  1.0122744e+000	 -1.7065312e-001	  1.8340859e-001	  2.0889244e-001	  2.1275152e-001	 -7.2628467e-001	  1.6672364e+000	  3.6411874e-001	  5.8182148e-001	
  6.6715389e-001	  7.4093908e-001	  7.4274531e-001	  8.0642373e-001	  2.0835276e-003	  1.1686493e+000	  7.1666191e-001	  2.0618312e-001	  4.4790846e-001	  1.0486048e-001	  8.6196760e-001	
  7.5976110e-001	  1.1131768e+000	  9.7377028e-001	 -6.3895622e-001	  4.2973697e-001	  3.9535948e-001	  4.9830074e-001	  1.2489089e+000	 -3.5632914e-001	  1.0343962e+000	  7.0088358e-001	
  4.3563588e-001	  2.6943803e-001	  4.6038144e-001	  1.6389626e+000	  1.2610953e+000	 -6.0278761e-001	  1.9036508e+000	  9.0553396e-001	  4.9979476e-001	  5.7911339e-001	  7.2889820e-001	
  1.3848597e+000	  6.9751135e-001	 -1.1076364e-001	 -2.3424984e-001	 -6.6341023e-002	  7.2990329e-001	  6.2147884e-001	  1.2961624e+000	 -2.0067025e-001	  7.2455095e-001	  6.7987262e-001	
  4.5299973e-001	  2.1980634e-001	 -1.4904962e+000	 -8.1818334e-001	 -2.5108731e-001	  2.5825137e-001	  8.6783503e-001	  1.2016555e+000	 -1.4589130e+000	 -4.0100929e-001	  1.7560960e-001	
  7.8870085e-001	  7.3473512e-001	 -8.6801218e-001	 -1.6634415e+000	 -1.4861504e+000	  3.0761029e-001	 -1.3045786e+000	  4.5505121e-001	 -1.2383962e+000	  2.2656642e-002	 -2.7962785e-001	
 -9.9977583e-001	  2.1360238e-001	 -7.8676840e-002	 -1.1130408e+000	 -7.7111389e-001	 -1.2060633e+000	 -1.4445537e+000	 -7.2628467e-001	  1.8199119e-001	 -1.5265695e+000	 -3.6367169e-001	
 -7.9491711e-002	 -3.8197789e-001	  8.2617099e-001	  9.5674324e-001	  1.1276674e+000	  9.8766655e-001	  1.2316746e-001	  1.5103779e+000	  5.5816684e-001	  1.0976299e+000	  1.6860595e-001	
  1.5202631e-001	  8.7742623e-001	  9.6735292e-001	  1.1301888e+000	  1.3363623e+000	  7.0248167e-001	  1.4109384e+000	  6.0311197e-001	  8.9542777e-001	  3.9573560e-001	  9.4601144e-001	
  1.7552886e+000	  5.2299393e-002	  1.0571960e+000	  2.3847786e+000	  1.1653009e+000	  6.4763842e-001	  8.4543901e-001	  8.0787686e-001	  1.0770298e+000	  1.7362905e+000	  1.4922964e+000	
  1.4137995e+000	  1.9072838e+000	 -3.0328446e-001	  2.2055515e+000	  8.0607200e-001	  1.3331790e+000	  1.5677106e+000	  1.3056130e+000	  9.7325722e-001	  9.9013258e-001	  8.3395299e-001	
  9.3339961e-001	  3.7490537e-001	 -1.6490050e+000	 -1.2633604e+000	 -1.4964141e+000	  1.6951444e+000	  8.5103801e-001	  6.4406495e-001	 -2.0715604e-001	  2.3496576e+000	 -3.6367169e-001	
 -1.6920147e+000	 -1.7902771e+000	 -1.5568517e-001	 -5.1754431e-001	 -6.6847707e-001	 -1.3980147e+000	 -2.6316384e-001	 -1.4240604e+000	 -2.9147127e-001	 -2.2221405e+000	 -1.1060589e+000	
  9.7391526e-001	 -3.5362579e-003	 -2.2092405e+000	 -1.5911725e+000	 -1.8385369e+000	  8.7249573e-001	 -8.9585132e-001	  1.4536738e+000	 -2.7949851e+000	  2.4397467e-001	 -7.4186896e-001	
 -1.8448166e+000	 -2.7208712e+000	 -1.7722183e+000	 -7.2567902e-001	 -1.6274471e+000	 -2.8349078e+000	 -3.7614777e+000	 -1.3349089e+000	 -1.5626855e+000	 -1.7225941e+000	 -2.6468626e+000	
 -6.0619520e-001	  5.7963609e-001	 -2.7337956e-002	  7.2548245e-001	 -6.2919795e-002	 -1.1073455e+000	  1.5676148e-001	 -1.0570587e+000	  7.1732806e-002	 -1.6277435e+000	 -1.1270699e+000	
 -9.8819993e-001	 -1.3994275e+000	  3.2561687e-001	  3.0921302e-001	  8.4028427e-001	 -5.8633464e-001	  4.1991468e-001	 -1.2807250e+000	  5.1925212e-001	 -1.9866138e-001	 -1.7433914e+000	
 -4.2676874e-001	 -1.0279964e-001	 -1.7493725e-001	 -5.0019975e-001	 -4.0846378e-001	  1.2662757e-001	 -5.6000681e-002	  2.6620065e-002	 -7.8439109e-001	 -8.5629208e-001	  3.0867901e-001	
  1.2227971e+000	 -2.0826698e-001	  3.0418289e-002	 -1.4015387e+000	 -1.3219315e+000	  2.9115731e-001	  1.6786375e-002	  1.3906692e+000	 -8.4924897e-001	  1.5544746e-001	  1.8004571e+000	
  9.3918756e-001	  5.3620836e-001	  3.6412104e-001	  1.5311199e-001	 -4.7589275e-003	  1.6677228e+000	  7.7825096e-001	  1.5261291e+000	  6.8749343e-003	  1.6477633e+000	  3.9972650e-001	
  7.8291290e-001	  8.9603811e-001	  1.3459772e+000	 -2.6315744e-001	  6.6922290e-001	  7.1784326e-002	  1.0358052e+000	  7.9842617e-001	  7.5274045e-001	  8.0675479e-001	  1.3102014e+000	
 -1.3737122e-001	 -4.6262938e-001	  8.5825779e-001	  2.7924741e-003	  9.1555128e-001	 -1.7501029e-001	 -7.1668319e-001	 -8.3339246e-001	 -2.0067025e-001	 -7.2193940e-002	  4.9543842e-002	
 -3.2258563e-001	 -1.3381944e-001	  8.3900571e-001	 -5.2332583e-001	  7.6159604e-001	 -1.0744395e+000	 -2.8555986e-001	 -2.8840284e-001	  7.0733994e-001	  8.1940153e-001	  4.3474476e-001	
 -6.3513495e-001	 -1.2141152e-001	  4.2829464e-001	  3.9015430e-001	  1.2850439e+000	 -5.4355142e-002	  3.0793460e-001	 -1.1106126e+000	  1.6412933e+000	  7.9566991e-002	 -1.0990553e+000	
  1.1649176e+000	  1.5536580e+000	 -2.7337956e-002	  1.7623807e-001	  1.2439891e+000	  6.9699734e-001	  1.2653643e+000	  5.3380694e-001	 -6.0927484e-001	  9.3322223e-001	  1.5973512e+000	
 -8.2613731e-001	  1.5075626e-002	  6.5931962e-001	  4.0171734e-001	  1.2850439e+000	 -9.6475304e-001	  6.6067187e-001	 -9.5310116e-001	  1.4142907e+000	  4.2735246e-001	  2.5264978e-001	
  3.3145277e-001	 -2.3928678e-001	 -1.1311240e+000	 -5.3488887e-001	 -1.0550758e+000	  3.8439083e-001	 -6.1599685e-002	  6.8501793e-001	 -1.8221170e+000	  3.1985513e-001	 -4.8273380e-001	
  3.3724072e-001	 -6.7356406e-001	 -1.4969135e+000	 -1.9397982e+000	 -1.6996350e+000	  5.9724296e-003	 -1.0470244e+000	 -6.2547734e-001	 -6.9359007e-001	 -7.1717790e-001	 -7.7688723e-001	
 -9.3610837e-001	 -1.8345113e-001	  5.5022449e-001	  1.1706595e+000	  9.1897250e-001	 -5.1503842e-001	 -5.8790609e-001	 -1.3241981e+000	  2.6630642e-001	 -2.0261159e+000	 -1.1410772e+000	
 -4.1519283e-001	 -7.3560368e-001	  2.6786063e-001	 -9.2803221e-001	 -5.2478551e-001	 -7.6183303e-001	 -2.3516882e-001	  2.6288724e-001	 -3.8525576e-002	  1.7441757e-001	  3.9272285e-001	
  1.9254196e-001	 -5.8670861e-001	 -1.0348636e+000	 -1.2807049e+000	 -1.0961305e+000	  1.1412276e+000	  5.9348382e-001	  1.5324295e+000	 -7.4547637e-001	  6.8661072e-001	  1.1841356e+000	
  1.9694427e+000	 -3.5095808e-001	 -2.2092405e+000	 -1.9397982e+000	 -1.7492428e+000	  9.7121358e-001	 -4.4802672e-002	  1.3434158e+000	 -2.5336079e+000	  3.7044211e-001	  1.1211028e+000	
 -9.3610837e-001	 -1.4614671e+000	  4.7488468e-003	  8.4111285e-001	  7.3080499e-001	 -2.1449194e-002	  1.5341165e+000	 -2.9155307e-001	  8.1759832e-001	  3.8308885e-001	 -1.1854383e-001	
  1.7784404e+000	 -2.6410263e-001	 -5.3430944e-001	  1.2998591e-001	 -6.4452847e-001	  1.8147082e-001	  1.6786375e-002	  7.0076907e-001	  3.7656480e-001	  6.6131723e-001	  4.6275938e-001	
  5.0509128e-001	  8.9603811e-001	 -3.3537126e-001	 -3.3253567e-001	 -7.7795635e-001	  1.9792379e-001	  1.6236049e-001	  5.7475991e-001	  3.5062165e-001	  3.7676548e-001	 -6.2280686e-001	
  1.0144309e+000	  8.7742623e-001	  1.4593078e-001	 -4.6551063e-001	 -6.9242566e-001	  1.0370255e+000	  1.3381514e+000	  1.5135282e+000	 -1.2643393e+000	  5.6646665e-001	  4.0673015e-001	
 -2.0103867e-001	  1.5156277e-001	 -4.6590037e-002	 -9.2803221e-001	 -1.1029730e+000	  6.9699734e-001	 -2.5756484e-001	 -1.8444528e-001	 -1.0986923e-001	 -4.0733266e-001	  5.1827033e-004	
 -1.1444746e+000	 -1.2133087e+000	  6.7215434e-001	  2.2249023e-001	  5.9737712e-001	 -2.1164612e+000	 -1.0694205e+000	 -1.2807250e+000	 -7.0954511e-002	 -8.1835185e-001	 -1.4632452e+000	
 -3.2837358e-001	 -4.9985315e-001	  6.8498906e-001	 -9.1646917e-001	 -1.7924153e-001	  7.7268651e-002	 -1.1758973e-001	 -3.5455765e-001	 -3.4984336e-001	 -2.1130813e-001	  1.1421137e+000	
  1.1070381e+000	 -5.0605711e-001	 -1.7568166e+000	 -1.5501237e+000	 -1.4758868e+000	  1.2070395e+000	  1.0022111e+000	  1.5103779e+000	 -1.0049079e+000	  6.0440688e-001	  1.0440626e+000	
 -2.8785793e-001	 -6.0532049e-001	  2.0583042e+000	  1.7623807e-001	  5.9053466e-001	 -9.8229740e-002	  2.2954854e-001	 -5.1836955e-001	  9.6677143e-001	 -1.6072115e-001	  3.5070093e-001	
  1.6279537e+000	  1.5474540e+000	  1.4593078e-001	  9.5296791e-002	  6.5211676e-001	  8.2752976e-002	 -7.6147522e-001	  1.1827541e+000	  9.0191356e-001	  7.1822758e-001	  1.3382160e+000	
  3.4302867e-001	  3.9351726e-001	  1.2112126e+000	  7.1970093e-001	  8.4370550e-001	  4.1729678e-001	  8.5103801e-001	  1.5292793e+000	  8.5002726e-001	  2.9456164e-001	  1.8354754e+000	
  6.1506234e-001	  3.9972122e-001	  5.7589393e-001	  1.0492476e+000	  1.3055712e+000	 -1.9694758e-001	  5.5988979e-001	 -3.8605994e-001	  2.7279221e-001	 -5.3223823e-002	 -4.6172284e-001	
 -1.2197179e+000	 -1.4242434e+000	  5.5022449e-001	  5.5781837e-001	 -1.1601383e-002	 -1.6557780e+000	 -6.1599685e-002	 -7.1683398e-001	 -5.8333169e-001	 -5.0850662e-001	 -5.3175937e-001	
 -9.4189632e-001	  1.8258258e-001	  1.3459772e+000	  2.2249023e-001	  1.2866895e-001	 -9.8229740e-002	 -5.6096424e-003	 -1.1389647e+000	  9.9920036e-001	  1.7441757e-001	 -3.9868996e-001	
 -9.1295657e-001	  8.8716645e-003	  1.7310188e+000	  1.0203400e+000	  1.5040024e+000	  6.8602869e-001	  9.4062208e-001	 -6.3492803e-001	  3.1170693e-001	 -7.8673499e-001	 -1.1690918e+000	
 -3.7467718e-001	 -3.7577393e-001	 -5.5356152e-001	 -9.7428437e-001	 -1.4382533e+000	 -1.6119034e+000	 -2.2956024e+000	 -1.3525502e+000	 -1.6824132e-001	 -7.7408825e-001	 -1.7573987e+000	
  2.3305761e-001	  1.5784738e+000	 -9.7068995e-001	 -1.0320996e+000	 -3.5714536e-001	  1.1028374e+000	  6.6067187e-001	  3.0068999e-001	 -1.1865099e+000	 -1.7336789e-001	 -2.3760594e-001	
  1.4832549e+000	  9.8909753e-001	  1.0892828e+000	  1.1244073e+000	  1.5211085e+000	  6.3666977e-001	  1.0638002e+000	  4.0779778e-001	  6.4248207e-001	  5.4117316e-001	  3.4369727e-001	
  7.1924545e-001	  1.0193108e-001	  9.7377028e-001	 -8.3930323e-002	  1.1755646e+000	 -3.6147733e-001	 -2.9115886e-001	 -5.7507368e-001	  1.1678308e+000	 -1.1645754e-001	 -2.0959132e-001	
 -1.5722041e+000	 -1.2381245e+000	 -4.2521431e-001	 -2.9206504e-001	 -7.4374407e-001	 -8.1119195e-001	 -1.6238176e-001	 -3.9551062e-001	 -4.6010174e-001	 -2.1968470e+000	 -8.5392741e-001	
  5.9191054e-001	  1.1938282e+000	 -3.2895390e-001	 -3.6144327e-001	 -4.7004587e-001	  1.3386633e+000	 -2.6316384e-001	  1.3717679e+000	 -1.9418447e-001	  3.6865260e-003	 -4.4771553e-001	
 -7.9719756e-001	 -8.2245913e-001	 -2.2092405e+000	 -1.6096734e+000	 -1.7222151e+000	 -1.0371406e-001	 -1.4333557e+000	 -8.2709200e-001	 -1.9323754e+000	  2.3132792e-001	 -1.3371795e+000	
  5.3631149e-002	 -9.0311063e-001	 -1.4840788e+000	 -1.9397982e+000	 -1.6828710e+000	 -4.4922652e-001	 -4.2553496e-001	 -8.0324539e-003	 -1.6210576e+000	 -1.7099473e+000	 -6.9518261e-002	
  1.5121947e+000	 -7.2319575e-001	 -1.3108101e+000	 -7.4880510e-001	 -1.3253528e+000	  1.9792379e-001	 -2.0157479e-001	  1.2205569e+000	 -2.1742953e+000	  3.7044211e-001	  3.5770458e-001	
 -1.1213228e+000	 -1.0892295e+000	  2.7427799e-001	  1.2400377e+000	  7.9580831e-001	 -1.7764331e+000	  3.9182392e-002	 -1.1893683e+000	 -9.0113526e-001	 -6.4762080e-001	 -1.4982635e+000	
 -1.5114306e+000	  8.4020246e-001	 -6.1131776e-001	  5.6359989e-001	  7.3929306e-002	 -7.2344276e-001	  6.7177413e-002	 -1.3078169e+000	  2.3387748e-001	 -1.7969127e-001	 -1.2391283e+000	
  1.0607345e+000	  1.0201173e+000	  1.0507786e+000	  6.7923029e-001	  1.4663689e+000	  1.1412276e+000	  1.2541663e+000	  4.5505121e-001	  3.3116429e-001	  3.7676548e-001	  7.5691281e-001	
  5.8033464e-001	  6.2306382e-001	 -4.3804903e-001	  8.9515271e-002	  6.6922290e-001	  7.1784326e-002	 -8.5665829e-001	 -1.0066551e+000	 -4.5011363e-002	 -1.1977542e+000	 -1.0920516e+000	
  9.9706707e-001	 -1.4738751e+000	 -1.1718100e-001	  1.8875679e+000	  1.4082080e+000	  9.6024493e-001	  1.0693992e+000	  1.1197495e+000	 -3.8525576e-002	  1.2620376e+000	  1.6323694e+000	
 -1.5936195e+000	 -1.9019484e+000	 -1.6111425e+000	 -1.4605102e+000	 -1.6787656e+000	 -1.3760774e+000	 -2.4803695e+000	 -1.6084118e+000	 -1.1735383e+000	 -2.8247578e+000	 -1.3091649e+000	
  7.0995000e-002	 -2.2687886e-001	 -6.5842119e-002	  1.3576743e-001	 -2.1003258e-001	  1.8322526e+000	  4.5350871e-001	  8.8348236e-001	 -2.2012761e-001	  1.9196683e+000	  7.0788724e-001	
  2.6199736e-001	  1.0821569e+000	 -1.9418933e-001	 -1.9184066e+000	 -1.4485169e+000	  8.1216816e-001	 -3.3035189e-001	  9.1813488e-001	 -9.9193628e-001	  9.7748583e-001	  1.7560960e-001	
  5.7454669e-001	  2.3841823e-001	  1.4229855e+000	  7.8907917e-001	  1.2337254e+000	  1.5031931e+000	  1.5957056e+000	  5.4955808e-001	  1.1808024e+000	 -1.9233801e-001	  5.7481783e-001	
 -9.3610837e-001	  3.5629349e-001	  5.3097241e-001	  3.7481593e-002	  7.2054131e-001	 -2.6275948e-001	 -2.4636683e-001	 -3.7660925e-001	  4.9979476e-001	 -8.6261546e-001	  1.4059133e-001	
 -1.3493680e+000	 -2.5789867e-001	  6.2505091e-002	  5.5203686e-001	  1.1840526e-001	 -4.7116382e-001	 -3.8074293e-001	 -1.1704670e+000	  2.1442012e-001	 -2.8718859e-001	 -1.5356210e-001	
  6.8451774e-001	  9.0224207e-001	  7.7483211e-001	  1.2342562e+000	  1.4116293e+000	  9.1088601e-001	  5.9348382e-001	  1.3339651e+000	  1.0900014e+000	 -2.6368462e-003	  9.8102971e-001	
