  1.1314510e+000	  6.3277288e-001	  1.4620989e-001	  1.5215915e-001	  8.5753505e-001	  5.5726491e-001	  2.4597914e-001	  9.4971195e-001	  5.4127759e-001	  6.7963006e-001	  2.7198745e-001	
  3.8544368e-001	  2.5043690e-001	  4.3892570e-001	  7.2042129e-001	  5.2589021e-001	  5.5106743e-001	 -8.2581250e-001	  1.4983183e+000	  3.1484413e-001	  4.2018047e-002	  9.0823028e-001	
  3.5272406e-001	 -4.1865107e-001	  6.3775153e-001	  4.1985874e-002	 -1.9189430e-002	 -6.0786243e-001	 -5.4158046e-001	 -6.5717380e-001	  2.2647985e-001	 -7.4768491e-001	 -3.3880567e-001	
  1.1576267e+000	  6.0546317e-001	 -1.6597914e+000	 -1.7334274e+000	 -1.4689042e+000	  1.8215520e+000	  1.7492113e-001	  1.3850576e+000	 -1.3751227e+000	  5.2168947e-001	  5.5829672e-001	
 -1.7354421e+000	 -1.8651851e-001	 -1.0784534e-001	 -4.6829034e-001	 -8.9263030e-001	 -1.1594387e+000	 -1.0508295e+000	 -1.3615136e+000	  6.6319600e-002	 -3.5575826e-001	  7.1099500e-001	
  1.3023063e-001	  1.1789671e+000	  1.5656054e+000	  1.1379200e+000	  1.5897806e+000	  3.0316799e-001	 -2.6409893e-002	  8.0459671e-001	  1.5906034e+000	  9.6626299e-001	  8.0006900e-001	
  1.5044547e+000	  9.1952487e-001	 -7.7059811e-001	  1.2896477e-001	 -6.0367242e-001	  5.8205486e-001	  7.0785620e-001	  1.2434818e+000	 -4.9147991e-001	  1.2391317e-001	  1.1181904e+000	
  5.0323431e-001	  1.1380026e+000	 -6.0490992e-001	 -5.2047767e-001	 -3.9023762e-001	  3.7134034e-001	  4.4731017e-001	  4.8959048e-001	  3.7007181e-001	  6.8547971e-001	  1.2263517e+000	
 -5.2416178e-001	 -1.3198716e+000	 -5.8138882e-002	  1.0741355e+000	 -1.5053392e-001	  1.3583587e-001	  1.8084263e-001	 -3.4240116e-002	  1.1211682e+000	  8.2965608e-002	  5.3920944e-001	
  1.6942285e+000	  9.9462658e-001	  1.2176602e+000	  8.0160160e-001	  9.6917786e-001	  1.4806903e+000	  6.3679819e-001	  1.1585363e+000	  1.0935543e+000	  2.4988717e+000	  1.2645263e+000	
 -5.9543166e-002	  7.4883916e-001	  3.5608160e-001	  2.5073523e-001	  1.0020140e+000	  1.0592613e+000	  5.7758318e-001	  9.4263315e-001	 -5.4118481e-001	 -1.6478468e-002	 -3.2608081e-001	
  1.3408566e+000	  8.5125058e-001	  9.6912791e-001	  2.1014508e-001	  1.2528951e-001	  2.1640319e-001	 -3.2331394e-002	  1.2859546e+000	  8.7264364e-001	  1.4810323e+000	  1.0227540e+000	
 -5.0453001e-001	  2.8457404e-001	  7.5373326e-001	  2.5073523e-001	  1.1793291e+000	  2.9697051e-001	  4.5323167e-001	  3.1616008e-001	  8.4502980e-001	  1.0130602e+000	  7.8098172e-001	
  5.8247469e-002	  7.4883916e-001	  1.9466883e+000	  9.9295517e-001	  1.0906715e+000	  1.5488626e+000	  5.8942619e-001	 -7.6335567e-001	  1.2813284e+000	  5.5093773e-001	  5.9647129e-001	
 -3.0821228e-001	  4.1429517e-001	  1.4109631e+000	  1.0857327e+000	  1.6259003e+000	  1.7921828e-001	  6.2412618e-002	 -1.0217316e+000	  4.9157269e-001	 -2.0951697e-001	 -5.7421552e-001	
 -1.2570813e+000	 -1.5238137e-001	 -1.0025616e+000	 -6.7703969e-001	 -1.2209915e+000	 -3.7693729e-002	 -1.0271435e+000	 -1.0146528e+000	 -5.0252544e-001	 -8.6467794e-001	 -1.4331433e+000	
  1.0987314e+000	  1.6022677e+000	  1.3667796e+000	 -7.9881015e-001	 -3.3769982e-001	  6.1466045e-002	  4.1178116e-001	  3.9756618e-001	  9.0025747e-001	 -2.2706592e-001	 -2.3064439e-001	
 -4.3909077e-001	  1.1476907e-002	 -7.7612105e-001	 -1.7787724e+000	 -1.1159159e+000	 -3.1658059e-001	 -4.5867945e-001	  1.0558938e+000	 -1.5579263e+000	 -3.1481070e-001	  2.7198745e-001	
 -3.6056368e-001	 -2.9575736e-001	  1.3446878e+000	 -7.8721297e-001	 -5.5113462e-001	  7.7417692e-001	  3.6440916e-001	  1.3919028e-001	  2.3752539e-001	  1.8086128e+000	  8.1915629e-001	
 -4.9798608e-001	 -1.3676636e+000	  4.1683394e-001	  3.0292257e-001	  1.1202240e+000	 -1.4135356e+000	  3.2805114e-002	 -1.2163983e+000	  8.6159810e-001	  1.1221387e-001	 -4.4696695e-001	
  1.0398361e+000	  9.8779915e-001	  1.0630179e+000	  1.1785102e+000	  8.4440060e-001	  1.0282738e+000	  6.9009170e-001	  1.6186578e+000	  1.2426691e+000	  1.9197562e+000	  1.9071315e+000	
  3.1346051e-001	 -6.4395621e-001	  8.8076088e-001	 -2.4794379e-001	  6.9007082e-001	 -7.0702220e-001	 -1.5076141e-001	  3.0554189e-001	  3.3693520e-001	 -2.9726174e-001	 -3.0063110e-001	
 -1.1065710e+000	  1.9572940e+000	  8.6971500e-001	  8.7698331e-001	  1.2942555e+000	  3.6676101e-002	 -7.3781899e-002	 -1.4783136e+000	  1.9827199e+000	 -6.0144362e-001	 -8.5416237e-001	
  8.8932584e-001	  1.0492460e+000	 -1.0784534e-001	  2.5653383e-001	 -1.0784696e-001	  7.6178194e-001	  1.0927537e+000	  1.3211149e-001	  7.5114276e-001	 -1.3852969e+000	 -3.6425538e-001	
  2.5456519e-001	  6.7373745e-001	 -3.8951527e-001	  3.7250569e-001	 -3.7381956e-001	  8.1755932e-001	  5.0652517e-001	  1.2894940e+000	  4.0320841e-001	  1.1125043e+000	  3.2288688e-001	
  4.5159621e-002	  1.3906174e+000	  1.1900455e+000	  9.9875377e-001	  1.4223164e+000	  1.7921828e-001	  5.1836818e-001	  6.4532390e-001	  8.3398427e-001	  3.5789923e-001	  1.1945396e+000	
 -1.0476757e+000	 -3.3672193e-001	 -5.9386404e-001	  7.1462270e-001	 -2.0635533e-001	 -2.1076540e+000	 -4.0538594e-001	 -1.4960106e+000	  7.1800615e-001	 -4.4935268e-001	 -4.5969181e-001	
  8.8278191e-001	  3.2553861e-001	  1.6539724e+000	  1.5728145e+000	  4.5365074e-001	  1.9781073e-001	  1.7204328e+000	  7.2319061e-001	  5.5232313e-001	  1.8554100e+000	  6.6009558e-001	
 -8.1209444e-001	 -9.2388077e-001	 -3.2876293e-001	 -4.9148471e-001	 -5.3143295e-001	 -8.3716940e-001	 -2.7511293e-001	 -4.2003427e-001	 -2.2638707e-001	  7.6737484e-001	  1.7490315e-002	
  8.7623799e-001	  7.9751190e-002	  6.4327447e-001	  1.7293765e+000	  1.5569445e+000	  9.5390401e-001	  1.8980779e+000	  4.5773592e-001	  1.1156454e+000	  1.1885497e+000	  5.6465915e-001	
 -5.2999242e-002	  1.1038654e+000	  1.0906326e+000	  2.5073523e-001	  5.6529355e-001	 -1.3065602e-001	  3.4072315e-001	 -8.5891936e-001	  1.0272811e+000	 -5.4879676e-001	  6.8389742e-002	
  1.2440000e-002	 -1.6612430e+000	 -1.6597914e+000	 -1.7787724e+000	 -1.5214420e+000	  3.2795794e-001	 -1.0153005e+000	  1.5334787e-001	 -2.0709914e+000	 -1.9781767e-001	 -4.7877909e-001	
  1.7858434e+000	 -1.0604293e+000	 -1.1588608e+000	 -6.2485235e-001	 -3.2456537e-001	 -4.0954288e-001	 -2.6326992e-001	  3.3008406e-002	 -1.9804180e+000	 -3.9085617e-001	 -1.9357752e+000	
  9.7439685e-001	  1.2677237e+000	  1.5103760e+000	  2.2338541e+000	  1.1629110e+000	 -5.6286186e-002	 -2.2774092e-001	  3.3031766e-001	  8.2293873e-001	  7.4982588e-001	  1.4744864e+000	
 -8.5790191e-001	 -6.3712878e-001	 -5.8138882e-002	 -8.5679609e-001	  2.4349955e-001	 -1.1532412e+000	 -8.4949850e-001	 -2.8553723e-001	  2.8723030e-001	  7.8492379e-001	  8.8914300e-001	
  1.2557856e+000	  2.0947233e-001	  1.1182473e+000	  1.0509411e+000	  1.1300749e+000	  3.0478616e-002	 -5.1197296e-001	 -4.8397700e-002	  7.7365135e-002	  8.5511961e-001	  1.8927588e-001	
 -3.3367469e-002	  2.2995461e-001	 -1.2212700e+000	 -3.3492269e-001	 -1.1421848e+000	  1.6062582e-001	 -5.2973746e-001	 -9.7925882e-001	 -3.6997902e-001	 -4.8445059e-001	 -1.0768474e+000	
 -1.1981860e+000	 -1.5238137e-001	  8.9180676e-001	  1.7467723e+000	  1.2712702e+000	 -6.8223226e-001	 -1.9221191e-001	 -1.3862894e+000	  7.6771106e-001	  1.0636421e-001	 -2.1155710e-001	
 -7.4011128e-001	  9.3406046e-002	 -7.5402929e-001	 -4.5669315e-001	 -1.0075567e+000	 -2.7939568e-001	 -1.2047885e+000	 -4.8374340e-001	 -8.0075488e-001	 -5.7804501e-001	 -9.7033395e-002	
  1.1052753e+000	  8.7856030e-001	  3.3951278e-001	  6.7403254e-001	  2.7961929e-001	  1.3877280e+000	  1.3118493e+000	  1.5761850e+000	  5.5232313e-001	  1.1943994e+000	  1.2772511e+000	
 -2.1666867e+000	 -3.0335561e+000	 -1.6597914e+000	 -1.7787724e+000	 -1.3917394e+000	 -3.0471309e+000	 -3.9760509e+000	 -1.7897805e+000	 -2.0709914e+000	 -2.8360105e+000	 -2.8583273e+000	
 -1.0411318e+000	 -3.6315091e-002	 -1.0964516e+000	  1.5795774e-001	 -3.0158009e-001	 -1.3825482e+000	 -7.9620499e-001	 -1.2871863e+000	 -5.5181283e-002	 -9.5827236e-001	 -1.0004982e+000	
  9.0895761e-001	  1.4384094e+000	 -9.9703864e-001	 -1.0481497e+000	 -1.1881554e+000	  1.5612576e+000	 -4.4174396e-002	  5.7453598e-001	 -6.6820846e-001	  5.4508808e-001	 -1.6065768e-001	
 -5.1761786e-001	 -2.1382823e-001	  4.0578806e-001	  4.7688037e-001	  1.0447009e+000	 -3.1496243e-002	  2.2821464e-001	  5.8161477e-001	  2.7618476e-001	 -1.0167689e+000	  4.6286030e-001	
 -2.6823545e-002	  7.9751190e-002	 -1.4311417e+000	  3.8410288e-001	 -7.1859884e-001	 -1.3685350e-001	  5.0569616e-002	 -6.9610715e-001	 -5.4670758e-001	 -1.2566046e+000	 -2.3700682e-001	
 -4.1291507e-001	  3.8786620e-002	 -1.0301763e+000	 -3.1752691e-001	 -7.6456942e-001	  6.1466045e-002	  5.3613268e-001	 -2.0082532e-002	 -2.7056921e-001	  1.9410899e-001	  3.6106145e-001	
 -9.4297293e-001	 -8.4107089e-002	  1.0202637e-001	  2.7392961e-001	 -2.5889313e-001	 -2.9798813e-001	 -2.6409893e-002	 -6.4655561e-001	  3.0932136e-001	 -4.7791653e-003	  6.2027314e-002	
  1.0529239e+000	  1.0287637e+000	  2.0143929e-001	 -6.8863688e-001	  2.6648484e-001	  1.6852073e+000	  1.6967468e+000	  1.0381968e+000	 -8.7807362e-001	 -7.0088770e-001	  4.6286030e-001	
 -1.7799408e+000	 -2.0094419e+000	 -8.9210279e-001	 -1.3369196e+000	 -1.0371092e+000	 -2.9120877e+000	 -2.1759147e+000	 -1.2447135e+000	 -1.7749710e+000	 -1.3326501e+000	 -7.0146409e-001	
 -7.9900659e-001	 -7.6684992e-001	  5.6043037e-001	 -6.8187398e-002	  2.3693233e-001	 -1.4817079e+000	 -8.6726300e-001	 -1.0323498e+000	 -3.4236519e-001	 -7.4183526e-001	 -1.8976006e+000	
 -4.8489824e-001	 -4.5961564e-001	 -9.1276521e-002	 -1.1177328e+000	 -9.9113866e-001	  5.3247497e-001	 -1.3528261e+000	 -2.7137964e-001	 -5.5181283e-002	 -1.1162130e+000	  6.8389742e-002	
 -1.8283659e+000	 -1.9957870e+000	  2.1800811e-001	 -4.1030440e-001	  1.0230422e-001	 -2.7918564e+000	 -1.7791741e+000	 -1.7713756e+000	 -9.2225576e-001	 -2.1516013e+000	 -2.3875076e+000	
 -1.1981860e+000	 -1.1423585e+000	 -5.7729522e-001	 -8.6259468e-001	 -1.3595600e+000	 -6.8681158e-002	 -7.2514698e-001	 -5.4745252e-001	 -4.3625223e-001	 -5.7426029e-002	 -3.2608081e-001	
  1.5109986e+000	 -6.7126592e-001	 -9.2524043e-001	 -4.3349878e-001	 -8.1382360e-001	  9.2291658e-001	  2.6883613e-002	  1.2222454e+000	 -1.5459110e-001	 -2.8177771e-002	  1.0354788e+000	
 -2.9512444e-001	  3.7333060e-001	  1.8804130e+000	  8.0160160e-001	  1.2351505e+000	  1.5442833e-001	  5.6574018e-001	  4.5065712e-001	  1.8888328e+000	  2.4469092e-002	  1.4999361e+000	
  2.6110912e-001	 -3.4354936e-001	 -1.6597914e+000	 -1.7787724e+000	 -1.5357586e+000	  1.6356274e+000	 -9.7467902e-002	  1.4487668e+000	 -2.0386280e+000	  3.6959853e-001	  5.5664885e-002	
  3.4618013e-001	 -7.3954020e-001	  1.8030918e+000	  1.1736759e-001	  9.0350562e-001	  7.9896686e-001	 -2.2774092e-001	  4.3649954e-001	  1.1322137e+000	  4.7867698e-002	  5.3920944e-001	
  1.6353332e+000	 -6.5761106e-001	  1.0202637e-001	  5.1747052e-001	 -2.6874396e-001	  1.0484845e-001	  1.3947503e+000	  1.4346092e+000	  4.6391246e-005	  1.7656003e-001	  1.6653593e+000	
 -1.3225205e+000	 -7.8050477e-001	 -1.6361532e+000	 -8.2780312e-001	 -1.0075567e+000	 -1.0292915e+000	 -4.8828695e-001	 -1.4783136e+000	 -1.2978039e+000	 -2.4341394e+000	 -2.6859055e+000	
  5.7521748e-001	  1.7533519e-001	  6.5432035e-001	 -1.0877755e-001	  1.6915726e+000	  9.2911406e-001	  1.2348698e+000	  8.4706947e-001	 -5.1909374e-001	  2.9940271e-001	  3.9287359e-001	
  3.4618013e-001	 -1.2242876e+000	 -1.6597914e+000	 -1.6146722e+000	 -1.2922459e+000	  1.2885682e+000	  1.3414568e+000	  1.4487668e+000	 -2.0709914e+000	 -1.0167689e+000	  4.7654588e-003	
  1.0267482e+000	  1.7524711e+000	  7.0954975e-001	  2.9712398e-001	  1.3894802e+000	  3.5894537e-001	  1.0868322e+000	  7.6212396e-001	  5.6336866e-001	  1.3581896e+000	  2.7198745e-001	
  2.0868640e+000	  4.3477746e-001	 -8.5344221e-001	 -8.3360171e-001	 -1.2045735e+000	  6.8121463e-001	  9.8024523e-001	  1.5018577e+000	 -1.4634870e+000	  1.2769789e-002	 -6.5056466e-001	
 -9.3642900e-001	 -1.3471813e+000	  6.2670565e-001	  1.2316618e-001	 -9.3203364e-001	 -1.4321280e+000	 -1.4179626e+000	 -1.3331984e+000	 -6.0704050e-002	 -1.8825173e+000	 -1.8721509e+000	
 -1.3617841e+000	 -9.7850019e-001	 -4.8892818e-001	  2.5073523e-001	 -7.7770387e-001	  3.4655039e-001	  3.5848766e-001	 -9.6510124e-001	  5.5691586e-003	 -4.3180373e-001	  1.6382617e-001	
  7.3227166e-001	  9.6048944e-001	  1.0188344e+000	 -4.7988752e-001	  1.4026147e+000	  5.2627748e-001	  7.9075721e-001	 -6.6094679e-002	 -9.9363422e-002	  8.3757065e-001	  1.0672910e+000	
  1.5764379e+000	 -7.0452232e-002	  1.8086148e+000	  1.5612173e+000	  1.5569445e+000	  3.5894537e-001	  6.9601320e-001	  8.8954222e-001	  4.1425394e-001	 -2.1536662e-001	  1.1054656e+000	
  1.1052753e+000	  3.1959192e-002	 -8.8105691e-001	 -1.7787724e+000	 -1.3933812e+000	  4.5810514e-001	  1.0978462e-001	  1.2965727e+000	 -1.9351313e+000	  1.7656003e-001	  3.9287359e-001	
  5.9484925e-001	  2.6409175e-001	  2.8980632e-001	  2.6233242e-001	 -1.9189430e-002	 -3.7693729e-002	  4.8283917e-001	 -6.1116165e-001	 -5.2461651e-001	 -8.4712898e-001	 -1.4331433e+000	
 -9.8223647e-001	 -2.7270046e+000	 -1.5195087e+000	 -2.9433254e-001	 -8.9263030e-001	 -9.7971158e-001	 -1.2225530e+000	 -1.0465073e+000	 -1.7247139e+000	 -1.9351642e+000	 -2.1266480e+000	
 -6.5504026e-001	 -5.2788993e-001	  1.1016785e+000	  2.2754086e-001	 -5.5309165e-002	 -1.0788713e+000	 -6.6001047e-001	 -8.5891936e-001	  3.8111734e-001	  4.8659156e-001	 -1.2884554e-001	
 -1.0018682e+000	 -1.4086282e+000	 -1.2047012e+000	  3.9570007e-001	 -4.4934264e-001	 -1.8023590e-001	 -2.9287743e-001	 -5.1913736e-001	 -5.1357098e-001	 -3.9670582e-001	 -8.9233694e-001	
  2.2184557e-001	 -2.2688841e+000	 -7.9821281e-001	 -1.7787724e+000	 -1.3362463e+000	 -4.4053031e-001	 -9.7385001e-001	 -1.5104018e-001	 -1.0989843e+000	 -2.2706592e-001	 -3.9606753e-001	
 -3.2130013e-001	 -2.2660234e-002	  8.9180676e-001	  1.7409737e+000	  1.4551525e+000	 -8.8055180e-001	  9.9208824e-001	 -5.1913736e-001	  7.7323382e-001	  6.0358459e-001	  6.7918286e-001	
  1.3474005e+000	  1.2882060e+000	 -7.6507517e-001	  1.8917371e+000	  3.3872431e-001	  5.5726491e-001	  1.4835728e+000	  9.8510591e-001	  5.6336866e-001	  6.7378041e-001	  1.2772511e+000	
  8.3697444e-001	 -6.3712878e-001	 -1.5045968e+000	 -1.7787724e+000	 -1.5494841e+000	  5.7585737e-001	  8.7957972e-001	  1.3390455e+000	 -1.7120115e+000	 -3.4990860e-001	 -3.8970510e-001	
  5.5558570e-001	  4.5525974e-001	 -5.9938698e-001	 -3.2332550e-001	 -6.6606105e-001	  5.6346240e-001	  7.4930671e-001	  7.5150578e-001	  7.7365135e-002	  2.5845515e-001	  4.1832330e-001	
 -6.7467204e-001	  4.2795003e-001	  6.5432035e-001	  2.9712398e-001	  1.5766461e+000	  2.9697051e-001	  7.1377770e-001	  1.9936001e-001	  2.5961646e-001	  3.1110202e-001	 -8.4143751e-001	
  8.3697444e-001	  2.8457404e-001	 -5.8281816e-001	 -5.0308189e-001	 -8.6964501e-001	  1.3939255e+000	 -6.4224597e-001	  1.3709001e+000	 -8.1180041e-001	  8.7266856e-001	  3.2924930e-001	
  8.3043052e-001	  6.6008259e-001	  1.7382459e-001	  5.9285224e-001	  2.6648484e-001	  8.6713920e-001	  9.2103023e-001	 -2.0082532e-002	 -6.0193525e-001	 -1.4517080e-001	 -3.2608081e-001	
 -6.6812811e-001	  4.5614048e-002	  1.0133114e+000	  8.2479597e-001	  1.5241083e+000	  5.6886723e-003	  1.5664738e+000	 -1.1491498e+000	  2.1543432e-001	 -6.3069188e-001	 -5.8694038e-001	
 -6.6812811e-001	 -3.5037679e-001	 -9.8599276e-001	 -1.1931145e+000	 -1.1750210e+000	 -6.7062994e-003	 -1.8087816e+000	 -9.0139211e-001	 -4.4729777e-001	 -4.3765338e-001	 -2.4973167e-001	
 -3.3438798e-001	 -4.3142519e-002	 -1.5755180e-001	  9.9295517e-001	  1.4387344e+000	  1.3505431e+000	  7.7299271e-001	  1.1019060e+000	  7.7875659e-001	  1.4342351e+000	  2.0916420e+000	
 -9.0370938e-001	  8.7856030e-001	 -4.9445112e-001	 -5.3207486e-001	 -1.0436765e+000	 -3.3517305e-001	 -5.2381596e-001	 -1.3862894e+000	  1.6020665e-001	 -1.2390556e+000	 -1.0641225e+000	
 -8.9716546e-001	  6.6096333e-002	  1.2231831e+000	  1.2316618e-001	  9.3962535e-001	 -8.2477443e-001	  1.3592213e+000	 -1.1845438e+000	  1.0990771e+000	 -2.3291557e-001	  6.4100829e-001	
  1.0529239e+000	  1.8480551e+000	  5.9909095e-001	  1.4336483e+000	  1.2712702e+000	 -1.1826104e-001	  9.2695173e-001	  1.5868032e+000	  2.2036306e+000	  1.4927316e+000	  1.7798830e+000	
 -2.0207572e+000	 -3.3672193e-001	  3.7265042e-001	 -2.4214520e-001	 -8.4337611e-001	 -1.3701532e+000	 -2.1640717e+000	 -1.5101682e+000	 -5.0804821e-001	 -1.9351642e+000	 -1.8721509e+000	
 -1.3807026e-001	  4.6208717e-001	 -1.6597914e+000	 -1.0655454e+000	 -1.2144243e+000	  3.1556296e-001	 -5.6526646e-001	 -6.2177984e-001	 -1.5076691e+000	 -1.2507549e+000	 -1.0068606e+000	
 -2.6823545e-002	 -5.0740764e-001	 -1.6597914e+000	 -1.7462423e+000	 -1.4022469e+000	 -1.0726739e+000	 -8.6726300e-001	  1.1087512e-001	 -1.1542120e+000	  6.3283285e-001	 -6.7601437e-001	
  2.0221380e-001	 -1.3130442e+000	 -1.0025616e+000	 -1.7787724e+000	 -8.6964501e-001	 -1.4321280e+000	 -7.6659749e-001	 -8.5184057e-001	 -1.7004137e+000	 -5.6634571e-001	 -7.9053808e-001	
 -5.3070570e-001	 -5.8933678e-001	 -2.7353353e-001	 -5.8426220e-001	 -5.5113462e-001	 -4.0954288e-001	 -1.4594131e+000	 -8.2352540e-001	 -6.0704050e-002	  1.0051456e-001	 -1.9883225e-001	
 -1.0411318e+000	 -1.5724865e+000	 -2.7353353e-001	 -4.9148471e-001	 -1.0403928e+000	 -2.1742082e-001	 -8.2581250e-001	 -9.4386486e-001	  4.9751298e-002	 -3.2066035e-001	  7.4752171e-002	
 -9.8878040e-001	  4.6494786e-003	 -7.3193753e-001	 -6.1905376e-001	 -3.0814731e-001	 -1.9279269e+000	 -1.3587476e+000	 -1.4570773e+000	  4.5843608e-001	  1.4400848e+000	 -8.8597451e-001	
 -1.7511476e+000	  3.1871118e-001	  5.4938449e-001	  9.6396221e-001	  8.6081866e-001	 -4.7151774e-001	 -4.1130744e-001	 -8.1644661e-001	  1.1101226e+000	  4.2224540e-001	  1.5746374e-001	
  1.1510828e+000	  1.5135111e+000	 -1.0232240e-001	  2.5643740e+000	  1.1727618e+000	  4.9529005e-001	 -2.0405492e-001	  7.5504517e-001	  9.9414452e-001	  1.1125043e+000	  1.3599627e+000	
  1.1183632e+000	  4.3477746e-001	 -7.3746047e-001	  2.9712398e-001	 -4.7232792e-001	  1.0158789e+000	  1.0986753e+000	  5.6037840e-001	  7.1248338e-001	  6.9201377e-003	 -5.2967852e-001	
  1.2440000e-002	  1.9914311e+000	  7.4268738e-001	  7.0882410e-001	  4.1753100e-001	  1.3939255e+000	  1.3059278e+000	  2.3829337e-001	  1.4580570e+000	  2.5260550e-001	 -1.3520796e-001	
 -1.8826804e+000	 -1.3189909e-001	 -6.3252462e-001	 -2.1798652e-002	  1.0887145e-001	 -1.5126954e+000	 -5.0095896e-002	 -1.6297998e+000	 -9.9363422e-002	 -1.9351642e+000	 -1.8610739e-001	
  7.7807913e-001	  1.8216261e-001	  1.1955684e+000	  1.0335453e+000	  7.7872835e-001	  3.5894537e-001	  1.7737263e+000	  5.6037840e-001	  1.2205780e+000	  1.0657071e+000	  1.0020188e-001	
  6.4065672e-001	  7.9751190e-002	  9.6503431e-002	 -1.2617333e-001	  9.8231231e-001	  3.8993279e-001	 -6.5408897e-001	  1.2328636e+000	  6.5173294e-001	  1.6331233e+000	  6.4737072e-001	
