 -1.1092756e+000	 -2.1151310e+000	 -1.6327546e+000	 -8.3518029e-001	 -1.2966739e+000	 -2.5489124e+000	 -2.2717522e+000	 -1.4759593e+000	 -1.4606970e+000	 -1.6498723e+000	 -2.2367110e+000	
 -1.4113641e+000	 -7.5429248e-001	  1.1130576e+000	  9.4757841e-001	  1.6379552e+000	 -6.8946196e-001	  1.6485804e+000	 -7.0703327e-001	  9.5489341e-001	  4.8244431e-001	 -2.1515168e-001	
 -1.0085795e+000	 -8.8526228e-001	  2.6985820e-002	 -3.1721662e-001	 -1.7673859e-001	 -6.6106473e-001	 -3.6528907e-001	 -1.2202361e+000	  4.8811264e-001	 -7.6751107e-002	 -1.0815343e+000	
  2.0391577e+000	  9.5455154e-001	  6.7305927e-001	  5.6813990e-001	  4.7011759e-001	  1.0086922e+000	 -1.4510601e-001	  1.3654489e+000	  7.2733779e-001	  2.0309855e+000	  6.1984024e-001	
  1.4953984e+000	  1.3474609e+000	  1.1687535e+000	  9.2950991e-001	  3.6549122e-002	  1.0314100e+000	  7.6247784e-001	  1.6921283e+000	  6.9232923e-001	  6.6064944e-001	  1.1158129e+000	
  1.9977448e-001	 -9.3206839e-002	 -1.2339334e-001	  3.6336357e-001	 -4.8792886e-001	 -2.9758022e-001	  1.6003550e-002	  3.2218246e-001	  5.9897308e-001	  8.0812955e-001	  5.4808116e-002	
 -3.9097635e-001	  9.2336825e-001	  4.2242733e-001	 -4.5574179e-001	 -2.7464115e-001	  1.1677167e+000	  1.6003550e-002	  2.3787810e-001	 -1.8288470e-001	  6.9137446e-001	 -6.7345551e-001	
 -1.0958495e+000	 -7.6676580e-001	  1.0462224e+000	 -4.3165045e-001	 -2.2219335e-001	 -7.6329475e-001	 -1.9119408e+000	 -1.4682314e+000	  3.1890462e-001	 -1.4347971e+000	 -1.8349104e+000	
 -1.1965457e+000	 -2.2417664e-001	  1.6065619e-001	 -3.4130795e-001	  2.5333336e-001	 -5.2475804e-001	 -7.5732233e-001	 -7.2810936e-001	 -2.4706706e-001	 -8.7560170e-001	 -8.0529633e-001	
 -1.0902709e-001	  1.4721941e+000	  1.2188799e+000	  4.4768323e-001	  1.3652267e+000	  7.1904051e-001	  1.0309938e+000	  1.8642497e+000	  7.6818110e-001	  8.5728958e-001	  4.5033060e-001	
  5.1528912e-001	  5.1174889e-001	 -1.1404021e+000	  5.6211707e-001	 -1.6974555e-001	 -9.8799633e-002	 -1.3265761e+000	 -5.2086114e-001	  6.0480784e-001	  7.6511452e-001	  2.4315216e-001	
  3.0047064e-001	 -1.3062678e-001	 -6.9149241e-001	 -1.6578993e+000	 -9.6695209e-001	  1.8517264e-001	 -1.6658728e-001	  9.2285102e-001	 -1.5476350e+000	  9.1873963e-001	  2.3687402e-001	
 -3.1041942e-001	 -6.8260211e-002	 -1.6327546e+000	 -4.0292756e-003	 -7.5016785e-001	 -1.7263242e-001	  3.5433362e-001	 -8.0187567e-001	 -7.8386494e-001	 -1.8157874e+000	 -2.1515168e-001	
 -8.4746562e-001	 -1.0910720e+000	 -1.5107804e+000	 -5.6415279e-001	 -1.1872328e+000	 -1.1892532e+000	 -2.3684179e+000	 -1.0653268e+000	 -1.5558036e+000	 -1.4163621e+000	 -1.8349104e+000	
  7.0996837e-001	 -1.8052004e-001	 -9.4212435e-001	  3.9347773e-001	 -1.5575947e-001	 -5.5883471e-001	  2.6303821e-001	  3.7655245e-002	 -5.8548311e-001	 -9.1560568e-003	 -1.1066468e+000	
  2.6690525e-001	  4.2443569e-001	  6.3407208e-001	  1.2908799e+000	 -7.8836034e-002	 -1.6127353e-001	  2.6840853e-001	 -3.1361292e-001	  3.6558269e-001	 -2.7591070e-002	 -1.6950964e-003	
 -1.9584800e+000	  1.2816330e-002	 -4.0187328e-001	  1.0439437e+000	  9.5989961e-002	 -9.5071645e-001	  1.4489120e-001	 -8.0890103e-001	  1.3574918e+000	 -5.6835147e-001	 -6.7973364e-001	
 -5.4537713e-001	 -2.4943198e+000	 -1.6327546e+000	 -1.3892810e+000	 -1.2526178e+000	 -1.7174416e+000	 -1.5682404e+000	 -7.0703327e-001	 -2.1083554e+000	 -1.4102171e+000	 -6.8601178e-001	
 -1.5113890e+000	  1.1104680e+000	  4.7255371e-001	  1.3691768e+000	  4.4564195e-001	  6.0545160e-001	 -1.1288410e-001	 -1.1004536e+000	  8.6153726e-001	  3.4110920e-001	 -5.6672722e-001	
 -7.0649100e-001	  7.4874186e-001	 -9.5545351e-002	 -4.0166276e-002	  1.7640992e-001	 -2.0102965e-001	  8.0007007e-001	 -1.3632022e+000	  4.4670919e-002	 -4.8846641e-001	 -4.4116452e-001	
  4.5487142e-001	  1.0231548e+000	  1.0796400e+000	  1.3450854e+000	  1.4351571e+000	  1.1733961e+000	  1.0685860e+000	  1.2635811e+000	  9.2571961e-001	  9.1259462e-001	  8.6468749e-001	
 -1.0902709e-001	  1.1291779e+000	  1.0350832e+000	 -3.0517095e-001	 -7.1869917e-001	  1.0598072e+000	  1.2340992e-001	  2.0977665e-001	  1.5908822e+000	 -1.3205615e-001	  9.5258137e-001	
 -3.7755020e-001	 -4.3313583e-002	 -8.3630198e-001	  7.6087058e-001	  1.5839235e-003	 -6.7242362e-001	 -8.6472871e-001	 -1.1988087e+000	  4.6477361e-001	 -2.6724625e-001	 -1.1631500e+000	
  1.1530315e+000	  3.3712249e-001	 -3.4279766e-002	 -1.3007453e+000	 -8.6904953e-001	  1.9174035e+000	  3.9192585e-001	  1.3794996e+000	 -2.7624086e-001	  7.1595448e-001	  1.3481039e+000	
  4.6158450e-001	  1.0231548e+000	 -6.1908763e-001	  4.2961473e-001	 -3.6205414e-001	  1.0541278e+000	  8.5914358e-001	  1.2284543e+000	 -7.7859031e-002	 -6.2980152e-001	  2.2431775e-001	
  1.0724746e+000	 -1.8052004e-001	 -5.2997405e-001	 -3.5335362e-001	  1.0997604e-001	  1.4232917e+000	  5.9599796e-001	  1.2003529e+000	 -2.2956278e-001	  1.0416397e+000	  9.9652832e-001	
  5.6228066e-001	 -9.3206839e-002	  1.2857151e+000	  8.9337291e-001	  9.7361645e-001	  1.1701929e-001	  7.7858880e-001	  3.1866978e-001	  1.2349619e+000	  1.6930102e+000	  3.0593350e-001	
  3.1389679e-001	  7.9239846e-001	  4.2242733e-001	 -7.2074646e-001	 -3.1310287e-001	 -5.0771970e-001	 -1.3104652e+000	  4.7674045e-001	 -4.2850474e-002	 -1.8736119e-001	  2.1176148e-001	
  9.3821301e-001	 -3.4890978e-001	 -1.3058191e+000	 -6.7256379e-001	 -1.4473739e+000	 -1.5981732e+000	 -1.7669422e+000	 -7.9133763e-001	 -6.4966547e-001	 -5.6220647e-001	 -4.7255520e-001	
 -1.4026371e+000	 -1.8082875e+000	 -1.2072372e+000	 -1.2718357e+000	 -1.4256955e+000	 -2.1206822e+000	 -2.3684179e+000	 -1.4893075e+000	 -1.9257274e+000	 -2.1168926e+000	 -2.3308831e+000	
  1.2403015e+000	  1.8120607e-001	  5.4495850e-001	 -2.7505678e-001	  7.8130786e-001	  5.0322158e-001	  5.8966099e-002	  9.7202857e-001	  1.2933095e+000	  2.6393409e+000	  6.7364385e-002	
  2.1991371e-001	 -2.1170332e-001	 -1.0256683e+000	 -1.7386053e+000	 -1.5470247e+000	  5.4297770e-001	  8.0007007e-001	  7.4370426e-001	 -1.4081842e+000	 -1.1362113e-001	  4.0638366e-001	
  9.0464762e-001	 -2.8030655e-001	  8.1229923e-001	  1.2547429e+000	  9.6312689e-001	  8.3262942e-001	  3.7044458e-001	  1.9064019e+000	  1.0249105e+000	  2.3013657e+000	  1.6117855e+000	
  1.8521381e-002	 -1.0568015e-001	  1.7535614e+000	  5.1393440e-001	  1.4386536e+000	  5.0890103e-001	 -5.0491736e-001	 -8.8801295e-002	  2.4305274e-001	  2.0591910e-001	 -2.6537675e-001	
  2.1991371e-001	 -1.5557341e-001	 -6.1351803e-001	 -1.3050878e-001	 -4.8792886e-001	  1.2131523e+000	  5.0470255e-001	  5.1186727e-001	 -5.9131787e-001	 -2.9797127e-001	  1.3229913e+000	
  3.0047064e-001	 -1.5557341e-001	 -5.5782204e-001	 -1.2116074e+000	 -7.5366437e-001	  2.4171947e+000	  1.3263613e+000	  1.5375703e+000	 -7.8969970e-001	  5.3774935e-001	  8.8980003e-001	
  4.6829758e-001	  5.6164215e-001	 -1.4768058e+000	 -9.6165980e-001	 -7.9212609e-001	 -3.9413079e-001	 -2.3103111e-001	  4.5566436e-001	  2.3138322e-001	  6.1148940e-001	 -7.7032712e-002	
  3.2060987e-001	  1.0605747e+000	  1.2912847e+000	  5.7416274e-001	  1.2638276e+000	  8.7806498e-001	  1.5196928e+000	  1.0703837e+000	  1.8184378e+000	  1.8159103e+000	  9.8397205e-001	
  1.0791876e+000	  3.8701575e-001	  6.5635047e-001	  6.0427691e-001	  5.0158627e-001	 -3.4869523e-001	  1.9322406e-001	  1.4919055e+000	  3.1890462e-001	  1.0846548e+000	  9.2746883e-001	
 -4.5810713e-001	 -1.0224687e+000	 -1.1470856e+000	 -1.4603504e+000	 -8.8653213e-001	 -7.2353863e-001	 -3.5991875e-001	 -6.9649522e-001	 -1.7430994e+000	 -1.2934620e+000	 -9.0574649e-001	
 -7.0649100e-001	  1.6967137e+000	 -8.4406154e-002	  4.5370607e-001	 -4.1450194e-001	  5.4545394e-002	 -3.6528907e-001	 -5.7003868e-001	  3.9475649e-001	 -7.6751107e-002	  1.2539318e+000	
  3.0718372e-001	 -1.0224687e+000	 -3.9073408e-001	  4.4166040e-001	 -1.2429079e-001	  8.8622066e-002	  8.8062485e-001	  1.1406373e+000	  2.7166640e-002	 -8.2644166e-001	  4.0010552e-001	
  9.7177839e-001	 -4.3313583e-002	 -3.8516448e-001	 -6.4257610e-002	 -2.9911679e-001	  5.0890103e-001	 -3.1695621e-001	  6.2427308e-001	 -2.9957989e-001	  5.6232937e-001	  3.1221164e-001	
  1.3935678e-001	 -3.9880303e-001	  3.5002254e-001	  2.9711240e-001	  1.0435469e+000	  5.6001604e-001	  4.9933223e-001	 -6.5785572e-001	 -2.0038898e-001	 -7.7728162e-001	  3.5973712e-002	
  1.3264370e-001	  1.6405838e+000	  6.5973010e-002	 -2.2085128e-001	  6.3445402e-001	  1.5255218e+000	  1.1437705e+000	  5.6807017e-001	 -7.2024272e-002	 -4.5774139e-001	  9.2119070e-001	
 -8.2174782e-002	  3.5583247e-001	 -6.7697358e-002	  7.6087058e-001	  1.4701223e+000	 -1.6695298e-001	  9.2358740e-001	 -5.5598796e-001	  4.8227788e-001	  7.5896951e-001	  1.3167132e+000	
  1.3275715e+000	  3.6206912e-001	 -1.6327546e+000	 -1.3380869e+000	 -1.2487716e+000	 -5.9859083e-001	 -4.4584385e-001	  8.3320106e-002	 -7.7219542e-001	  1.1988904e-001	  1.6153641e-001	
 -1.6765307e+000	 -1.6398978e+000	  1.3837779e-001	  9.1746425e-001	  2.6731944e-001	 -1.5981732e+000	 -1.2621323e+000	 -1.2483375e+000	  2.1387895e-001	 -6.6052654e-001	  1.5525827e-001	
 -1.1629803e+000	 -1.2656984e+000	 -1.0256683e+000	 -8.2326111e-002	 -8.6555301e-001	 -8.3144809e-001	 -1.3973569e-001	 -1.1109917e+000	  9.6623618e-003	 -9.1861673e-001	 -9.7480597e-001	
  1.5692423e+000	 -2.9277986e-001	 -6.4693562e-001	 -4.5574179e-001	 -8.3758085e-001	  5.6569548e-001	  9.5580931e-001	  1.2635811e+000	 -5.2713552e-001	  3.1038418e-001	  2.2961022e+000	
 -1.0902709e-001	 -1.4310009e-001	  9.0141281e-001	  2.0858939e+000	  9.5263733e-001	 -1.3855575e-001	  1.6100215e-001	  6.8398867e-001	  6.9232923e-001	  1.3550350e+000	  1.0655878e+000	
  3.2005201e+000	  1.2352011e+000	 -6.6364442e-001	 -1.1748681e+000	 -9.2849037e-001	  1.2983439e+000	  1.5143224e+000	  1.8712751e+000	 -5.5630931e-001	  9.4946465e-001	  5.6961516e-001	
  2.6019217e-001	  1.1291779e+000	  1.1854623e+000	  1.1523548e+000	  1.6204726e+000	 -5.7587305e-001	  6.1210892e-001	 -1.0899156e+000	  5.9897308e-001	  5.0087932e-001	 -1.7748287e-001	
 -3.5183240e-002	  1.8588668e+000	  1.0239440e+000	  6.2234541e-001	  9.5613385e-001	  4.9186269e-001	  1.0633231e-002	 -8.2295176e-001	  2.1335148e+000	  9.4331965e-001	  5.4450262e-001	
  1.2805800e+000	 -1.7646309e+000	 -1.2005537e+000	 -6.9665512e-001	 -1.1802398e+000	 -1.5559409e-001	 -4.9417672e-001	  8.0341985e-001	 -2.1083554e+000	 -5.9293149e-001	 -5.4789281e-001	
 -1.4852080e+000	 -6.7321594e-001	  1.8928014e+000	  4.2961473e-001	  1.8267673e+000	 -4.5660469e-001	  5.9062764e-001	 -1.2370969e+000	  1.6258908e+000	 -6.5438153e-001	  3.0593350e-001	
  3.4074910e-001	  1.2663844e+000	  8.7913442e-001	  3.6336357e-001	  5.3655147e-001	 -8.5984532e-001	 -4.1899226e-001	 -4.9627237e-001	  4.0059125e-001	  9.8018967e-001	 -1.0375873e+000	
  5.3542835e-001	 -1.9299335e-001	 -5.1326525e-001	  4.8382024e-001	  2.8829855e-001	 -8.0305087e-001	  1.0095125e+000	  3.4142563e-002	 -2.7040610e-001	 -9.5186120e-002	  1.0090846e+000	
 -1.5100464e+000	 -1.2469884e+000	  1.4806511e+000	  1.0981492e+000	  1.1169738e+000	 -5.4747582e-001	 -1.7732792e-001	 -8.4754053e-001	  7.2733779e-001	  1.8133908e-001	 -6.0439602e-001	
  1.5289638e+000	  8.0487177e-001	  6.6192007e-001	  1.1764461e+000	  1.2288624e+000	  8.1559108e-001	  4.8322127e-001	 -4.4709482e-001	  5.0561692e-001	  1.5423961e-002	 -9.8736224e-001	
 -2.2314941e-001	 -5.5786897e-002	 -1.3971606e+000	 -1.7386053e+000	 -1.3148558e+000	  1.5677541e-001	  2.0396470e-001	 -1.6959297e-001	 -1.7034230e+000	 -7.6499162e-001	 -1.4142754e+000	
 -1.0689972e+000	  4.5561898e-001	  1.2857151e+000	  2.5495256e-001	  7.1837050e-001	 -2.3510632e-001	  1.4489120e-001	 -4.1548069e-001	  1.3633266e+000	 -7.1583158e-001	  9.8755058e-002	
 -3.3727173e-001	  7.2379523e-001	  2.9432656e-001	 -2.6903395e-001	  1.3794820e-001	  1.2472289e+000	  5.7451669e-001	 -2.6092270e-001	  1.0074062e+000	  9.8018967e-001	 -3.9363904e-002	
  6.6297683e-001	 -4.7987957e-001	  1.2522975e+000	  2.5495256e-001	  1.2745864e-001	  3.6691489e-001	  6.4336417e-002	  2.3436542e-001	  3.0140034e-001	  7.9583954e-001	 -5.1920174e-002	
  1.9317485e+000	  1.1354146e+000	 -5.8010044e-001	 -1.3380869e+000	 -1.4725489e+000	  1.0825250e+000	 -3.8140003e-001	  1.3232967e+000	 -1.8288470e-001	  2.4893413e-001	  2.3463273e+000	
 -5.0509867e-001	 -5.8590274e-001	 -1.6327546e+000	 -1.7386053e+000	 -1.4480732e+000	  1.5109597e-001	  2.6303821e-001	  5.8212090e-001	 -1.6304885e+000	 -1.5049116e-001	 -1.4331098e+000	
 -1.5624084e+000	  2.8722924e-001	  4.0571853e-001	  3.2120373e-001	  1.6484448e+000	 -4.0548969e-001	  1.1803960e-001	 -1.0758648e+000	  4.3559981e-001	 -1.7174673e+000	 -9.4341530e-001	
 -5.5880329e-001	 -7.4805582e-001	 -2.2921572e-001	 -6.7256379e-001	 -1.1732468e+000	  2.5332598e-001	 -1.1708369e+000	 -9.4238294e-001	 -4.0460557e-001	 -9.1247172e-001	 -7.4251499e-001	
 -4.0440251e-001	 -5.8590274e-001	  4.3356652e-001	 -9.0143146e-001	 -6.4849954e-002	 -2.1806799e-001	  8.1081071e-001	  9.3690175e-001	 -3.2875369e-001	 -1.6278117e-001	  1.2476537e+000	
  2.6019217e-001	  1.8744273e-001	  1.2634367e+000	  1.4896334e+000	  1.8442499e+000	  1.0427689e+000	  9.7729059e-001	 -2.6092270e-001	  1.8009335e+000	  1.0477847e+000	  4.5660873e-001	
  7.8381222e-001	  1.3412243e+000	 -1.4567174e-001	 -5.0392445e-001	 -3.5156459e-001	  1.4516890e+000	 -2.1588681e-002	  1.2811446e+000	 -1.3620663e-001	 -5.3762645e-001	 -8.3310847e-002	
 -1.0902709e-001	 -6.2955934e-001	  8.9027361e-001	  4.4768323e-001	  2.1137512e-001	 -2.8054189e-001	  6.4433083e-001	  2.0275128e-001	  6.8009957e-002	  3.8412423e-001	  9.7141578e-001	
  1.8634832e-001	  2.7475592e-001	 -1.6327546e+000	 -9.6165980e-001	 -1.4952762e+000	 -4.0548969e-001	  2.8988980e-001	  4.6620241e-001	 -5.2130076e-001	 -3.4713131e-001	  1.6431762e+000	
  3.5417526e-001	  6.6766532e-001	  7.6217285e-001	 -2.8710245e-001	  1.0365538e+000	  2.3628765e-001	  8.5914358e-001	  9.0177493e-001	  7.7985062e-001	  1.1829748e+000	  1.3983289e+000	
 -6.9306484e-001	  1.1291779e+000	  1.2801455e+000	  1.8811176e+000	  1.3931988e+000	  6.6792550e-001	  1.2243252e+000	 -2.0471979e-001	  9.9573672e-001	  3.1652918e-001	  1.2386760e-001	
 -1.3838405e+000	  3.4301614e-004	  1.9540670e+000	  1.0740579e+000	  1.1659250e+000	 -9.2799867e-001	  3.2748203e-001	 -1.3407210e+000	  1.0832581e+000	 -6.4209152e-001	 -1.0564217e+000	
 -3.4398481e-001	 -1.5151646e+000	 -1.1699209e+000	 -9.3756846e-001	 -1.1732468e+000	 -1.5811349e+000	 -2.1374942e+000	 -9.4238294e-001	 -1.9105570e+000	 -1.1152569e+000	 -1.7658509e+000	
 -5.5322472e-002	  1.8775768e+000	 -9.5883315e-001	  1.2607658e+000	  6.6242618e-001	  6.6224605e-001	  1.5563183e-001	 -6.4212523e-002	  8.6153726e-001	  1.7519408e-001	  9.4630324e-001	
  1.4215546e+000	  6.4271869e-001	  1.0685008e+000	  8.0290393e-002	  8.5123826e-001	  1.8435707e+000	  1.8248343e-001	  1.5937732e+000	  2.5472226e-001	  3.3496420e-001	  1.0467534e+000	
  8.9793454e-001	 -1.3405382e+000	 -5.6896124e-001	 -9.4961413e-001	 -1.1347850e+000	  5.8273382e-001	  8.5914358e-001	  9.8256661e-001	 -1.1222810e+000	  1.8650703e+000	  7.5168106e-001	
 -1.3576595e+000	 -1.2906450e+000	 -1.0145291e+000	 -1.0038196e+000	 -6.6974790e-001	 -1.0131903e+000	 -2.0837910e+000	 -1.1671946e+000	 -5.6214407e-001	 -1.3549121e+000	 -2.5909862e-001	
 -1.6718315e+000	 -7.9794908e-001	  1.5586255e+000	  8.9939575e-001	  1.8022917e+000	 -4.1116913e-001	  4.1340713e-001	 -1.1777326e+000	  8.2652870e-001	 -9.1560568e-003	 -5.1650214e-001	
 -1.5476396e+000	 -1.4527981e+000	 -7.7503639e-001	  7.0064224e-001	 -2.6415159e-001	 -2.1206822e+000	 -1.6165733e+000	 -1.5443863e+000	  1.1468803e-001	 -1.2135769e+000	 -5.6672722e-001	
 -6.7292561e-001	 -2.3041329e-001	  1.5976126e+000	  1.1282634e+000	  3.1976723e-001	 -1.8139922e+000	 -5.9621277e-001	 -1.1847580e+000	  2.7806130e-001	 -9.0632672e-001	 -1.0501436e+000	
  7.4353376e-001	 -1.2532250e+000	 -9.4212435e-001	 -1.4736006e+000	 -9.3548341e-001	  1.7867762e+000	  7.5173720e-001	  1.4954181e+000	 -1.9461490e+000	 -5.3762645e-001	  3.0593350e-001	
 -1.1495541e+000	 -1.3966682e+000	 -7.0820121e-001	 -1.0700708e+000	 -1.4337375e+000	 -3.1461856e-001	 -1.3319464e+000	 -1.1109917e+000	 -1.4606970e+000	 -1.0415168e+000	 -1.2008188e+000	
 -8.2174782e-002	 -9.3515553e-001	 -3.5731649e-001	 -1.5796025e+000	 -1.0963233e+000	  8.2127053e-001	  1.2243252e+000	  2.7651760e-001	 -1.1864633e+000	  1.7519408e-001	  3.1848977e-001	
 -3.7755020e-001	  5.3669552e-001	 -1.0145291e+000	 -6.5449529e-001	 -1.1312885e+000	 -4.3956636e-001	 -7.8954425e-001	 -8.9671808e-001	  2.4888750e-001	 -4.3930637e-001	 -5.1650214e-001	
  4.8172373e-001	  9.8573482e-001	  1.2522975e+000	  9.7166975e-001	  9.6662341e-001	  1.2983439e+000	  5.1007286e-001	  1.3162714e+000	  1.1065972e+000	  8.3885457e-001	  1.6781454e-001	
 -1.9034327e+000	 -1.7771042e+000	 -1.0089595e+000	  2.3086123e-001	  4.7011759e-001	 -1.6322499e+000	 -1.7830532e+000	 -1.4977379e+000	 -7.2024272e-002	 -1.6437273e+000	 -1.3577722e+000	
  7.1668145e-001	  7.0508526e-001	 -6.1351803e-001	 -1.7386053e+000	 -1.3970240e+000	  9.8597444e-001	  1.7711311e-001	  9.2987639e-001	 -1.5791427e+000	 -8.2896111e-002	  7.5795920e-001	
  7.8939079e-002	  8.7656214e-002	  1.0016656e+000	  1.5317933e+000	  1.5365562e+000	 -4.6796359e-001	  1.0846970e+000	 -5.2086114e-001	  1.0365800e+000	  4.2713927e-001	 -8.0529633e-001	
  9.4492608e-001	  1.8962867e+000	 -1.0111495e-001	 -1.4255445e-001	 -3.3058547e-001	  7.4743774e-001	 -6.4551230e-002	  9.3690175e-001	  5.8730356e-001	  2.0125504e+000	  9.9025018e-001	
  3.7431449e-001	 -5.5471946e-001	 -7.0263161e-001	  1.5858723e-001	 -2.1170379e-001	 -3.8845135e-001	 -5.9621277e-001	 -4.1899337e-001	 -1.0172553e+000	 -3.6556632e-001	 -7.1112431e-001	
  1.2593062e-001	  1.5407973e+000	  9.9052639e-001	  2.1099853e+000	  1.7918021e+000	 -2.0670910e-001	  1.9654292e+000	 -5.9462745e-001	  7.2150303e-001	 -2.5495624e-001	 -2.8421116e-001	
 -1.6315531e+000	 -2.0970447e+000	 -1.6222837e+000	 -1.3338709e+000	 -1.4386326e+000	 -1.6095321e+000	 -2.1911974e+000	 -1.2195335e+000	 -2.1083554e+000	 -2.8051331e+000	 -2.1990422e+000	
  1.3275715e+000	 -6.6074263e-001	  9.6267840e-001	  1.7004326e+000	  1.5400527e+000	  2.2492876e-001	  1.3908051e+000	  1.2530431e+000	  1.4969659e-001	  9.2488463e-001	  9.0235630e-001	
 -2.1643633e-001	  8.2358174e-001	  4.7255371e-001	  1.3812224e+000	  3.2676027e-001	 -4.0548969e-001	 -1.0751378e-001	 -5.4193723e-001	  1.3749961e+000	 -7.0354157e-001	  6.7006531e-001	
  1.6028077e+000	  6.0529875e-001	  4.1128813e-001	 -1.1646293e+000	 -4.2149498e-001	  6.3952827e-001	  8.6451389e-001	  1.0528202e+000	 -6.6716975e-001	 -1.0747613e-001	  1.3104350e+000	
 -5.7222944e-001	  2.5289644e-002	 -5.9123963e-001	 -1.5211810e+000	 -9.6345557e-001	 -2.0070933e+000	 -1.8689783e+000	 -8.6510394e-001	 -5.8548311e-001	 -5.3762645e-001	 -1.7156259e+000	
