 -4.8575522e-001	 -9.3472444e-001	  9.3542635e-001	  1.7967898e-001	  1.1868352e+000	  3.2134057e-001	  7.5341532e-001	  1.5125843e-002	  4.9199922e-001	  3.4901952e-001	 -3.6838285e-001	
 -6.4319212e-001	 -1.3260155e+000	 -1.2758423e+000	 -1.1597404e+000	 -7.6782407e-001	 -1.8469335e+000	 -1.9708510e+000	 -7.8230826e-001	 -7.5964295e-001	 -2.7265248e+000	 -8.9833713e-001	
  1.6600514e+000	  3.7889551e-001	 -1.2647156e+000	 -1.9849751e+000	 -1.4576031e+000	  7.6913631e-001	  5.6438460e-001	  6.2555106e-001	 -1.2078292e+000	 -3.0445045e-001	 -7.3030285e-001	
 -1.0163759e+000	 -5.5740807e-001	  1.2728264e-001	  7.1290756e-001	 -5.1450570e-001	 -6.0960318e-001	 -6.9767350e-001	 -1.2163100e+000	  2.8976883e-001	 -5.4042572e-001	 -1.0340571e+000	
  1.6148536e-001	  4.3479423e-001	  1.3394982e+000	  1.9253678e+000	  1.7242810e+000	 -5.1533040e-001	  4.3651087e-001	 -1.2021961e+000	  1.9458718e+000	 -8.0060358e-001	  3.8777142e-002	
 -1.4175484e+000	 -2.6370222e-002	  5.3721061e-001	 -7.5981897e-001	  2.0779398e-001	 -1.6760641e+000	 -1.4593561e+000	 -1.2374808e+000	 -5.3782354e-003	 -1.0668321e+000	 -1.0663714e+000	
 -8.2978399e-001	  1.7626264e-001	 -1.5136005e+000	 -1.6053671e+000	 -1.3555911e+000	 -6.9209187e-001	 -1.7484620e+000	 -7.6466591e-001	 -1.6833439e+000	 -1.2362502e+000	 -1.2667200e+000	
 -5.9071315e-001	 -6.7619286e-001	 -5.4617046e-001	 -3.9163734e-001	 -6.9593642e-001	  4.0972131e-001	  1.6964396e-001	 -6.4116948e-001	 -6.0113805e-001	 -6.1303350e-001	 -1.2279428e+000	
  2.2562632e-001	  7.2826251e-001	  1.1930954e+000	  4.1455347e-001	  1.3682660e+000	  1.2169320e+000	  1.8709205e+000	  7.5610443e-001	  1.2353326e+000	  4.2162730e-001	  1.3184228e+000	
 -1.4227963e+000	 -2.4761317e+000	 -9.9123512e-001	 -1.9849751e+000	 -6.0350945e-001	 -1.3166491e+000	 -1.0423766e+000	 -6.8703958e-001	 -1.9626405e+000	 -1.2423009e+000	 -2.0487257e+000	
  1.3335156e+000	  3.2998413e-001	 -1.7137917e-001	 -1.4282591e+000	 -4.8027349e-001	  6.4540327e-001	  1.4872993e+000	  1.6558642e+000	 -1.1641037e+000	  1.4329750e-001	  2.0034857e-001	
 -1.8254342e-001	  2.1818668e-001	 -2.1237197e-001	  7.1290756e-001	  5.1246067e-001	 -4.4462581e-001	 -2.0841750e-001	 -1.2248447e-001	  5.9584726e-001	  8.8147654e-001	  1.3830514e+000	
  7.6790896e-001	 -5.1548403e-001	 -2.4750865e-001	  6.1134021e-001	  4.2003369e-001	  1.4526140e+000	  7.2005696e-001	  4.8794075e-001	 -4.0437334e-001	  2.5825981e-001	  4.2008571e-001	
  2.7372445e-002	 -1.1862687e+000	 -7.1599777e-001	 -2.5833020e-001	 -4.8027349e-001	 -1.0632910e+000	 -3.3629122e-001	 -7.2938122e-001	 -1.2624861e+000	 -1.0668321e+000	 -4.1362285e-001	
  1.0069798e+000	  2.5100343e+000	  6.8361346e-001	  2.1141878e-001	  6.5623596e-001	  7.1610786e-001	  3.5311496e-001	 -4.6827448e-001	  9.5658256e-001	 -2.0069999e-002	  8.9187427e-001	
  4.9968314e-001	  4.7671827e-001	  3.5567108e-001	  1.7857127e+000	  1.3408802e+000	  5.6880664e-001	  1.9265178e+000	  4.1384289e-001	  4.4827373e-001	 -7.4525831e-002	  2.6497714e-001	
  8.5682407e-002	  7.5621188e-001	  1.1345342e+000	  5.3516470e-001	  1.1423334e+000	  1.0166024e+000	  1.2516614e-001	 -4.8386608e-002	  9.3004119e-002	  4.0347536e-001	 -5.1702856e-002	
 -1.1738128e+000	  3.3697147e-001	  1.5620305e+000	  1.2588320e+000	  1.2861087e+000	 -9.3955793e-001	  3.9759278e-001	 -9.7284561e-001	  1.0822933e+000	 -8.8531265e-001	 -5.4287999e-001	
  1.2402197e+000	 -2.2201575e-001	  1.1557041e-001	 -9.4390979e-001	 -1.2083526e-001	  9.1054548e-001	  1.9744260e-001	  9.7486954e-001	  2.8976883e-001	  3.1876629e-001	  4.8471428e-001	
 -5.2657219e-001	 -9.6966114e-001	 -9.6195455e-001	 -9.9469346e-001	 -1.0142960e+000	 -7.3922826e-001	 -1.3926394e+000	 -7.6819438e-001	 -1.2406233e+000	 -4.2546341e-001	 -1.0857600e+000	
 -1.7802364e+000	 -1.3889016e+000	 -1.2325070e+000	 -1.4035020e+000	 -1.1546481e+000	 -1.4285980e+000	 -1.3759602e+000	 -1.6697889e+000	 -1.3226086e+000	 -1.8715683e+000	 -1.7708228e+000	
  4.0484606e-003	 -3.1285117e-001	 -3.8805539e-001	 -1.1787843e+000	 -2.3380156e-001	 -6.9798392e-001	 -7.7550968e-001	 -8.2817836e-001	 -5.6834393e-001	 -1.1031360e+000	 -7.6261713e-001	
  8.7286689e-001	  8.3307262e-001	  1.4741888e+000	  1.4238790e+000	  1.6934720e+000	  1.3995856e+000	  1.4094631e+000	  1.1548215e+000	  1.0221708e+000	  1.3715790e+000	  1.4024400e+000	
 -1.7553380e+000	 -1.7662179e+000	 -5.9887549e-001	 -9.3283260e-002	 -4.8369671e-001	 -1.4816265e+000	 -6.4763595e-001	 -1.1704399e+000	 -1.4202039e-001	 -2.3789332e-001	 -3.7484571e-001	
 -1.7802364e+000	 -2.1575090e+000	  5.0793004e-001	  4.3359735e-001	  1.3306105e+000	 -2.4703123e+000	  3.0863714e-001	 -1.5119958e+000	 -6.2300079e-001	 -1.3270100e+000	 -1.3572000e+000	
 -8.7060097e-001	 -9.6243623e-002	 -1.7137917e-001	 -1.3565271e+000	 -9.3898513e-001	  9.1550659e-002	 -5.8647895e-001	 -6.6939724e-001	 -8.0883413e-001	 -2.4394397e-001	  1.6157143e-001	
  1.2066838e-001	 -8.3690168e-001	 -4.6418487e-001	  5.4151266e-001	 -9.3898513e-001	  5.5702254e-001	  9.6468496e-001	  5.8320943e-001	  5.8491589e-001	  6.5760257e-001	  3.6192000e-001	
  1.1644167e+000	  6.7935113e-001	  1.4741888e+000	  9.8586980e-001	  1.5302244e-001	 -1.4506225e-002	 -9.2562232e-001	  8.5695233e-002	  1.8693522e+000	  7.6046358e-001	  1.1310000e+000	
  7.1542999e-001	  1.9650217e+000	 -6.2815606e-001	 -2.0754653e-001	 -3.1595887e-001	  8.8108524e-001	 -5.6979977e-001	  1.8802085e-001	  4.7560216e-001	 -2.0158944e-001	  8.0785713e-001	
 -8.9392495e-001	 -9.9761050e-001	  2.9710994e-001	 -3.6151627e-002	 -2.6803377e-001	 -6.3317138e-001	 -5.4756086e-001	 -1.2939363e+000	  3.2256295e-001	 -4.8596989e-001	 -8.1431999e-001	
 -1.1446578e+000	 -9.1376242e-001	  1.3899486e-001	  1.2207443e+000	  1.5805057e+000	 -1.3578934e+000	  3.5867469e-001	 -1.2868794e+000	  1.2579824e-001	 -1.1091866e+000	 -9.0479999e-001	
  8.1455693e-001	 -4.0344902e-002	 -9.3853009e-001	 -1.0899129e+000	 -1.5486608e+000	  4.8631795e-001	  8.0901260e-001	  1.3665297e+000	 -1.1094469e+000	 -2.0069999e-002	 -3.4253142e-001	
 -1.1257146e-001	 -4.2464861e-001	 -2.4750865e-001	  4.4629327e-001	 -2.7488021e-001	  1.2522843e+000	  8.0688322e-002	 -4.1329669e-002	  8.7538433e-002	  3.2481693e-001	  8.8541142e-001	
 -1.0921788e+000	 -9.2074976e-001	 -9.8537900e-001	 -1.7735881e+000	 -1.1957267e+000	 -1.0927512e+000	 -1.5927896e+000	 -1.0293011e+000	 -1.1313096e+000	 -2.6209592e-001	 -1.3765886e+000	
  5.9881007e-001	 -2.4297777e-001	  7.8902351e-001	  2.4315858e-001	 -1.4715401e-002	  4.2739746e-001	  1.5651355e+000	  1.0207396e+000	  1.1041561e+000	  1.3836803e+000	  1.6221771e+000	
 -1.6402925e+000	 -1.1233826e+000	 -5.0517767e-001	  6.4308000e-001	 -6.1377911e-001	 -1.9058540e+000	 -2.4990251e+000	 -1.4075531e+000	 -2.2400569e-001	 -1.2544022e+000	 -2.0616514e+000	
  4.2971118e-001	  9.3788272e-001	 -5.8716326e-001	 -8.0587342e-002	 -1.0690675e+000	  1.6175914e+000	  2.8083850e-001	  1.5147254e+000	 -3.4425079e-001	 -2.4394397e-001	  1.0599086e+000	
  4.2971118e-001	 -5.7138275e-001	 -3.9391150e-001	 -8.2964652e-001	 -7.6782407e-001	  1.1511886e-001	  5.2546650e-001	  1.8802085e-001	 -1.3280743e+000	 -8.7321136e-001	 -1.9388571e-002	
 -8.9247478e-002	 -1.6611702e-001	 -9.8537900e-001	 -1.2866996e+000	 -1.5623537e+000	 -6.3317138e-001	 -5.8091922e-001	 -7.7172285e-001	  2.0231785e-001	 -2.5604527e-001	 -2.7144000e-001	
  6.5128904e-001	 -1.0954333e+000	 -1.7642422e+000	 -1.9849751e+000	 -1.6124354e+000	  9.6357393e-001	  6.2554160e-001	  1.2253909e+000	 -2.1752557e+000	  6.7575451e-001	 -7.0445142e-001	
  1.1994027e+000	  2.0421200e-001	 -6.2229994e-001	 -1.7888232e+000	 -1.2436518e+000	  6.6897147e-001	 -8.6103496e-002	  1.4265136e+000	 -5.9567236e-001	  1.8858841e+000	  1.4089028e+000	
 -1.3067595e+000	 -9.9761050e-001	  8.0659185e-001	  1.3603994e+000	  5.4669288e-001	 -2.1415360e+000	 -3.6964959e-001	 -2.2128161e-001	  1.0494992e+000	 -2.0764009e-001	  3.4253142e-001	
 -3.8079729e-001	 -1.7033319e+000	 -1.5686479e+000	 -6.1381591e-001	 -9.9375667e-001	 -1.9353142e+000	 -7.9218886e-001	 -1.1316267e+000	 -9.5094197e-001	 -1.7989605e+000	 -1.1051486e+000	
  1.4209805e+000	  1.9720091e+000	  6.0748397e-001	 -5.6938020e-001	  5.0325802e-002	  5.2756229e-001	  1.2148727e+000	  7.6316137e-001	 -4.4809883e-001	  4.1557665e-001	  5.7519428e-001	
 -1.7802364e+000	 -5.4343339e-001	 -1.4292724e+000	  2.8759429e-001	 -1.5298331e+000	 -1.5464390e+000	 -3.6070788e+000	 -1.5804481e+000	  4.2641099e-001	 -3.4075434e-001	 -2.3007771e+000	
 -2.8750135e-001	 -7.7401562e-001	 -1.3671976e+000	 -9.6930163e-001	 -1.4062548e+000	  2.7420418e-001	 -6.8099432e-001	 -1.3835595e+000	 -1.4701822e+000	 -1.2544022e+000	 -1.6738800e+000	
 -8.5893897e-001	 -7.0414222e-001	  1.3512104e+000	  2.4950654e-001	  8.5820601e-001	  3.2134057e-001	  1.1960641e-001	  1.8449238e-001	  6.3410707e-001	 -5.7672961e-001	  1.5575486e+000	
 -9.5223491e-001	  3.4395881e-001	  6.3090843e-001	 -3.2180979e-001	  1.3408802e+000	  1.3279500e-001	 -3.3629122e-001	 -1.2586516e+000	  3.2881569e-002	 -1.1636425e+000	 -1.6157143e-001	
  1.0477968e+000	  1.7626264e-001	 -6.2229994e-001	 -4.4118316e-003	  2.4007050e-003	  7.8092040e-001	  1.9188287e-001	  1.5747094e+000	  5.4665609e-001	  8.9357784e-001	  2.1133543e+000	
  9.6033183e-001	  3.1600945e-001	  1.2165198e+000	  5.9229633e-001	  1.6729327e+000	  4.5096565e-001	  1.0314017e+000	  1.5626462e-001	  4.4827373e-001	  1.8011750e+000	  5.2995428e-001	
  1.4034875e+000	  1.7833509e+000	  8.5929687e-001	  1.2270922e+000	  7.0416105e-001	  1.8473813e+000	  1.1926338e+000	  1.1618784e+000	  1.3610434e+000	  2.5454047e+000	  6.0750856e-001	
  3.0142927e-001	  2.3216136e-001	 -2.1822808e-001	 -3.8528938e-001	  4.7822845e-001	  5.2756229e-001	  1.2426713e+000	 -1.1895600e-001	 -1.2562334e-001	  2.5220916e-001	  4.0069714e-001	
  8.3788091e-001	 -3.4778787e-001	 -1.9120212e-002	 -9.9469346e-001	 -9.0817614e-001	  9.7442708e-002	 -3.8076904e-001	  4.6676994e-001	 -6.6126060e-001	  5.0633637e-001	  3.2960571e-001	
  9.1513403e-002	  1.0638924e-001	 -1.3595847e+000	 -5.5033632e-001	 -9.9375667e-001	  3.1699224e-003	 -1.0278268e-001	  7.5963290e-001	 -1.3881969e+000	 -2.1974138e-001	 -1.8742285e-001	
  1.5492624e+000	  1.8324998e-001	  1.1813831e+000	 -6.3920775e-001	 -3.3649819e-001	  3.0955648e-001	 -4.7528441e-001	  9.3958485e-001	  1.0003081e+000	  1.6196556e+000	  1.2473314e+000	
  6.8627501e-001	  1.2802624e+000	 -3.5877482e-001	 -3.4085367e-001	 -3.1253565e-001	  1.1344434e+000	  1.4872993e+000	  1.3453588e+000	  7.4342079e-001	  7.1810905e-001	  6.2043428e-001	
 -8.9247478e-002	 -4.0344902e-002	 -1.7642422e+000	 -2.0754653e-001	 -5.4873791e-001	  4.5685770e-001	  4.9210814e-001	  3.0446034e-001	 -1.6532827e+000	 -9.0346460e-001	 -4.6532571e-001	
 -5.4406518e-001	 -1.1024206e+000	  7.3631848e-001	  1.6063511e-001	 -4.3919483e-001	 -5.5657474e-001	 -3.6065951e-002	  3.3974504e-001	 -2.3493706e-001	  4.8213378e-001	  1.1633143e-001	
  9.7344400e-002	  4.6973093e-001	  6.3090843e-001	 -1.3137102e-001	  1.7013854e-001	  4.9810205e-001	  4.4763032e-001	  7.0317739e-001	 -1.0922628e-001	 -7.8850229e-001	 -2.0681143e-001	
  6.0464107e-001	  4.8370561e-001	  1.3570666e+000	  6.2403613e-001	  8.9928466e-001	  1.5822391e+000	  1.9744260e-001	  1.3488873e+000	  1.0331022e+000	  3.2481693e-001	  7.3030285e-001	
  5.6965509e-001	 -1.0255599e+000	  8.0433724e-002	  1.2889531e-001	  1.2670369e-002	 -7.2744417e-001	  6.0886241e-001	  2.9740340e-001	 -8.3616256e-001	  1.2384648e+000	 -4.1362285e-001	
 -1.7802364e+000	 -8.2991434e-001	 -1.0322279e+000	  8.4459597e-002	 -8.0547950e-001	 -8.3350105e-001	 -3.9188850e-001	 -1.5748025e+000	  7.1141373e-002	 -1.1575918e+000	 -1.2085543e+000	
 -1.7802364e+000	 -1.1513320e+000	  1.3570666e+000	  1.1619939e-001	  3.9949437e-001	 -9.3955793e-001	 -5.6424004e-001	 -1.0398865e+000	  6.0677864e-001	  1.6233888e-002	  4.2008571e-001	
  4.8802114e-001	 -1.2631294e+000	  4.3042437e-003	  3.3675923e-002	 -1.1292180e-002	 -3.5624507e-001	 -6.1983732e-001	  9.6280641e-002	  4.6467079e-001	  6.7575451e-001	  4.0069714e-001	
 -4.6826223e-001	 -7.5305360e-001	  5.4306672e-001	  6.0499225e-001	  1.2518764e+000	 -5.3889860e-001	  4.0315250e-001	 -7.5408050e-001	  7.5435217e-001	 -2.4394397e-001	  3.5545714e-001	
  4.7052816e-001	  6.0249039e-001	  7.4803071e-001	  4.6371842e-002	  3.6526215e-001	  1.0637388e+000	  2.9751769e-001	  1.0207396e+000	 -3.4425079e-001	 -3.1655175e-001	  2.5851428e-001	
  1.1483739e-001	  1.0566675e+000	  1.3394982e+000	  5.7325245e-001	  1.2416068e+000	  1.3170969e+000	  1.0036031e+000	  1.7546613e+000	  1.0003081e+000	  9.8433756e-001	  1.6286400e+000	
  2.7810528e-001	  1.5667433e+000	  3.0296605e-001	  1.7349290e+000	 -3.4334464e-001	  4.3328951e-001	  3.4755523e-001	  5.7615249e-001	  1.4922198e+000	  7.6651423e-001	 -3.2314285e-002	
  1.2343887e+000	  5.4659167e-001	  4.0837610e-001	  9.6682592e-001	  1.3682660e+000	  1.6588357e+000	  4.3095114e-001	  8.9018628e-001	  7.8168060e-001	  6.2129868e-001	  1.2214800e+000	
  3.3058425e-001	  1.3361611e+000	  2.4053109e+000	  1.3159637e+000	  1.5051948e+000	  2.8009623e-001	  9.9804332e-001	 -3.8006274e-001	  1.3337149e+000	  2.2195592e-001	  3.4899428e-001	
 -3.3414932e-001	 -7.3907892e-001	 -1.7642422e+000	 -1.5704534e+000	 -1.5469492e+000	  1.6814730e-001	 -1.5205131e+000	 -1.4365528e-001	 -1.4537851e+000	 -6.1908414e-001	 -1.8742285e-001	
  1.5317695e+000	  9.6583208e-001	 -1.7642422e+000	 -7.2807918e-001	 -1.0896069e+000	  9.2232958e-001	 -2.0841750e-001	  1.6840919e+000	 -1.0766528e+000	 -4.1941276e-001	 -8.7894856e-001	
  1.4851215e+000	  6.8633847e-001	  1.1345342e+000	  1.5428715e-001	 -4.4457374e-003	 -2.0305180e-001	  1.0036031e+000	  1.0701382e+000	  3.3349432e-001	  1.2082115e+000	  6.2043428e-001	
 -9.8138989e-001	  1.5318066e+000	  1.5913111e+000	  2.0523269e+000	  1.5907753e+000	 -3.9159737e-001	  1.9188287e-001	 -1.3186356e+000	  1.6507247e+000	  3.4901952e-001	  1.4864571e-001	
  1.5317695e+000	  9.0993336e-001	  6.6018900e-001	  2.2411470e-001	  1.1183708e+000	  8.2216475e-001	  9.2020714e-001	  7.8433219e-001	 -3.2238804e-001	  8.2791016e-002	  3.0375428e-001	
  9.9531781e-001	  9.0993336e-001	 -1.7137917e-001	  2.5585449e-001	 -1.9956935e-001	  4.9221000e-001	  7.4229587e-001	  4.7735535e-001	 -4.5903020e-001	  2.8851305e-001	  9.2418856e-001	
 -5.4261501e-002	 -5.2945871e-001	 -4.7589710e-001	 -3.1546183e-001	 -7.0962931e-001	  1.1049831e+000	  8.4118674e-003	  6.5377882e-001	  5.1386197e-001	  1.1114012e+000	 -1.9388571e-002	
 -4.2161426e-001	 -1.1720564e-001	 -9.2096175e-001	 -9.6295367e-001	 -9.3556191e-001	  2.0846070e-002	 -3.5297041e-001	  4.4912759e-001	 -1.2132949e+000	 -2.8629851e-001	 -7.6261713e-001	
  1.9064034e-001	 -1.4515500e-001	 -1.6781573e+000	 -4.8050877e-001	 -1.4562339e+000	  2.6738119e-002	 -1.2703254e+000	 -5.8118550e-001	 -1.5412361e+000	 -1.9865306e+000	 -1.5252343e+000	
  3.8306321e-001	  2.5312338e-001	 -1.4011631e+000	 -1.4574597e+000	 -1.1614945e+000	 -7.2155212e-001	 -1.2647657e+000	  4.1737136e-001	 -1.4373881e+000	 -3.8915952e-001	 -7.1737713e-001	
 -1.1446578e+000	 -5.8535743e-001	  1.0174119e+000	  1.1255249e+000	  1.2621461e+000	 -7.8047261e-001	 -6.9424315e-002	 -6.3058407e-001	  1.0276365e+000	  8.2097006e-001	  4.2654857e-001	
  1.5959104e+000	  5.9550305e-001	  4.9036170e-001	  1.2017004e+000	  1.5394270e+000	  1.0224944e+000	  7.8121396e-001	  1.2006916e+000	  7.7074923e-001	  2.1590527e-001	  1.5123086e+000	
  1.6892064e+000	  1.4828953e+000	  6.7775734e-001	  1.0350347e-001	 -3.7415363e-001	  1.2522843e+000	  9.1807777e-002	  1.6593926e+000	  1.8592079e-001	  2.1944671e+000	  1.9453200e+000	
 -1.4146329e+000	 -9.3472444e-001	 -5.8716326e-001	 -1.0010414e+000	 -5.8639334e-001	 -1.3107570e+000	 -1.2592060e+000	 -1.4548345e+000	 -1.0376059e-001	 -1.1273386e+000	 -2.1456685e+000	
 -5.4261501e-002	  1.0147435e+000	  3.6152719e-001	  8.3351878e-001	  1.7722061e+000	 -4.2105761e-001	 -4.8640386e-001	 -8.1053602e-001	 -3.0599098e-001	  6.0314674e-001	 -6.9798856e-001	
  2.7810528e-001	 -2.9188915e-001	 -1.3666120e+000	 -1.0597918e-001	 -9.7321734e-001	 -6.9798392e-001	 -2.5845504e-001	  1.8111168e+000	 -1.1805008e+000	  8.1491942e-001	  2.4558857e-001	
  1.3218536e+000	  2.2375280e+000	 -2.2994031e-001	 -2.9803668e-002	 -8.3179825e-002	  9.0465344e-001	  5.2889686e-002	 -1.2248447e-001	  2.7883745e-001	  7.2415970e-001	  7.6907999e-001	
  4.9385214e-001	 -1.8707905e-001	 -8.3897616e-001	 -1.6815426e+000	 -9.0475292e-001	 -4.3966470e-002	  5.1990678e-001	  3.9267208e-001	 -1.9336724e+000	 -1.2483515e+000	 -6.7859999e-001	
 -7.5398104e-001	 -3.0586383e-001	  1.3512104e+000	  1.0874371e+000	  1.7824757e+000	  2.6738119e-002	  7.2561669e-001	 -2.2833855e-001	  1.5960679e+000	  1.2868700e+000	  6.4628571e-002	
 -1.3773145e+000	 -3.3381319e-001	  1.0174119e+000	  5.3516470e-001	 -2.5091766e-001	 -6.1549523e-001	 -3.8076904e-001	 -1.1880823e+000	  9.4018550e-001	 -3.7100758e-001	 -2.3912571e-001	
 -1.5201739e+000	 -1.6614078e+000	 -1.0556524e+000	 -1.1533924e+000	 -1.4428833e+000	 -1.7467687e+000	 -2.4045098e+000	 -1.6656959e+000	 -1.6571086e+000	 -2.0591384e+000	 -1.6480286e+000	
  1.1702477e+000	  4.5575625e-001	 -5.4617046e-001	  1.7158851e+000	  1.1320637e+000	  9.1054548e-001	  3.5311496e-001	  1.5852948e+000	  1.1861414e+000	  1.7467192e+000	  7.1091428e-001	
 -1.4496189e+000	  7.7018656e-001	  4.7279336e-001	  1.2842239e+000	  7.7604870e-001	 -5.5068269e-001	 -3.3629122e-001	 -1.0222442e+000	  7.1062668e-001	 -6.1908414e-001	  8.2724570e-001	
  4.3554218e-001	  9.3788272e-001	  1.7318578e+000	  6.4308000e-001	  1.0259438e+000	  3.8615311e-001	 -1.3827042e-002	  8.2166763e-002	  1.0276365e+000	  1.2505661e+000	  1.3895143e+000	
  7.6790896e-001	  1.0638924e-001	  8.4172853e-001	  1.8555402e+000	  1.2895319e+000	  3.0955648e-001	  1.6763301e+000	  1.4300421e+000	  1.2080041e+000	  1.3171232e+000	  1.0986857e+000	
  8.0289494e-001	  2.6148444e+000	  6.4262066e-001	  1.1255249e+000	  9.3351687e-001	  9.2232958e-001	  1.5039785e+000	  1.4215074e-001	  1.5687394e+000	  4.0436480e-002	  8.1431999e-001	
  1.8480934e-001	  2.8806009e-001	 -1.3303041e+000	 -4.4242101e-001	 -2.2695512e-001	  1.0166024e+000	  1.2537908e+000	 -6.7645418e-001	 -5.4648118e-001	 -6.2424535e-002	 -9.3711427e-001	
 -1.2840186e+000	  1.1337658e-001	  3.2639051e-001	 -3.2180979e-001	 -4.6658060e-001	 -7.8047261e-001	 -1.3537213e+000	 -1.2974648e+000	  1.1752100e+000	 -8.0576479e-002	 -2.9729142e-001	
 -1.5446641e+000	 -8.7882572e-001	  1.2750810e+000	  8.0177898e-001	  4.6111235e-001	 -2.1945644e+000	  4.7329958e-002	 -1.1563260e+000	  1.2033255e-001	 -1.0547308e+000	 -9.6942856e-001	
  6.5712003e-001	  5.9550305e-001	 -5.4031435e-001	  1.2080484e+000	  6.1515730e-001	  1.0990911e+000	  1.0703198e+000	  8.5490158e-001	  8.1994040e-001	  1.8132763e+000	  1.5058457e+000	
