  5.8952559e-001	 -8.5931440e-001	 -3.9954134e-001	 -1.6077352e+000	 -1.0034776e+000	 -9.1411029e-002	  7.3761381e-001	  2.9782041e-001	 -1.7959708e+000	 -5.2029082e-001	 -8.3639500e-001	
  4.0984513e-001	  3.1688273e-003	  1.8372013e-001	  5.8126026e-001	  5.6358010e-001	 -2.3789328e-001	 -6.4485404e-003	 -1.5145135e+000	 -7.1510737e-001	 -1.8406794e+000	 -6.6524294e-001	
 -1.3989381e+000	 -7.3792787e-001	 -6.6873895e-001	 -1.6077352e+000	 -1.3197792e+000	 -9.7030454e-001	 -1.0943579e+000	 -1.3085910e+000	 -9.4331271e-001	 -9.6042036e-001	 -9.6190651e-001	
  1.3441835e+000	  1.6386926e+000	 -3.4906679e-001	 -1.2273830e-001	 -1.6856981e-001	 -4.8687039e-002	 -1.8682729e-001	  1.4586054e+000	  2.1327345e-001	  5.7701845e-001	  6.9826844e-001	
  2.9005816e-001	 -2.7793682e-001	 -1.7399211e+000	 -1.2155861e+000	 -1.3069345e+000	  5.2503512e-001	  1.8520388e-001	 -1.4780602e-001	 -9.8999107e-001	 -1.0327704e+000	  8.1236981e-001	
  2.0021793e-001	 -1.9965145e+000	 -1.6546752e+000	 -8.9823671e-001	 -1.1675691e+000	 -4.3320295e-001	 -1.0718105e+000	  1.2172609e-001	 -1.5475382e+000	 -9.7850787e-001	 -1.6319691e-001	
 -1.8241819e+000	  1.0253712e+000	 -5.5096500e-001	  3.2276079e-001	 -5.4106713e-001	 -1.3487170e+000	 -4.0102706e-001	 -1.5281698e+000	  6.1263280e-001	 -1.1030713e-001	 -1.6921553e+000	
  1.5829249e-001	 -6.1654134e-001	  9.3987595e-002	  9.7261250e-002	 -2.5527177e-001	 -3.3554812e-001	 -8.9143179e-001	  8.4766592e-001	  2.1373505e-002	  5.4084342e-001	  5.5564173e-001	
 -1.0455666e+000	 -1.3001392e+000	 -1.7399211e+000	 -5.5173742e-001	 -1.1739915e+000	 -1.4890959e+000	 -1.4100207e+000	 -1.4210757e+000	 -1.0833478e+000	 -6.2881591e-001	 -6.3101253e-001	
  1.0147693e+000	 -4.6959976e-001	 -1.3305164e+000	 -1.6077352e+000	 -1.3396885e+000	  1.4662263e-001	 -4.2921124e-001	  8.9438482e-001	 -1.9650503e+000	 -6.9513680e-001	 -1.2896650e-001	
 -1.8241819e+000	 -4.4404470e-001	 -1.3595202e-001	 -3.4823784e-001	 -9.9705523e-001	 -1.6111644e+000	 -1.0887210e+000	 -1.4253882e+000	  8.9270299e-001	 -7.0719514e-001	 -1.3840816e+000	
 -6.1433347e-001	 -8.6273878e-002	  2.1736983e-001	  8.4525971e-001	  9.4249979e-001	  1.2347233e-002	  8.9544522e-001	 -9.5640236e-001	  1.9771399e-001	  1.1678773e+000	  7.9551476e-003	
 -8.9583285e-001	 -1.3129167e+000	  4.3513045e-002	  4.3826055e-001	 -1.1221803e-002	  4.2864369e-002	 -1.3609577e-001	 -8.5577704e-001	  1.6140860e-001	  3.9011412e-001	 -1.4011968e+000	
  8.5305692e-001	  4.9510371e-001	  1.1707780e+000	  9.4425951e-001	  1.4948234e+000	  3.7244944e-001	  2.7539326e-001	  1.8641380e-001	  1.0846029e+000	 -3.8161987e-001	  1.1147384e+000	
  7.0332321e-001	  1.2042566e+000	  1.2997685e+000	  8.6175968e-001	  1.3952767e+000	  5.9217282e-001	  2.1338806e-001	  4.9907105e-001	  1.5565731e+000	  1.9757863e+000	  1.1717891e+000	
  2.4214337e-001	  1.8239668e+000	  7.4454847e-001	 -1.9973814e-001	  4.8341161e-003	  3.3582887e-001	 -1.1354842e-001	  8.8719729e-001	  1.0742300e+000	 -4.7808661e-001	  1.7822315e+000	
 -3.6278083e-001	  6.6121159e-001	  3.2953550e-001	  1.5822582e+000	  9.5855571e-001	  5.8606939e-001	  1.3069342e+000	 -4.9640089e-001	  4.3110582e-001	  4.5643501e-001	 -1.4608170e-001	
 -7.5807783e-001	 -9.5514587e-001	 -8.6502887e-001	 -1.3305358e+000	 -9.3925393e-001	 -9.2758055e-001	 -1.2240051e+000	 -6.2937006e-001	 -4.7652906e-001	 -9.6644953e-001	 -8.1927979e-001	
 -1.7002024e+000	 -2.7823326e+000	 -1.7399211e+000	 -1.6077352e+000	 -1.4717324e+000	 -2.2825414e+000	 -3.2059166e+000	 -1.4742634e+000	 -1.9650503e+000	 -2.9440179e+000	 -2.2854824e+000	
  9.2409659e-002	  2.8427447e-001	 -1.0332774e+000	 -1.5439354e+000	 -1.3676258e+000	  9.1691786e-002	 -1.6749520e+000	 -6.5149506e-002	 -7.0473440e-001	  1.4291808e-001	 -4.8838582e-001	
  1.5538107e+000	  1.1787015e+000	 -3.0980881e-001	  9.2225956e-001	  4.7687814e-001	  1.3612046e+000	  1.2111080e+000	  1.0093852e+000	  1.1001624e+000	  5.7098928e-001	  7.3249885e-001	
  8.5904627e-001	  6.3565653e-001	  1.1315200e+000	  6.5826010e-001	  1.4595004e+000	  8.3630990e-001	  1.1716502e+000	  1.8503254e+000	  9.8605972e-001	  1.5959485e+000	  7.8384447e-001	
 -9.0781155e-001	  3.7371718e-001	  5.3143370e-001	  1.1926121e-001	  6.9202745e-001	 -3.9658239e-001	 -6.3213733e-001	  2.0797637e-001	  9.6012729e-001	  6.8554354e-001	  6.3551269e-001	
 -4.4663171e-001	  1.1850903e+000	 -2.0885971e-001	  4.0526062e-001	  1.3970384e-001	  5.5071223e-002	  4.9919819e-002	 -1.3049972e+000	  3.8961394e-001	 -5.4440750e-001	 -4.2563006e-001	
 -1.5043507e+000	 -1.8687392e+000	 -1.1398348e+000	 -6.2873726e-001	 -1.2211959e+000	 -5.8578863e-001	 -1.4607522e+000	 -8.3421447e-001	 -3.1574802e-001	 -1.2739373e+000	 -5.3973143e-001	
 -3.8673822e-001	  6.4843406e-001	  1.5471628e-002	 -1.9973814e-001	  1.3631649e+000	 -1.6465215e-001	  1.3125711e+000	 -1.0468088e-001	 -3.9873178e-001	  2.5144317e-001	 -9.5049637e-001	
 -6.5026956e-001	  1.6450813e+000	  7.5015675e-001	  3.2826078e-001	  6.5670443e-001	  9.7668873e-001	  2.0002651e+000	  6.7257247e-003	  1.8003379e+000	  1.6562402e+000	  7.0967858e-001	
  2.7807946e-001	 -1.5997467e-002	  7.1089877e-001	  1.3182587e+000	  9.5855571e-001	  1.1658950e+000	  1.4422183e+000	  1.2645423e+000	  8.9788947e-001	  1.1799356e+000	  8.1236981e-001	
  3.8588774e-001	  1.3320319e+000	  3.6879348e-001	  9.4425951e-001	  1.4659228e+000	  9.9499901e-001	 -1.7722212e-002	 -1.0827464e-001	  4.7259770e-001	  5.6496011e-001	  5.7275693e-001	
  1.6436509e+000	  1.1787015e+000	 -4.3879933e-001	 -2.2173809e-001	  5.3789063e-001	 -3.3554812e-001	  7.6579799e-001	  1.5412619e+000	 -1.9645887e-001	  2.1526814e-001	  4.0160488e-001	
  1.3433510e-001	 -1.6932782e-001	 -1.4763318e+000	 -7.9373692e-001	 -1.0901796e+000	  1.4051920e-001	 -1.5678521e+000	 -5.3233850e-001	 -9.9517756e-001	 -9.6644953e-001	 -1.7777313e+000	
  1.0147693e+000	 -1.3099523e-001	 -2.7615911e-001	 -8.9738366e-002	 -4.6720990e-001	  1.8128583e+000	  1.3745763e+000	  1.3364175e+000	  3.7924097e-001	  4.6246419e-001	  1.0177523e+000	
 -1.7193683e+000	 -2.0127164e-001	  4.1926803e-001	  2.1826100e-001	  8.2047481e-001	 -2.0323009e+000	 -1.1338157e+000	 -1.6857922e+000	  5.0371661e-001	 -4.4794076e-001	 -3.4549895e-003	
  6.4941907e-001	 -1.5016152e-001	  1.3726762e+000	  7.9575982e-001	  1.7131839e+000	 -1.8296244e-001	  1.0476398e+000	 -2.2327501e-001	  1.4061650e+000	  1.5115401e+000	  9.1506105e-001	
 -4.0470627e-001	 -1.8559617e+000	 -1.2536829e+000	 -1.6077352e+000	 -1.3945998e+000	 -1.5989575e+000	 -1.5002101e+000	 -1.2115594e+000	 -1.9650503e+000	 -1.4789291e+000	 -2.7615133e+000	
  2.1407669e+000	  5.3343629e-001	 -1.3366855e+000	 -1.6016303e+000	 -1.4663055e+000	  5.0672483e-001	 -6.0395315e-001	  8.6563473e-001	 -1.0003640e+000	  8.3627284e-001	 -1.4037663e-001	
  1.9422858e-001	  4.7593741e-001	  4.1926803e-001	 -6.3973724e-001	 -6.9023112e-002	  2.2156844e+000	  1.0065134e-001	  1.2861048e+000	  1.6140860e-001	  2.5847327e+000	  9.0365091e-001	
 -1.1054600e+000	 -5.5265370e-001	 -5.0609873e-001	  3.8326066e-001	  9.7958447e-002	 -1.7027158e+000	 -1.8045992e+000	 -1.3157785e+000	 -1.5496699e-001	 -2.6103643e-001	 -1.3498512e+000	
  3.4995165e-001	  4.2482729e-001	  3.3514378e-001	 -2.2173809e-001	  3.8054262e-001	 -4.2583611e-002	  1.0307293e+000	 -1.3702474e-001	 -1.9645887e-001	 -4.5999910e-001	  1.9365285e-002	
  1.7814059e+000	  1.0956476e+000	  7.8380645e-001	  3.6676070e-001	  1.1030590e+000	  6.6541394e-001	  2.2257385e+000	  7.4704060e-001	  1.5150812e+000	  4.9863922e-001	  1.0348675e+000	
  1.1636705e-001	 -8.3375934e-001	  1.2100360e+000	  2.4576095e-001	  4.2549920e-001	  6.7151737e-001	  1.8198863e+000	 -5.3233850e-001	 -4.1429124e-001	 -9.7247870e-001	 -6.7665308e-001	
  3.5594099e-001	  5.4621382e-001	  9.8009637e-001	  2.3476097e-001	  3.6769789e-001	  1.0865504e+000	  1.5605919e+000	  1.0165727e+000	  3.6368152e-001	  1.4090442e+000	  1.0976232e+000	
 -1.4767997e+000	 -1.4377276e-001	  1.2997685e+000	  5.8676025e-001	  2.7136237e-001	 -1.0435457e+000	 -9.4216331e-001	 -8.3421447e-001	  1.2713164e+000	 -6.1675757e-001	 -3.7685401e-002	
 -9.4973699e-001	 -1.0062560e+000	 -2.5933426e-001	 -5.2973746e-001	 -5.6354542e-001	 -1.4890959e+000	 -4.6303225e-001	 -3.0593153e-001	 -6.6796740e-002	 -8.0161276e-002	 -6.8235815e-001	
  7.9316344e-001	  1.6259150e+000	  4.8656743e-001	  7.3525994e-001	  3.6769789e-001	  9.5227502e-001	  7.2634014e-001	  3.3735178e-001	  1.3698596e+000	  1.0050896e+000	 -7.7363924e-001	
  1.1944498e+000	 -9.4236834e-001	 -1.2733119e+000	 -1.3508858e+000	 -1.3817551e+000	 -4.2583611e-002	 -4.5906392e-002	  1.5089180e+000	 -1.3167396e+000	  2.6953069e-001	  2.4186296e-001	
  1.0327374e+000	  1.4725847e+000	  3.7904761e-002	  1.8517576e+000	  5.6036892e-001	  1.1781018e+000	  3.8249314e-001	  6.4641527e-001	  1.8262703e+000	  1.2522857e+000	  1.0519827e+000	
  8.6420310e-002	  1.5011041e-001	  1.0754372e+000	 -1.1723831e-001	  5.4752418e-001	  6.7278078e-002	  2.2466173e-001	 -2.5561887e-001	 -2.5304860e-002	  6.6745603e-001	  3.8448967e-001	
  4.9369601e-001	  3.2899582e-001	  4.9778400e-001	 -2.7673798e-001	 -1.7178099e-001	  5.0062141e-001	  8.5598736e-001	  7.6500940e-001	 -9.6405865e-001	  4.8658087e-001	  5.9300765e-002	
 -1.0096305e+000	  2.7149694e-001	  1.9493670e-001	  1.8957576e+000	  9.8103400e-001	 -5.7358178e-001	 -2.1501147e-001	  1.0375729e-001	  8.6158408e-001	  1.0111188e+000	  9.4929146e-001	
 -9.4092665e-003	  1.7566547e-001	 -1.9203486e-001	 -1.1173832e-001	  3.0668539e-001	 -6.6997320e-002	 -8.2942659e-001	 -7.2280786e-001	  1.5103563e-001	 -7.8557438e-001	  2.7038830e-001	
  9.8482259e-001	 -7.9542675e-001	 -3.7710821e-001	 -1.2403360e+000	 -1.3088612e+000	 -7.9204174e-002	 -1.1918526e-001	  2.0797637e-001	 -7.1510737e-001	 -2.6103643e-001	 -4.3390469e-002	
  1.4631380e-001	  2.9705200e-001	  1.7091732e+000	  1.2027590e+000	  1.1126925e+000	 -8.2382229e-001	  4.2758783e-001	 -4.4249446e-001	  5.8151389e-001	  4.0820164e-001	 -3.1723376e-001	
 -9.6171568e-001	  1.4372165e-001	 -1.7521001e-001	 -2.6023802e-001	 -5.4748950e-001	 -7.9330515e-001	 -1.0661737e+000	 -5.8624492e-001	  1.3028969e-001	 -1.7820423e-003	 -1.8031211e-001	
  1.4639705e+000	  7.3787676e-001	 -1.8081829e-001	 -8.7623675e-001	  2.7136237e-001	  9.0955103e-001	  6.0232974e-001	  1.7712626e+000	 -6.7880197e-001	  5.5893094e-001	  1.4056969e+000	
 -9.4973699e-001	  4.1204976e-001	  8.8379312e-002	  3.9976063e-001	 -8.4612960e-001	  7.3255164e-001	 -5.3067429e-001	 -3.7421300e-001	  1.2453840e+000	  3.1776406e-001	 -3.1723376e-001	
 -8.7187546e-001	  1.6927671e-001	 -1.0052360e+000	 -5.4073744e-001	 -8.2686249e-001	 -1.0361788e-001	 -4.3484807e-001	 -1.9452492e-001	 -4.6615609e-001	 -5.0220330e-001	  1.0576878e+000	
 -1.5576559e+000	 -2.0731797e+000	 -3.9393306e-001	 -1.3668357e+000	 -1.4440520e+000	 -2.4430615e+000	 -2.7064930e+000	 -1.6676078e+000	 -1.0729748e+000	 -2.9406596e+000	 -1.8861276e+000	
 -1.2072790e+000	  1.2617555e+000	  8.1745615e-001	  1.3347587e+000	  1.6264819e+000	  5.1282826e-001	 -2.3755882e-001	 -7.5874548e-001	  6.9561656e-001	  3.4188075e-001	  1.0405726e+000	
  5.4161080e-001	  1.5649918e-001	  1.0810455e+000	  1.1642591e+000	  5.8926957e-001	  1.3551012e+000	  1.4760393e+000	  1.4046990e+000	  1.2609434e+000	  6.5539768e-001	  1.5768490e+000	
  2.3016467e-001	 -2.3006197e+000	 -8.5942058e-001	 -1.6077352e+000	 -1.0259559e+000	 -5.6747835e-001	 -2.8995884e-002	  1.0201665e+000	 -1.7347703e+000	 -1.1352663e+000	  2.5327310e-001	
 -7.1615239e-001	  9.6787229e-001	  1.4119342e+000	  1.6647580e+000	  1.4948234e+000	  5.6165568e-001	  4.2758783e-001	 -1.0498402e+000	  1.2298245e+000	 -5.8058254e-001	  5.9300765e-002	
 -9.9765177e-001	 -3.1626941e-001	 -1.6960172e-001	 -4.8023756e-001	 -9.6494340e-001	  1.2940669e+000	  1.4010919e-001	 -5.8983869e-001	  1.8215454e-001	 -5.1426165e-001	  7.2679379e-001	
  9.6086520e-001	  3.4177335e-001	  2.3260844e+000	  6.9676002e-001	  1.2058169e+000	 -7.9204174e-002	  3.0357744e-001	  6.8594665e-001	  1.9252751e-001	  8.0009781e-001	  9.9493201e-001	
 -4.2866366e-001	 -1.0381998e+000	 -1.5716726e+000	 -1.5037855e+000	 -1.3149624e+000	 -5.4916807e-001	 -6.8850569e-001	 -4.8921336e-001	 -1.6673460e+000	 -7.8557438e-001	 -1.1273535e+000	
  7.0332321e-001	  1.2170341e+000	 -5.7339813e-001	 -2.2173809e-001	  2.9062948e-001	  4.5789742e-001	 -8.5364244e-002	  1.1926670e+000	 -2.4313723e-001	  9.0862290e-001	  4.0730995e-001	
 -1.1721754e-001	 -2.9071435e-001	 -1.7399211e+000	 -1.3591358e+000	 -1.4157936e+000	  1.1597915e+000	  6.2487709e-001	  3.7328940e-001	 -1.4256558e+000	  5.2480504e-002	 -2.1454253e-001	
  9.7284389e-001	  2.4594188e-001	 -3.4906679e-001	  1.2357589e+000	  9.2002150e-001	  1.6175486e+000	  1.6958759e+000	  1.3507925e+000	  5.4002201e-001	  1.4693359e+000	  2.0446646e+000	
 -4.3465301e-001	  4.7890180e-002	  3.7904761e-002	  1.5767582e+000	  4.9790690e-002	 -2.2568643e-001	 -2.7137983e-001	 -7.0483905e-001	  3.2218964e-001	  3.5996827e-001	  3.6480490e-002	
  1.8823924e-001	 -6.3570764e-001	  1.9671543e+000	  3.6676070e-001	  5.4752418e-001	  7.3255164e-001	  7.2634014e-001	 -4.9640089e-001	  2.8588424e-001	  3.4392989e-002	 -8.2498486e-001	
  3.6193034e-001	  1.3895308e+000	  1.7820809e+000	  2.8426087e-001	  1.5301464e+000	  8.7903389e-001	  7.1506646e-001	  2.6547655e-001	  1.1624002e+000	  1.3065482e+000	  8.2121039e-002	
 -1.5756239e+000	  9.5575919e-003	 -5.5657328e-001	 -4.4723763e-001	 -1.1682113e+000	 -8.4823600e-001	 -1.2183683e+000	 -1.2007781e+000	 -1.3422105e-001	 -1.0327704e+000	 -1.0075471e+000	
  1.2064285e+000	  4.8871494e-001	 -1.2744336e+000	 -1.1946861e+000	 -1.3933153e+000	  1.9044097e+000	 -1.4736944e-001	  1.5053243e+000	 -1.6849801e+000	 -1.2236548e-001	  3.0775422e-002	
  1.0267480e+000	  4.1501415e-002	 -1.6960172e-001	  4.3276056e-001	 -2.0855354e-002	 -1.2192816e-001	 -1.6991678e-001	 -7.3718291e-001	  4.0517340e-001	 -1.9471554e-001	  9.9236245e-002	
  1.5298533e+000	 -3.1626941e-001	  8.7914727e-001	  1.6876110e-001	  1.0003011e+000	  4.8841455e-001	  9.0671889e-001	  1.7209500e+000	 -5.9581821e-001	  6.7951437e-001	  7.7243433e-001	
 -3.0288734e-001	 -4.6321099e-001	  4.6974258e-001	  2.9526084e-001	 -2.4563822e-001	 -1.7881638e+000	 -5.0812694e-001	 -1.0785903e+000	  5.2446255e-001	 -7.3131183e-001	  5.8416707e-001	
  9.6685454e-001	 -3.2904693e-001	 -1.2295673e+000	 -1.6077352e+000	 -1.1319250e+000	  1.5882949e-001	 -5.1543228e-002	  1.2393859e+000	 -1.2337559e+000	  7.1568940e-001	 -3.8569458e-001	
 -5.1850389e-001	 -4.4404470e-001	  1.1763863e+000	  1.2522589e+000	  1.7003392e+000	 -9.0927027e-001	 -3.9539022e-001	 -6.2218254e-001	  7.1117601e-001	 -2.8515312e-001	  4.3013022e-001	
  2.9604751e-001	  7.8898688e-001	  3.8001005e-001	  1.9672574e+000	  1.5783142e+000	  1.7103634e-001	  1.4309446e+000	  3.2297674e-001	  9.2382190e-001	  8.5436035e-001	  1.3258260e+000	
 -1.3102958e+000	 -8.8486946e-001	  1.0754372e+000	  1.1917590e+000	  8.1084125e-001	 -1.9529563e+000	 -5.3631112e-001	 -1.1720281e+000	  4.7259770e-001	 -5.9264088e-001	 -6.5383281e-001	
  6.4941907e-001	 -1.5997467e-002	  1.2661188e+000	  1.0432593e+000	  9.0075440e-001	  1.5272606e-001	  6.1360342e-001	  1.3610114e-001	  7.7860032e-001	 -2.6103643e-001	 -6.5953787e-001	
  1.4579811e+000	 -1.6293905e-001	  7.3894019e-001	  2.5761397e-002	  1.1256484e-002	  7.4475849e-001	  1.2054712e+000	  1.5232931e+000	 -3.2093451e-001	  1.1799356e+000	  5.0429611e-001	
  1.4548128e-002	  1.1816659e-001	  3.9122662e-001	  6.4261318e-002	  1.8466041e-001	 -3.6480184e-002	 -1.5864311e-001	 -1.0827464e-001	  3.9480043e-001	 -2.4897809e-001	 -1.0614622e-001	
  8.8300366e-001	  2.0986836e+000	  1.0978703e+000	  1.2522589e+000	  9.6176689e-001	  2.9310488e-001	  1.1152818e+000	  1.4226678e+000	  1.1260948e+000	  9.8097296e-001	  1.5825541e+000	
  1.4220450e+000	  9.4231723e-001	 -5.7436057e-002	  6.7476006e-001	  9.4747263e-002	  5.8606939e-001	  5.4032455e-001	  1.6598560e+000	  9.7050026e-001	  7.6597191e-002	  1.5026831e+000	
  9.7284389e-001	  4.6315988e-001	  5.8190825e-001	 -4.5738456e-002	 -9.6494340e-001	  1.1903087e+000	  1.2392922e+000	  1.0309478e+000	 -2.7944263e-001	  2.9364738e-001	  1.4114020e+000	
  1.3621515e+000	  7.3148800e-001	  5.0339228e-001	 -1.2823829e-001	  6.5991561e-001	  9.5837845e-001	  3.0357744e-001	  9.9501014e-001	  1.0327381e+000	  5.6496011e-001	  1.6053743e+000	
 -1.8241819e+000	 -1.7217976e+000	 -2.7055083e-001	  1.0826123e-001	  4.6403340e-001	 -9.3978741e-001	 -4.5906392e-002	 -1.5209823e+000	 -4.9727500e-001	 -9.0615781e-001	 -2.1542658e+000	
  9.6086520e-001	  2.2584027e+000	  1.0810455e+000	  7.7375986e-001	  1.4948234e+000	  2.4354078e+000	  7.1506646e-001	  1.3256362e+000	  9.6012729e-001	  2.3013616e+000	  1.1489689e+000	
  5.1166406e-001	 -1.1340313e+000	 -9.9962767e-001	 -1.1990861e+000	 -1.2500965e+000	  7.5696535e-001	 -1.0154422e+000	  8.5125968e-001	 -1.3841639e+000	  6.5539768e-001	  1.3660216e-002	
  1.0438836e-001	  7.1232170e-001	  1.9110714e+000	  1.2412589e+000	  1.6296931e+000	  5.0062141e-001	  1.3447236e-001	 -7.2640162e-001	  1.6291839e+000	 -5.4440750e-001	  3.5025926e-001	
 -1.4570348e+000	 -1.6706875e+000	 -1.3535104e+000	 -1.3233858e+000	 -1.2716115e+000	 -7.4447774e-001	 -1.9810096e-001	 -1.0031213e+000	 -1.1559586e+000	 -1.2437914e+000	 -1.0018420e+000	
 -2.4299386e-001	 -1.1787526e+000	 -1.7373469e+000	 -9.3123664e-001	 -1.1736703e+000	 -7.0175375e-001	 -7.4487405e-001	 -3.9218180e-001	 -1.1507721e+000	 -5.0823247e-001	 -1.4867728e+000	
  6.7936581e-001	 -9.9051407e-002	  9.0158041e-001	  8.2875975e-001	 -4.3333641e-002	 -2.9282413e-001	  1.7393021e-001	  8.6922849e-001	  1.4066266e-001	  2.3335566e-001	  2.8179844e-001	
  8.5587791e-003	 -8.2737058e-001	  1.5567871e-001	 -8.0473690e-001	  3.8696499e-001	  3.6760942e-002	  2.3593541e-001	 -1.5858730e-001	 -1.3322991e+000	 -6.4087425e-001	 -9.5620144e-001	
 -1.8241819e+000	 -1.5997467e-002	  3.1831893e-001	  1.6647580e+000	  5.5394655e-001	 -1.6844055e+000	 -1.5960363e+000	 -1.6923688e+000	  1.2194515e+000	 -6.4087425e-001	 -1.0360724e+000	
 -3.2085539e-001	 -1.3959706e+000	 -1.7053180e+000	 -1.1968861e+000	 -1.2700059e+000	 -1.1412005e+000	 -9.1001080e-002	 -8.9890218e-001	 -1.9650503e+000	 -1.7864169e+000	 -1.9146530e+000	
  1.6428184e-001	  1.3094412e-001	 -1.7399211e+000	 -1.6077352e+000	 -1.4729206e+000	  6.3489681e-001	  6.1193491e-002	 -6.8743267e-002	 -1.3686045e+000	 -1.4909875e+000	 -5.2832130e-001	
 -1.4785965e+000	  8.6222768e-002	 -1.3327597e+000	  1.0487593e+000	 -1.7499218e-001	 -1.4951993e+000	 -9.3088964e-001	 -1.6000450e+000	 -3.7279936e-001	 -1.7864169e+000	 -1.4582475e+000	
 -1.6343195e+000	 -8.5292564e-001	 -1.5277687e-001	 -6.6723718e-001	 -9.5852103e-001	 -7.6278802e-001	 -6.0395315e-001	 -2.9515024e-001	 -1.0310214e-001	  1.5497642e-001	 -8.3325949e-002	
