  8.1348797e-003	 -4.5403871e-001	  6.8461242e-001	  2.6078157e+000	  6.2897688e-001	  1.1199337e+000	 -1.2486791e+000	 -3.0765711e-001	  8.9354473e-001	  7.1607460e-001	  5.4990686e-001	
  1.5894078e+000	 -1.7441499e-002	 -1.2431729e+000	 -9.0361272e-001	 -7.3465446e-001	 -1.5013854e+000	  7.6635446e-001	  1.2511229e+000	 -1.1013965e+000	 -7.2946680e-002	  1.1437985e+000	
  1.6528001e-001	 -2.3294140e-001	  3.7498724e-001	 -8.9939901e-001	 -8.4332431e-001	  1.4125320e+000	 -6.1567045e-002	 -2.2561605e-001	 -3.8051707e-001	 -5.2640719e-001	  2.1060528e-002	
 -3.9454952e-001	 -1.1956942e+000	  4.6345158e-001	 -9.0361272e-001	 -1.9481069e-001	 -9.6445235e-001	 -5.9398426e-001	 -5.4746942e-001	  5.0424807e-001	 -6.0854400e-002	  2.0544323e+000	
 -7.8086464e-001	  3.6877911e-001	 -2.9955333e-001	 -2.0483847e-001	  4.0813171e-001	  4.1407791e-001	  5.7784310e-001	  1.3173869e+000	 -5.5202539e-001	  6.0119794e-001	  5.3859464e-001	
 -4.4038352e-001	 -4.5124001e-001	  1.2633166e+000	  8.2752147e-001	 -2.1584356e-001	  4.3519326e-001	 -1.2919858e+000	  6.2319331e-001	  7.1659170e-001	  1.7590338e+000	 -7.2200251e-003	
  9.0189782e-001	  3.7157781e-001	  1.0679579e+000	  1.7159129e+000	  1.0040631e+000	 -4.9388184e-001	 -2.5902734e-002	  1.3016097e+000	  7.8737291e-001	 -5.0524570e-001	  2.2806767e+000	
 -1.2064660e+000	  1.4574734e+000	 -1.2431729e+000	 -9.0361272e-001	 -1.5980539e+000	 -4.7879946e-001	  4.9122977e-001	 -1.0460266e+000	 -4.2679709e-001	 -9.9498305e-001	 -7.3403023e-001	
 -4.1091881e-001	  4.9751932e-001	  7.2884459e-001	  3.3592150e-001	  7.4115221e-001	  1.0354723e+000	  2.8743371e-001	 -3.2658966e-001	 -5.9558306e-001	 -1.6570354e+000	 -8.3577517e-002	
 -6.4991036e-001	  1.3595189e+000	  1.0495278e+000	  1.4209529e+000	  9.5148095e-001	  1.4849275e+000	 -2.3224625e-001	 -1.6887867e+000	  1.7456416e+000	 -9.9800612e-001	 -5.1344192e-001	
  1.2271987e-001	  1.5666227e+000	  7.0672851e-001	  2.1759100e+000	  1.6560822e+000	 -7.7743074e-001	  3.7404704e-001	  5.2537513e-001	  1.1467237e+000	 -1.5508349e-002	  2.5069211e+000	
  4.3701014e-001	 -4.6243481e-001	  2.1648864e-001	  5.7821006e-001	 -3.3152437e-001	 -8.7395802e-001	 -2.5262585e-001	  8.8193818e-001	  1.3835685e+000	  5.9515180e-001	 -6.3222024e-001	
 -2.1448739e-001	  1.5946097e+000	 -1.2431729e+000	 -9.0361272e-001	 -1.4911368e+000	  4.8345690e-001	 -1.1251606e-001	 -1.6881840e-001	  2.2384558e-001	  4.4399830e-001	 -9.0371355e-001	
 -1.2064660e+000	 -9.3513525e-001	 -5.6126033e-001	  3.7805864e-001	 -3.7359012e-001	 -3.7322274e-001	 -1.8129723e-001	 -1.3457920e+000	  1.8028791e-001	  6.5259013e-001	  8.5816489e-001	
  1.5795862e+000	 -3.7847381e-001	 -5.0228410e-001	 -6.4060673e-001	  6.1846045e-001	  5.8133556e-002	  4.7339762e-001	  6.5159214e-001	 -1.0085642e+000	  1.9101873e+000	  3.0386605e-001	
  7.6439583e-001	 -8.7409001e-002	 -2.8849529e-001	 -9.0361272e-001	  7.7270152e-001	 -4.0942047e-001	 -5.6472143e-002	 -3.8969816e-001	 -3.5873823e-001	 -1.4121667e+000	  4.6789326e-001	
 -1.2064660e+000	 -1.1248871e+000	  4.5239354e-001	  3.8508150e-001	  8.2528371e-001	 -1.1514740e+000	 -1.6129646e+000	 -6.5475388e-001	  2.3201264e-001	 -8.4987568e-001	 -3.5507082e-001	
 -1.0064334e+000	 -2.2734400e-001	 -3.7846334e-002	 -1.0651848e-001	  3.9410979e-001	 -1.5013854e+000	 -1.6129646e+000	 -1.3868125e+000	  1.2147825e+000	 -1.1224659e-001	  1.5453823e+000	
  1.0623168e+000	  1.6309928e+000	 -3.0692536e-001	  1.7194243e+000	  9.0941521e-001	 -1.3190453e-001	 -1.5785740e+000	  2.1298804e-001	  5.7502928e-001	  1.3055733e+000	  8.0449688e-002	
 -4.6002666e-001	  2.6242851e-001	  1.4476173e+000	  2.5867007e-001	  6.2547141e-001	 -3.8393727e-002	 -1.5864711e+000	  3.9439659e-002	 -1.1672775e+000	 -1.6570354e+000	 -7.1140579e-001	
 -7.3711543e-002	  1.5327921e-001	 -4.8904376e-002	  1.3823272e+000	  1.7191809e+000	  1.1802632e+000	 -1.6045835e+000	 -5.2067671e-002	  6.0497518e-001	  9.2768951e-001	  8.2140017e-001	
 -9.6911141e-001	 -8.3186322e-001	  8.6154110e-001	 -2.9267053e-002	  1.5649398e+000	 -4.4561820e-001	 -1.6129646e+000	 -1.1202075e-001	 -6.5275250e-001	 -8.0150656e-001	 -7.1423384e-001	
 -4.9276523e-001	  1.1969480e-001	  9.4263340e-001	  1.2559157e+000	  1.7191809e+000	  6.6746203e-001	 -1.6129646e+000	 -1.3331703e+000	  1.4761966e-001	  6.0724408e-001	 -5.0778581e-001	
 -2.9633381e-001	  1.4208441e-001	  9.8536186e-002	  3.5347864e-001	 -1.1553119e+000	 -1.5013854e+000	 -1.5620155e+000	 -1.7481087e+000	  1.6639710e+000	  8.6762110e-003	 -3.8328633e-002	
  3.4325735e-002	  8.3311704e-002	  2.4797013e+000	  1.5683865e-001	  1.4961384e-003	  1.7262457e+000	 -1.6129646e+000	  1.1217505e+000	  9.2621298e-001	  7.3723609e-001	 -4.0314776e-001	
  1.3929764e+000	  1.5302396e+000	 -1.2431729e+000	  7.3271291e-001	 -6.1196269e-001	 -1.0096995e+000	 -1.6129646e+000	  5.6008481e-001	  4.0896567e-001	 -1.6968492e-001	  6.0363991e-001	
 -4.2728809e-001	  1.3088961e-001	  9.0945928e-001	  2.8325007e-001	  5.4078324e-002	 -4.7443160e-002	 -1.5976034e+000	 -1.3931234e+000	 -4.4585357e-001	 -1.1733442e+000	 -1.6220396e+000	
 -9.6628542e-002	 -2.9451281e-001	 -9.4902901e-001	  1.2032443e+000	 -1.3810648e+000	  1.0234064e+000	 -1.6089141e+000	 -2.3823776e-001	 -1.1672775e+000	 -1.6061571e-001	 -2.8719750e-001	
 -1.2064660e+000	 -1.1956942e+000	 -7.6767712e-001	 -9.0361272e-001	 -1.0887078e+000	 -1.1333751e+000	 -1.6129646e+000	  7.6834287e-001	 -8.8143025e-001	  4.1679067e-001	  1.1381424e+000	
  8.6707446e-002	 -3.6448031e-001	 -1.2431729e+000	 -9.0361272e-001	 -1.5836815e+000	 -1.1695728e+000	 -1.6129646e+000	 -1.2164196e+000	 -1.1672775e+000	 -4.7501500e-001	 -1.6220396e+000	
 -4.7312209e-001	 -9.0453987e-003	  8.3205298e-001	 -6.5359902e-001	 -4.9978736e-001	 -6.4470572e-001	 -6.9078739e-001	 -9.5451927e-001	 -1.1495005e+000	 -8.8615252e-001	 -6.0676774e-001	
 -1.1627168e-001	  4.1635701e-001	  1.2485726e+000	  1.1505729e+000	 -8.4682979e-001	  5.4981940e-001	  2.6960156e-001	  7.5256575e-001	 -1.1551085e+000	 -3.8129983e-001	  2.0261517e+000	
  3.4206829e-001	  5.2526003e-002	 -9.2949313e-001	 -9.0361272e-001	  1.8378105e-001	 -1.5013854e+000	 -4.2075760e-001	 -4.9698262e-001	 -1.1528490e+000	 -1.6570354e+000	 -8.9240133e-001	
  3.1260357e-001	  5.2830502e-001	  2.6998210e-003	  1.0241615e+000	  6.8506455e-001	  1.6055866e+000	  1.0363842e+000	  1.6565667e-001	 -1.1672775e+000	  2.0819883e-001	  1.2908573e+000	
 -8.8890192e-001	  2.3164281e-001	 -6.9395684e-001	 -4.2605846e-001	 -9.1693937e-001	  1.1243015e-001	  1.6770352e-001	 -7.1000222e-002	 -1.1672775e+000	 -6.5942227e-001	 -2.3629250e-001	
  2.1001295e+000	  9.6490223e-001	  1.9068654e-001	 -3.3827275e-001	  6.3598784e-001	 -2.3144829e-001	 -1.2028250e+000	 -1.7512925e-001	 -1.1517056e+000	 -2.5130781e-001	 -2.6740111e-001	
 -1.2064660e+000	 -1.0140250e-001	  3.3075507e-001	 -9.0361272e-001	 -1.2709927e+000	 -1.5013854e+000	 -8.9203600e-001	 -1.7326471e+000	 -1.1624861e+000	 -1.0312599e+000	 -1.6220396e+000	
 -1.1942873e+000	 -1.1956942e+000	  6.4038025e-001	 -4.5063846e-001	  1.3055343e+000	 -7.5631539e-001	  7.3833250e-001	 -4.4965124e-001	 -1.1564969e+000	 -5.8686859e-001	 -2.3063639e-001	
 -1.2064660e+000	 -1.4618170e-001	 -1.2431729e+000	  7.9587227e-002	 -1.0992243e+000	 -1.3740900e+000	 -5.4813014e-001	 -1.7364336e+000	 -1.1531484e+000	 -1.1370673e+000	 -1.0931933e+000	
 -9.4455748e-001	 -1.1956942e+000	 -1.2431729e+000	  2.7131585e+000	  4.6421937e-001	 -1.5013854e+000	 -9.6845952e-001	 -1.7238119e+000	 -1.1404078e+000	 -1.6570354e+000	 -1.6220396e+000	
 -3.0288153e-001	 -3.9806471e-001	 -2.0003095e-001	  7.2217862e-001	  5.4484539e-001	  5.1663815e-001	  1.4694509e+000	 -2.9819083e-001	 -1.1348814e+000	 -3.3595377e-001	  5.1314215e-001	
  6.9891869e-001	  3.9676611e-001	  1.6282320e+000	  1.1821294e-001	  1.0075686e+000	 -6.2057390e-001	 -1.0907372e+000	 -1.3726415e-001	 -1.1672775e+000	 -8.2569112e-001	  7.7621633e-002	
  2.5584694e+000	  2.3026809e+000	  7.2734088e-002	 -4.9628703e-001	  2.2584680e-001	  2.0278934e+000	  1.8260940e+000	  1.2132578e+000	 -1.1523045e+000	 -6.0198394e-001	 -1.4713042e+000	
 -1.2064660e+000	 -6.2196072e-001	  5.3717186e-001	 -6.5500359e-001	 -2.5790931e-001	 -9.4635348e-001	  1.1382823e+000	  6.4212587e-001	 -1.1672775e+000	 -1.2277594e+000	 -4.5688081e-001	
 -8.5943720e-001	 -1.1064157e+000	  1.2780607e+000	 -9.0361272e-001	 -8.6786266e-001	 -1.0368478e+000	 -1.6129646e+000	 -1.2858389e+000	 -3.6418294e-001	 -4.5739050e-002	 -4.8233331e-001	
 -2.2758282e-001	  6.3745432e-001	  2.1848201e+000	 -8.6112444e-001	  9.6550287e-001	  1.8167400e+000	  6.3133956e-001	  7.3363320e-001	 -4.5402063e-001	  1.2299965e+000	  9.2886627e-001	
  2.8203780e+000	  3.0136402e-002	 -1.2431729e+000	 -9.0361272e-001	 -1.2780037e+000	  4.3051168e-002	  5.5746349e-001	  1.0554866e+000	 -9.1518745e-001	  4.8632128e-001	 -8.1887189e-001	
  2.3292994e+000	  2.2604541e-001	 -8.7752034e-001	 -8.8271972e-001	 -2.9646958e-001	  1.3703013e+000	  1.6732469e+000	  6.7683554e-001	 -1.8722992e-001	  1.4567268e+000	 -1.2968132e+000	
 -9.5699814e-001	  1.4488311e-001	  1.9068654e-001	 -9.0361272e-001	 -1.5625042e-001	  1.2194774e+000	 -1.9403448e-001	 -1.0397157e+000	 -2.8523467e-001	 -1.3517053e+000	 -1.6220396e+000	
 -1.8174882e-001	  4.7512971e-001	  1.2065227e-001	 -9.0361272e-001	  1.7752685e+000	 -8.5585916e-001	  3.3074037e-001	  7.9358627e-001	  5.5869516e-001	  3.5883842e-002	 -6.6609186e-002	
 -1.1337864e+000	 -6.0236982e-001	  5.5191592e-001	 -8.5234587e-001	  7.1605719e-002	 -4.7578298e-001	  1.1128078e+000	 -1.7604149e+000	 -6.4723973e-002	 -7.6522972e-001	 -1.2232838e+000	
 -4.4038352e-001	  4.3594791e-001	  1.3444089e+000	 -8.6779615e-001	  1.7367083e+000	 -4.6070059e-001	  1.4732392e-001	 -1.5808680e-003	  5.0152572e-001	  8.9141267e-001	  1.0873024e-001	
  5.9415527e-001	 -6.1916202e-001	 -1.2418644e+000	 -8.7790906e-001	 -4.5421614e-001	  3.2358358e-001	  1.0363842e+000	 -3.4236679e-001	 -1.1672775e+000	 -3.3293070e-001	 -1.6220396e+000	
 -1.2064660e+000	 -1.1956942e+000	 -1.2431729e+000	 -9.0361272e-001	 -9.1693937e-001	 -1.1967211e+000	  6.3643447e-001	 -1.1343785e+000	 -1.0793454e+000	  1.3660347e+000	 -1.6220396e+000	
  6.9891869e-001	  1.1859995e+000	  5.1874179e-001	 -9.0361272e-001	  1.7332028e+000	  7.3684102e-001	  1.0363842e+000	 -1.7197383e-001	  9.5343652e-001	  2.1520329e+000	  4.7072132e-001	
  3.7599592e-002	 -9.0462942e-001	  1.2780607e+000	 -9.0361272e-001	  8.1476727e-001	 -1.5013854e+000	 -5.5322504e-001	 -1.3363257e+000	 -9.3315499e-001	 -6.4128385e-001	 -1.6220396e+000	
 -8.1032935e-001	 -6.7513602e-001	 -1.2431729e+000	 -8.6951675e-001	  9.4447000e-001	  1.2918729e+000	  4.4028076e-001	  7.8727542e-001	 -1.1672775e+000	 -9.0126787e-001	 -6.7746912e-001	
  2.1983452e+000	  2.4843501e-001	  1.8272768e+000	 -8.3900244e-001	  1.7857850e+000	 -1.2492078e+000	  7.0012074e-001	 -5.6955740e-001	 -2.7706761e-001	 -8.5289875e-001	  2.4164884e-001	
 -1.2064660e+000	 -1.1489559e+000	  3.3274845e+000	 -9.0361272e-001	  1.2249083e+000	  6.1316543e-001	  1.1382823e+000	 -1.0649591e+000	 -9.6282865e-001	 -1.3456592e+000	 -1.0733969e+000	
 -6.8592279e-001	 -1.1956942e+000	  1.2264565e+000	 -9.0361272e-001	 -4.3318326e-001	  3.5676484e-001	 -1.1506351e-001	 -1.1122905e+000	 -3.7235001e-001	 -7.8941428e-001	 -5.5586275e-001	
  6.9237098e-001	 -1.1956942e+000	  1.8700052e-001	 -9.0361272e-001	 -1.2470111e-001	  9.1179672e-001	  9.8543522e-001	  8.5353935e-001	 -1.1672775e+000	  4.7422900e-001	  6.8848157e-001	
 -1.6866911e-003	 -1.1956942e+000	 -1.2431729e+000	  2.0599865e-001	  3.1348377e-001	  4.1407791e-001	 -3.4942898e-001	  4.9382088e-001	 -8.9504203e-001	 -9.8289077e-001	  9.2038210e-001	
  1.4891073e-001	 -1.1886695e+000	 -3.3272746e-001	 -8.2390330e-001	 -1.0711804e+000	 -1.5000340e-001	 -1.0996861e-001	  1.0144660e+000	 -2.6073348e-001	 -9.6777542e-001	 -5.1626997e-001	
 -1.0339338e+000	 -1.1542735e+000	  7.8413480e-001	  1.1224815e+000	  3.2750569e-001	  2.9341881e-001	  1.3930273e+000	 -1.9090638e-001	 -1.7634050e-001	 -2.0898483e-001	 -1.2261118e+000	
  7.6885875e-002	 -1.1956942e+000	 -6.2760858e-001	  1.8177443e+000	  8.1476727e-001	 -1.5013854e+000	 -3.4942898e-001	 -3.7076561e-001	  1.2011708e+000	  2.2729557e+000	  3.8870771e-001	
  5.3849970e-001	 -1.1698622e+000	  5.2979983e-001	  1.5859900e+000	 -3.1399697e-001	  6.4936316e-001	  4.2244860e-001	  9.5135753e-001	 -2.1445346e-001	  7.3723609e-001	  5.7535936e-001	
 -8.6806971e-002	 -1.1956942e+000	  4.5976556e-001	 -3.0315847e-001	  1.2178974e+000	 -1.5013854e+000	  1.7279843e-001	 -9.3243129e-001	  8.7721061e-001	 -1.1224659e-001	 -1.0224919e+000	
  1.3307731e+000	 -1.1646287e+000	  3.5655717e-001	 -9.0361272e-001	 -5.3484215e-001	 -4.5466763e-001	  1.6222979e+000	  1.0270877e+000	 -8.6509613e-001	  1.3962654e+000	  3.8028859e-002	
 -1.2064660e+000	 -1.1913283e+000	 -1.2431729e+000	  4.8340149e-001	  5.8340566e-001	 -1.0881279e+000	 -1.6855998e-001	 -1.3647245e+000	  3.0551621e-001	 -1.0131215e+000	 -7.7645106e-001	
  3.3224671e-001	 -1.1374813e+000	 -5.2071417e-001	  2.2355579e-001	 -1.0221037e+000	  4.9250633e-001	  2.7593732e-002	 -5.9795622e-001	  1.7756556e-001	 -3.3897684e-001	  2.6483239e+000	
  3.1587743e-001	 -1.1956942e+000	  6.0720613e-001	 -5.3847052e-002	 -4.4369970e-001	 -4.6371707e-001	 -1.5072782e-001	 -4.6227294e-001	  1.0187730e+000	  1.2511580e+000	 -3.6921110e-001	
 -8.4306792e-001	 -1.1956942e+000	 -1.2431729e+000	  2.7271579e-001	 -1.5913935e+000	 -2.6462955e-001	  4.9122977e-001	 -7.1000222e-002	 -5.3296891e-001	  2.2331418e-001	 -1.0366321e+000	
  2.0608432e+000	  7.7468018e-003	 -1.2431729e+000	 -9.0361272e-001	 -1.6540715e+000	 -3.9433808e-001	  8.4787288e-001	  7.7465372e-001	  1.5496321e+000	 -7.0476832e-001	  1.4832301e-001	
  1.0590430e+000	  6.6824002e-001	 -4.7648201e-001	 -9.0361272e-001	 -1.4255844e+000	 -8.1664495e-001	 -5.1246583e-001	 -3.3921136e-001	  1.5278533e+000	  9.2768951e-001	  8.1291600e-001	
  7.5130040e-001	  1.9668369e+000	 -4.2487781e-001	 -9.0361272e-001	 -1.5731650e+000	  2.5708594e+000	  1.8515685e+000	 -3.6290545e-002	  1.5823004e+000	  8.7025118e-001	 -1.5710695e-001	
  1.8807810e+000	  2.3306679e+000	 -9.7151369e-001	 -3.6285275e-001	 -8.1878595e-001	 -9.6445235e-001	 -7.2135679e-001	  4.2440153e-001	  1.5550768e+000	 -3.2083842e-001	  1.0844093e+000	
  7.5130040e-001	  1.2951488e+000	  1.2264565e+000	 -5.7564531e-001	 -5.9092982e-001	  1.2104280e+000	 -1.9403448e-001	 -3.5183306e-001	  1.5224086e+000	  1.7590338e+000	  1.0759251e+000	
 -1.2064660e+000	  4.5553881e-001	 -1.2044235e-002	 -5.3847052e-002	  1.4948302e+000	 -4.7443160e-002	  3.4093018e-001	 -7.8412631e-001	  1.5087968e+000	  1.4869575e+000	  2.6710134e-001	
 -9.3354685e-002	  2.7224859e+000	  1.1343061e+000	  1.1084357e+000	  1.0180851e+000	  4.3820973e-001	  1.1892313e+000	  4.9697631e-001	  1.5550768e+000	  1.4869575e+000	  6.4888880e-001	
 -6.9574436e-001	  1.7007141e-001	 -8.2665334e-001	  1.0030929e+000	  1.6701042e+000	 -3.4004149e-001	  1.5968234e+000	 -1.0050061e+000	  1.5496321e+000	  4.8027514e-001	  1.2641407e-003	
 -4.4693123e-001	  9.7889573e-001	 -4.2856382e-001	 -3.5231846e-001	  1.0426234e+000	 -1.1182927e+000	 -4.5896937e-001	 -1.5448993e+000	  1.5823004e+000	  1.1750673e-001	  4.6513025e-002	
  1.9474472e-001	 -4.5124001e-001	  1.6119843e-001	 -3.4529561e-001	  2.1883584e-001	 -2.1938238e-001	 -1.3200077e+000	  1.1880144e+000	  1.5387427e+000	  1.7590338e+000	  2.4503600e+000	
 -5.0913451e-001	  1.3343306e+000	 -4.2119180e-001	  1.8458357e+000	  4.3267006e-001	 -5.0594775e-001	  3.6640468e-001	 -1.0523374e+000	  1.5441874e+000	 -9.4056778e-001	  1.2625768e+000	
  3.4861600e-001	  9.7889573e-001	 -8.0085124e-001	 -9.0361272e-001	 -8.5033527e-001	 -8.2267790e-001	  7.5361720e-001	 -1.0586483e+000	  1.5550768e+000	  6.2235943e-001	  7.2241824e-001	
 -7.0556593e-001	  5.5909072e-001	 -1.2431729e+000	  5.5007228e-002	 -1.2008832e+000	  8.3035182e-001	 -2.4243605e-001	 -1.3173932e+000	  1.5550768e+000	  1.6381110e+000	 -1.0620846e+000	
  5.7123827e-001	  1.2895514e+000	 -1.2431729e+000	 -4.7170703e-001	 -1.6369648e+000	  7.0365976e-001	  8.1985092e-001	  1.1785481e+000	  1.5496321e+000	  7.0095925e-001	  7.8180740e-001	
 -6.3681493e-001	  7.9698022e-001	 -2.0003095e-001	 -9.0361272e-001	 -9.2044485e-001	  6.0713248e-001	  1.2401803e+000	  1.3300086e+000	  7.4109289e-001	 -1.0161445e+000	 -8.6405573e-002	
  1.4911921e+000	  1.3483241e+000	 -1.6685683e-001	 -3.9094418e-001	 -8.0476404e-001	  2.3597060e+000	  4.2244860e-001	  1.3426303e+000	  1.0813872e+000	  1.6078803e+000	 -1.0733969e+000	
 -1.2064660e+000	 -1.1587514e+000	  7.6939074e-001	 -9.0361272e-001	  1.2418790e-001	  4.4424269e-001	 -2.5517330e-001	  1.3363194e+000	 -1.1672775e+000	  7.2816688e-001	  3.4911494e-001	
 -1.0686367e+000	 -1.1956942e+000	 -1.2431729e+000	  2.0951008e-001	 -1.2569708e+000	  2.0594096e-001	  9.8543522e-001	  1.3426303e+000	 -4.2951945e-001	 -1.9991562e-001	  9.5149071e-001	
  8.1677754e-001	  8.5575293e-001	 -2.1846102e-001	  1.7966757e+000	 -1.5083137e+000	  2.3597060e+000	 -5.6341485e-001	  1.3110760e+000	  3.5996329e-001	  1.7796813e-001	  4.0567604e-001	
  8.6707446e-002	 -4.9601921e-001	 -9.8920656e-001	 -1.3460990e-001	  5.2381251e-001	  8.3336830e-001	  1.0873333e+000	  1.3300086e+000	  8.4454235e-001	 -4.9315342e-001	 -5.9262747e-001	
 -3.4544167e-001	 -4.7362961e-001	 -1.0599780e+000	  2.0565214e+000	  4.3968102e-001	 -6.4470572e-001	  1.6222979e+000	  1.2795217e+000	  3.0558427e-002	 -4.4478430e-001	 -4.9640854e-002	
 -3.8800181e-001	 -1.1956942e+000	 -1.2431729e+000	 -4.2254703e-001	 -1.4178723e+000	  3.5676484e-001	  5.8039055e-001	  1.3552520e+000	 -1.1672775e+000	 -8.9522173e-001	 -7.8210717e-001	
  1.2489267e+000	  4.6393491e-001	 -1.2431729e+000	 -9.0361272e-001	 -8.6140837e-002	  8.0320352e-001	  2.1192243e-003	  1.3868062e+000	 -1.1672775e+000	 -1.6570354e+000	  4.5092493e-001	
  2.7331729e-001	  1.8941602e-002	 -1.1893864e-001	  1.3928151e-001	  5.4078324e-002	  4.5630860e-001	  2.1572626e+000	  1.3394748e+000	 -2.7434525e-001	  7.5183752e-002	  1.4039796e+000	
  1.7923869e+000	  2.2467069e+000	 -8.4139740e-001	  5.7821006e-001	  4.8875772e-001	  6.0411600e-001	 -4.5642191e-001	  1.3426303e+000	 -1.0017583e+000	 -1.1884595e+000	  1.0590219e-001	
  7.6885875e-002	 -9.1022682e-001	  1.2375145e+000	 -3.5934132e-001	 -2.5089835e-001	  7.0199467e-002	  5.3708389e-001	  1.3520965e+000	 -5.1112201e-002	  8.1229892e-002	 -4.3425637e-001	
 -1.2064660e+000	 -1.1956942e+000	  9.6843550e-001	 -9.0361272e-001	 -8.2579691e-001	  3.8369595e-003	 -3.8254584e-001	  1.3868062e+000	  7.6838449e-002	  1.8799566e+000	  3.5477105e-001	
 -1.2064660e+000	  5.9267512e-001	 -7.3818900e-001	  2.8185014e+000	  1.3581165e+000	 -8.9673846e-002	  4.5047056e-001	  1.3426303e+000	 -7.5613390e-002	  1.2959901e-001	  3.4628688e-001	
