 -2.1590903e-001	  3.8958431e-001	 -1.2688317e+000	 -8.7544665e-001	 -1.1064430e+000	 -9.1660857e-002	  3.0176646e-002	 -1.5366058e+000	 -7.9236650e-001	 -1.4911906e+000	 -4.6776841e-001	
  5.3916066e-001	  9.1219199e-002	 -1.2688317e+000	  1.8726252e-001	 -1.1807235e+000	 -1.0537720e+000	 -2.7931647e-001	 -5.9054049e-001	 -5.9581343e-001	  1.1250235e+000	 -1.2045536e+000	
 -6.5986205e-001	  6.4796234e-001	  1.0551874e+000	 -1.0155375e+000	  1.7401167e-001	  1.0450801e+000	  1.2067841e+000	 -1.3815857e+000	 -3.1801842e-001	 -6.3827457e-001	 -1.3340922e+000	
 -2.2989181e-001	  3.6497688e-001	 -4.4139453e-001	  1.2131802e+000	 -5.9355370e-001	 -2.4981612e-001	  5.6857087e-002	 -1.4444796e+000	  1.3513724e+000	  2.2371504e-001	 -1.1799576e+000	
  5.2517789e-001	  1.8321950e+000	 -1.2688317e+000	 -1.0155375e+000	 -1.2090209e+000	  1.8556258e+000	  1.1534232e+000	  6.2009234e-001	 -1.0588925e+000	  1.0524349e+000	  4.4228154e-001	
  5.0420373e-001	  2.0013711e+000	 -9.6029474e-002	  3.1108016e-001	  1.6340016e-001	  1.2580262e-001	  5.5311329e-001	  2.3032762e-001	 -1.0937479e+000	 -5.2031810e-001	 -8.3397469e-001	
  8.1532041e-001	 -1.0548719e+000	  6.6665170e-001	 -1.0155375e+000	 -2.6813428e-001	 -3.5195805e-001	  2.9164497e-001	 -5.9043154e-002	 -1.1395623e-002	  7.5300690e-001	  2.5917840e-001	
 -8.3072698e-002	  8.1713843e-001	  1.1897107e-002	 -2.2664219e-001	 -6.4661121e-001	  2.1521669e+000	  1.0488188e-001	  1.2962751e+000	  5.5991865e-001	 -2.6020895e-001	  2.2186553e+000	
  5.7411759e-001	 -8.4108752e-002	  1.7243322e+000	 -1.0155375e+000	  1.7798858e+000	  1.2580262e-001	  6.8918353e-001	 -7.2932035e-001	 -1.1395623e-002	 -3.1243343e-003	 -9.6788595e-001	
 -1.4708628e+000	  8.4174587e-001	  3.3567685e-001	  1.5492566e+000	  1.4839125e-002	 -1.2827676e+000	 -4.9809608e-001	 -1.0895574e+000	  9.9495612e-001	 -1.1805628e-001	  1.5900923e+000	
  8.9572135e-001	  7.9560693e-001	 -7.2560120e-001	  7.4974839e-001	 -7.3857757e-001	 -6.1555015e-001	 -6.9553134e-001	  5.6114603e-002	 -2.4988002e-001	 -5.3846525e-001	  9.5333062e-001	
  5.0420373e-001	  1.8042114e-001	  2.6287318e-002	 -5.9809512e-001	  1.3306655e+000	  1.5755592e+000	 -1.5402341e+000	 -2.4506722e-001	 -4.0450177e-001	 -5.0822000e-001	 -6.9733056e-001	
 -1.4708628e+000	  3.7728059e-001	 -2.8310222e-001	  1.8287307e+000	 -5.3342185e-001	  1.5854439e+000	  7.7989703e-001	 -4.6652445e-001	 -5.4339928e-001	 -4.2958235e-001	 -1.3340922e+000	
 -7.3327160e-001	 -3.7939793e-001	 -1.5718787e-001	  4.4551075e-001	 -1.4877497e+000	 -1.1559140e+000	 -7.6223245e-001	 -1.5431018e+000	 -4.9622654e-001	 -1.1796645e+000	 -1.3340922e+000	
  6.6850130e-001	 -7.8849648e-001	 -1.4999277e-001	 -3.5399748e-001	  1.8895379e+000	 -1.1756834e+000	  3.6101411e-001	 -6.1711536e-001	 -8.3587025e-001	 -8.8023657e-001	 -4.6776841e-001	
  2.6649661e-001	  7.5839554e-002	 -2.4078420e-002	 -2.3371748e-001	  9.2656812e-002	  1.2724282e+000	  3.5512734e-002	  1.2578891e+000	 -1.0937479e+000	 -1.2979235e+000	 -1.0665430e+000	
  4.9371665e-001	  5.1877332e-001	 -3.6224838e-001	  6.6484486e-001	  4.4637357e-001	 -1.9050789e-001	 -1.6173406e+000	  1.1840701e+000	 -1.0844182e+000	 -5.2636715e-001	  1.5627635e+000	
 -1.3900379e-001	  1.5581371e-001	 -9.8282622e-001	  1.2237931e+000	 -3.4595197e-001	  4.6188255e-001	 -1.6348429e+000	 -1.3904440e+000	 -4.0974319e-001	 -1.4911906e+000	  1.0067120e-001	
  2.3044856e+000	  1.3831094e+000	  6.1628596e-001	  3.3938134e-001	  1.5039867e+000	 -1.5878129e-002	 -1.6303339e+000	  4.8721800e-001	  2.4442074e+000	  2.8943706e+000	 -8.6950217e-001	
 -4.1124382e-002	 -2.0406998e-001	  1.7135395e+000	  7.3913545e-001	 -1.4474260e+000	  9.9443414e-002	 -1.6480231e+000	  3.7206024e-001	  3.2929637e-001	  6.1690328e-001	 -2.5460355e-001	
 -1.4708628e+000	 -3.8554979e-001	 -1.2688317e+000	 -6.2285865e-001	 -7.1381740e-001	 -1.5710715e+000	 -1.6480231e+000	 -1.5286333e+000	 -1.0937479e+000	 -1.1342967e+000	 -1.3340922e+000	
  9.1711954e-002	  1.2047055e+000	  6.6665170e-001	  6.9668369e-001	  4.0746473e-001	  5.7720409e-001	 -1.6480231e+000	  5.1674563e-001	  5.7302218e-001	  1.1008273e+000	  1.0380500e+000	
 -1.4708628e+000	 -9.4260053e-001	 -1.0914723e+000	  5.8701663e-001	 -9.6495630e-001	 -5.4306232e-001	 -1.6480231e+000	 -1.1219289e-001	 -6.6919324e-001	  6.0178066e-001	  1.6352750e-001	
 -1.4708628e+000	 -3.0557564e-001	 -3.1188264e-001	 -2.1956689e-001	 -9.0128728e-001	 -1.5710715e+000	 -1.6480231e+000	 -1.6012713e+000	  6.4116058e-001	 -3.6394109e-002	 -7.0279632e-001	
 -4.6410324e-001	  1.0263016e+000	 -2.4352914e-001	  2.2744743e+000	  1.0759894e+000	  1.8885748e+000	 -1.6122713e+000	  1.3051334e+000	  8.6654144e-001	  3.6889223e-001	  1.1063720e+000	
  1.1404199e+000	 -9.4444608e-001	  1.1918944e+000	 -4.8842807e-001	 -1.3586430e+000	  5.3766528e-001	 -1.6480231e+000	  1.2342670e+000	  7.5385101e-001	  5.6246183e-001	  2.1366688e+000	
  4.2030710e-001	  1.1524147e+000	  1.6595762e+000	  1.2358487e-001	  1.1644186e+000	 -6.2543486e-001	 -1.6031999e+000	  8.8879377e-001	  8.7440356e-001	  9.1330673e-001	  1.5627635e+000	
 -1.1688350e+000	 -1.6100698e-001	  2.0193315e+000	 -8.2627336e-001	  8.8851952e-001	 -6.5838387e-001	 -1.6480231e+000	 -1.5717436e+000	 -4.0223407e-002	 -2.0576751e-001	 -1.3340922e+000	
 -8.8358640e-001	 -1.1486804e-001	 -1.2688317e+000	  1.2004722e-001	 -9.3665896e-001	 -1.3377925e+000	 -1.6259050e+000	  1.1929284e+000	 -3.4422550e-001	  8.9515958e-001	 -3.2019274e-001	
 -1.4708628e+000	 -7.2082605e-001	 -1.2688317e+000	 -1.0155375e+000	 -1.4679415e+000	 -8.2642383e-001	 -1.5983975e+000	  2.6576078e-001	  8.8191268e-002	  4.8382418e-001	  7.2376847e-001	
  8.9572135e-001	 -5.0273534e-002	 -1.2688317e+000	  4.5612369e-001	  6.6567796e-001	  1.7193124e-001	  3.1565736e-001	  1.1516986e-001	 -1.0937479e+000	 -6.9663883e-002	 -3.1783426e-003	
  1.4235710e+000	 -9.5767258e-001	 -1.5359032e-001	  1.4961919e+000	 -5.7586786e-001	 -1.1690936e+000	 -4.5807542e-001	  4.8131247e-001	 -1.0937479e+000	  4.6265251e-001	  1.3619868e-001	
  1.0600189e+000	  2.0810450e-001	  6.0909086e-001	  1.9525484e+000	  1.8117203e+000	  6.7275623e-001	  2.0359951e-001	  4.8131247e-001	 -1.0937479e+000	 -6.0198027e-001	 -2.5187067e-001	
 -2.5086596e-001	 -6.6238340e-001	  1.1775042e+000	 -3.0093277e-001	 -1.6909359e-001	  2.8395788e-001	  5.5311329e-001	 -8.7105298e-001	 -1.0809326e+000	 -2.8742968e-001	 -1.3340922e+000	
 -1.4708628e+000	 -1.1360765e+000	 -7.2200365e-001	  1.9383978e+000	 -8.6237844e-001	 -9.7139948e-001	  3.3966976e-001	 -1.2844398e+000	 -1.0875892e+000	 -1.4911906e+000	 -1.3340922e+000	
 -1.4708628e+000	 -5.7933331e-001	 -1.6883315e-002	 -1.0155375e+000	 -1.5202916e+000	 -4.2115098e-001	 -9.8101206e-001	 -1.3021564e+000	 -1.0885589e+000	 -1.4911906e+000	 -1.3340922e+000	
  4.6267944e-002	  3.1268608e-001	  1.6307958e+000	  2.3678957e-001	  1.1007496e+000	 -7.2428189e-001	  5.9313395e-001	 -1.2814870e+000	 -1.0937479e+000	 -1.4911906e+000	 -1.3340922e+000	
  7.0737795e-002	 -3.3633493e-001	 -3.8468631e-002	  2.1556369e-001	 -4.5292724e-002	  4.1575393e-001	  1.3401863e+000	 -5.8758773e-001	 -1.0612511e+000	 -3.3582208e-001	 -3.0507170e-002	
 -5.9693957e-001	  4.8156193e-002	 -1.2688317e+000	 -6.1224571e-001	 -1.2695064e+000	 -2.1357220e-001	 -1.4708650e+000	  5.2265116e-001	 -1.0937479e+000	  3.9006391e-001	  7.0190540e-001	
 -4.0467646e-001	 -1.1360765e+000	 -1.0644907e+000	 -1.0155375e+000	 -1.5932280e+000	 -3.4866315e-001	  3.8235846e-001	 -4.9605208e-001	 -1.0892665e+000	 -3.0345059e-002	  1.1746941e+000	
  4.2030710e-001	 -1.0314949e+000	 -1.2688317e+000	 -9.1188442e-001	 -8.4822977e-001	  6.0356330e-001	  1.3135058e+000	  4.5769037e-001	 -1.0869078e+000	  1.8439621e-001	 -4.1857652e-001	
  6.8597977e-001	 -1.1360765e+000	 -1.5359032e-001	  1.1318143e+000	  1.1821044e+000	 -1.5710715e+000	 -2.2061950e-001	 -5.6396563e-001	 -1.0937479e+000	 -1.2667709e+000	 -1.3340922e+000	
 -1.4708628e+000	 -1.1360765e+000	  5.8390799e-001	  2.1188178e+000	  1.2917566e+000	 -5.6283173e-001	 -6.5817873e-001	 -1.5806019e+000	 -1.0937479e+000	  3.0537721e-001	 -3.3240053e-002	
 -1.4708628e+000	 -1.1360765e+000	 -1.3560255e-001	 -1.5588925e-001	 -1.0816828e+000	 -1.4636577e+000	 -7.6490049e-001	 -1.1368016e+000	 -1.0937479e+000	 -1.4911906e+000	 -1.0526053e+000	
  9.9709645e-001	 -1.1360765e+000	 -1.2688317e+000	 -1.0155375e+000	 -1.5848209e-001	 -1.5710715e+000	 -9.5221426e-002	 -1.6139977e+000	 -1.0937479e+000	 -1.4911906e+000	 -1.3340922e+000	
 -1.4708628e+000	 -1.1360765e+000	  1.1163458e+000	 -9.5327489e-001	 -1.0896174e-001	  6.9789303e-002	  3.7168629e-001	  4.3111550e-001	 -1.0937479e+000	  1.2550780e+000	  4.5048019e-001	
  1.7211289e-001	  3.6190095e-001	  1.2494552e+000	 -1.0043231e+000	  6.1262045e-001	  4.5529275e-001	  1.4469081e+000	  1.7717789e-001	 -9.1868461e-001	 -6.8969150e-001	 -7.9571434e-001	
 -7.1579314e-001	  3.3729352e-001	  2.2775027e-001	 -9.9834451e-001	 -8.4469260e-001	  4.5199784e-001	  3.0176646e-002	 -8.6810021e-001	 -1.0937479e+000	 -1.4911906e+000	 -4.8963147e-001	
  3.0145354e-001	  1.1862499e+000	 -7.7236938e-001	 -9.6353406e-001	 -1.4955314e+000	 -2.2016200e-001	  4.6773587e-001	 -4.1042195e-001	  1.4584684e-001	  1.0282387e+000	 -7.1500411e-002	
  1.8640283e+000	 -4.0400536e-001	 -1.2688317e+000	 -1.0155375e+000	 -1.2373182e+000	  9.7259224e-001	  1.3401863e+000	  1.0984399e+000	 -9.0016853e-002	  7.5603143e-001	 -8.1757740e-001	
  1.0460362e+000	  5.2184925e-001	  8.5372444e-001	 -9.6494912e-001	 -1.3887090e+000	  7.4853895e-001	  3.0498519e-001	  6.0237576e-001	  7.8792021e-001	  1.4425986e+000	  9.6699503e-001	
 -1.0583711e+000	  8.4482179e-001	 -1.1761479e-001	 -9.7308571e-001	  9.1327969e-001	  4.3552334e-001	  2.8097279e-001	 -1.3228257e+000	  7.9578233e-001	 -6.9876507e-001	 -5.9074813e-001	
 -4.5012047e-001	 -1.1360765e+000	  5.8665292e-002	 -1.0155375e+000	  2.8012669e-001	 -1.5710715e+000	 -8.4549250e-002	 -1.4049125e+000	 -9.5878144e-001	 -1.4911906e+000	 -8.7770082e-001	
  1.6861720e-001	  1.9706118e+000	 -1.2688317e+000	 -9.8808533e-001	  7.8947883e-001	  1.2954926e+000	  9.5865599e-001	  2.3918591e-001	 -3.7305328e-001	 -1.3308908e+000	  1.1009063e+000	
  2.8397507e-001	  1.5615132e+000	  5.7311533e-001	 -1.0155375e+000	  3.5440721e-001	 -1.5710715e+000	 -1.2905052e+000	 -1.1574710e+000	 -1.0937479e+000	  1.4205286e-001	 -5.5103115e-002	
  1.1089586e+000	  1.0201497e+000	 -1.2688317e+000	 -9.8914663e-001	 -1.3372191e-001	  3.6840291e-002	 -1.1923382e-001	  9.8032942e-001	 -3.6781186e-001	  3.0840174e-001	  1.1036392e+000	
 -1.0548754e+000	 -1.1360765e+000	  1.7711004e+000	 -1.0087098e+000	  6.7275230e-001	 -5.4965213e-001	  7.5588464e-001	 -3.5136669e-001	  1.9301957e-001	  3.5074508e-001	 -8.2031028e-001	
 -1.4708628e+000	 -3.2710714e-001	 -3.2987040e-001	 -1.0155375e+000	  2.9781253e-001	 -5.9934253e-003	  5.2910089e-001	  1.0305264e+000	 -1.0826623e+000	 -5.7475955e-001	  6.8004234e-001	
 -4.7808601e-001	 -1.1360765e+000	  7.8177339e-001	 -1.0845718e-002	  8.2838767e-001	 -4.4751019e-001	  1.4168381e-002	  7.1162799e-001	 -1.2146534e-001	 -1.9366941e-001	  2.6883367e-002	
  9.8311368e-001	 -1.1195280e+000	  3.0122561e+000	  2.0020754e+000	 -2.8582012e-001	  2.9713749e-001	  9.7199621e-001	 -4.8128826e-001	  1.5033734e+000	  1.2550780e+000	 -4.0217922e-001	
 -3.8370230e-001	 -1.1278330e+000	 -1.2688317e+000	 -1.0155375e+000	 -1.1595005e+000	 -1.2349916e+000	 -7.9958506e-001	  4.5769037e-001	 -1.0937479e+000	 -2.8742968e-001	 -1.2999312e+000	
  1.2872390e+000	 -1.1360765e+000	  1.7738453e-001	  6.3654369e-001	  4.3929924e-001	 -9.5821988e-001	  1.5002689e+000	  8.7402995e-001	  8.0888587e-001	  1.3851326e+000	  3.8215812e-001	
  3.5388893e-001	 -1.0865540e+000	  3.8604259e-001	  1.5188605e-001	 -1.4433342e-001	  1.6612266e+000	  6.7584331e-001	  1.0631157e-001	  1.5164769e+000	 -1.4527701e-001	  4.3954866e-001	
 -1.4708628e+000	 -1.1360765e+000	  9.8238372e-002	 -1.0155375e+000	 -1.3968445e+000	  3.2679160e-001	  3.2366149e-001	 -1.4855230e+000	 -3.1801842e-001	 -9.7097232e-001	 -1.3340922e+000	
  1.1823682e+000	 -1.1264180e+000	  2.9970132e-001	 -2.3371748e-001	  1.1750301e+000	 -6.1225525e-001	  9.0796315e-001	  8.6812443e-001	 -1.1360322e-001	 -6.5944625e-001	  1.7540653e+000	
  6.1956160e-001	 -1.1360765e+000	 -1.2688317e+000	 -8.8673953e-002	 -1.1382775e+000	 -9.8787399e-001	  4.8908023e-001	  1.0926434e-001	  5.4943581e-001	 -5.2636715e-001	 -8.4217334e-001	
 -2.4037888e-001	 -1.1344985e+000	  1.6955518e+000	  1.7579778e+000	 -1.3540447e+000	  3.1361199e-001	 -5.1677239e-001	 -1.1219289e-001	  1.6055810e+000	  2.5314276e+000	  6.6091216e-001	
  1.1613940e+000	 -1.1360765e+000	  3.2128664e-001	  1.9560860e+000	  2.8987796e-002	 -1.1163751e+000	 -3.7269801e-001	 -2.1258683e-001	  4.4722822e-001	  2.9630364e-001	  1.4261193e+000	
 -3.4524968e-001	 -1.1360765e+000	  6.1628596e-001	  1.6957428e-001	 -1.6995383e-002	  3.0372729e-001	  1.2601450e+000	  5.7875365e-001	 -2.9740577e-002	 -1.6342416e-001	  3.1110317e-001	
 -6.0393096e-001	 -1.1360765e+000	 -7.3999141e-001	 -8.6801759e-001	  1.6560849e+000	 -1.6744359e-001	  5.9580199e-001	 -1.1368016e+000	 -9.4987103e-001	 -1.0012176e+000	 -1.3340922e+000	
 -1.4651649e+000	 -1.1360306e+000	 -2.3633403e-001	  9.8323310e-001	  8.6022218e-001	 -1.5710715e+000	  6.4382678e-001	 -1.4223338e+000	  8.8191268e-002	 -1.1494193e+000	 -5.0329588e-001	
  5.6013482e-001	 -1.1124226e+000	  1.1667115e+000	 -1.0155375e+000	  1.1785673e+000	 -2.5762833e-002	 -4.1005063e-001	 -7.5294246e-001	 -7.4292607e-002	 -3.9418634e-002	 -5.8801525e-001	
  1.3187002e+000	 -4.7475173e-001	  1.5579922e-001	  6.1178016e-001	  9.0974253e-001	  2.6748338e-001	  7.1586397e-001	 -4.3109129e-001	 -1.0570580e+000	 -1.0405364e+000	 -1.3340922e+000	
  1.2802476e+000	  1.0632128e+000	 -7.5797917e-001	 -1.0155375e+000	 -1.3618265e+000	 -1.2131497e-001	 -3.0599691e-001	  6.1713957e-001	  1.5531668e+000	  2.8420554e-001	  1.0817761e+000	
 -1.4708628e+000	 -2.7481635e-001	  2.4933559e-001	 -4.2684542e-002	  1.4686150e+000	 -1.5710715e+000	 -6.4483851e-001	 -1.3609164e+000	  1.5531668e+000	  1.0403368e+000	  4.5867884e-001	
 -6.0043527e-001	  8.5404958e-001	 -7.7596694e-001	 -1.0155375e+000	  9.2389120e-001	  1.8885748e+000	  5.4244111e-001	  9.9804600e-001	  1.4955113e+000	  1.2641516e+000	  7.2650135e-001	
  1.6927394e+000	  2.0936490e+000	 -2.9389487e-001	  8.2403898e-001	  1.5181354e+000	  8.2102678e-001	  2.1939604e+000	  1.0836761e+000	  1.5190976e+000	  5.7758446e-001	  1.9632210e-001	
 -3.3476260e-001	 -1.0586702e-003	 -7.0846606e-002	 -3.3984689e-001	  1.9523467e-001	  1.0481081e-002	 -3.6469388e-001	  2.2146933e-001	  1.4824077e+000	  1.3881571e+000	  6.7730946e-001	
 -1.3383761e+000	  2.2348414e-001	  5.4793246e-001	 -3.2923395e-001	  8.7083368e-001	  2.1476496e-001	  7.0252375e-001	 -2.0963407e-001	  1.4850284e+000	 -9.1048182e-001	  4.6013547e-002	
  1.2837433e+000	 -8.4663154e-001	  6.6665170e-001	  3.3938134e-001	  1.0264691e+000	  5.8708879e-001	  1.7158298e-001	  1.0216681e+000	  1.5059941e+000	 -8.2579512e-001	  6.3358334e-001	
  1.3187002e+000	  4.8493811e-001	  6.2262845e-002	  6.8607075e-001	 -5.3342185e-001	 -8.8365956e-002	  8.8322931e-003	 -4.7833550e-001	  1.4771663e+000	 -6.5037267e-001	  4.8600767e-001	
 -7.8221130e-001	 -8.1617984e-001	  5.5512757e-001	 -3.9998689e-001	  2.1645768e-001	 -1.2119273e+000	 -1.3652104e+000	 -8.2085601e-001	  1.4928906e+000	 -2.1484108e-001	  2.9743876e-001	
  7.4540655e-001	  1.9337006e+000	  1.8538441e+000	  5.5517781e-001	  7.7647903e-003	  6.5628172e-001	 -1.5658644e-001	 -1.9782301e-001	  1.5531668e+000	  1.9870131e+000	  2.5644552e-001	
 -8.5911655e-001	 -1.6715883e-001	 -9.2431922e-002	 -1.0155375e+000	 -4.4145549e-001	 -2.6629062e-001	  8.0869483e-002	 -6.3778470e-001	  1.4981320e+000	 -6.3827457e-001	 -1.1397843e+000	
 -1.4708628e+000	  1.0632128e+000	 -6.0053947e-002	  1.4678907e+000	  2.4475502e-001	  7.5842366e-001	 -1.7526275e-001	 -1.5581609e+000	  1.5531668e+000	  1.5022815e-002	 -3.1745986e-001	
 -1.1468121e+000	  2.1859268e+000	 -1.0472224e+000	 -1.0155375e+000	 -1.0604598e+000	  2.6134530e+000	  1.6336711e+000	 -2.3030341e-001	  1.5531668e+000	 -1.4911906e+000	  7.9482342e-001	
  6.8248408e-001	  1.2077814e+000	 -1.2688317e+000	 -5.3087983e-001	 -2.7520862e-001	  2.7736808e-001	  2.1960778e-001	  1.2962751e+000	  1.0552324e+000	  9.3447840e-001	  2.7284281e-001	
  4.6575111e-001	  1.9029414e+000	 -2.3993158e-001	 -4.4951395e-001	  4.2276227e-003	 -8.3630853e-001	  6.7529263e-002	  1.3139916e+000	  3.6860699e-001	  3.9913748e-001	  9.9159097e-001	
 -1.2583247e+000	 -1.1360765e+000	 -1.0929113e+000	 -1.0155375e+000	 -2.5752278e-001	  2.9713749e-001	  9.6399207e-001	  1.3021806e+000	 -2.7119869e-002	 -2.7320534e-002	  8.2761801e-001	
  1.3606485e+000	  6.9687696e-002	 -1.2688317e+000	 -1.0155375e+000	 -7.0674306e-001	  2.7736808e-001	  1.5002689e+000	  1.3287555e+000	 -1.9222445e-001	  2.1079941e+000	  1.2976738e+000	
 -2.7184012e-001	  9.6478302e-001	 -9.1914953e-001	 -9.1789842e-001	 -9.0836161e-001	  1.1538118e+000	 -1.5391840e-001	  1.3582831e+000	 -1.0261336e+000	 -1.3922796e-001	  7.3342374e-002	
 -1.8444780e-001	  2.3704826e+000	  9.1488284e-001	  5.9762957e-001	  1.8506291e+000	  4.4211314e-001	  1.9826342e-001	  1.2874168e+000	  8.0329145e-002	 -3.0557683e-001	 -4.0217922e-001	
  1.8500455e+000	  5.6798819e-001	 -3.1548019e-001	  1.2344060e+000	  1.5747300e+000	 -2.7288042e-001	  1.2067841e+000	  1.3287555e+000	 -5.5388211e-001	 -1.3847273e+000	  1.3550644e+000	
 -2.9630997e-001	 -9.4782960e-001	 -1.3560255e-001	 -4.9759836e-002	 -8.0664399e-002	  9.4293813e-001	  8.4926618e-001	  1.2874168e+000	  1.3697173e+000	  5.7758446e-001	 -1.2373482e+000	
 -1.5298656e-001	 -3.1172750e-001	  2.9610377e-001	  1.5563319e+000	  7.0458680e-001	  3.5644571e-001	  2.1405995e+000	  1.3287555e+000	 -9.4856068e-001	  3.2049984e-001	  3.3843200e-001	
 -2.0192626e-001	  9.6170709e-001	 -6.9322322e-001	 -1.0155375e+000	 -1.1701120e+000	 -9.0220656e-001	  3.9303064e-001	  1.3582831e+000	 -1.0937479e+000	  9.3145387e-001	 -1.2040070e+000	
  1.9688991e+000	  9.9246638e-001	 -1.2688317e+000	  9.3370604e-001	 -8.9067578e-001	  5.9637712e-004	 -6.7151895e-001	  1.3228499e+000	 -3.1015630e-001	  2.1684846e+000	  2.8745472e+000	
  8.9222566e-001	 -7.9772427e-001	 -8.9108862e-001	 -7.2509665e-001	  8.8498235e-001	 -4.7386940e-001	  1.5269494e+000	  1.2962751e+000	 -2.3153507e-001	  1.2581026e+000	  1.0599130e+000	
  5.6755023e-002	  1.9580078e-001	  1.6343934e+000	  1.6518484e+000	  1.0795266e+000	  2.6464021e+000	  1.0733819e+000	  1.3287555e+000	  1.8414447e+000	  3.5074508e-001	  1.3523315e+000	
  8.0483333e-001	  8.6327737e-001	  2.5445742e+000	  1.8817954e+000	  1.8647778e+000	  2.0862689e+000	 -1.6480231e+000	  1.3582831e+000	  3.4239991e-001	  1.0584839e+000	  6.8277522e-001	
