  3.0704257e-001	 -6.7887045e-001	  1.3953034e+000	  9.6485254e-002	  2.3931269e-001	 -1.0937063e-001	  1.6572347e+000	 -1.6099534e-002	  8.3222745e-001	  7.5761141e-001	  3.2473259e+000	
  1.0705415e-001	 -5.0551491e-002	  2.6095445e-001	 -3.9114731e-002	 -4.7661526e-002	 -6.3543118e-001	 -2.0196808e-001	  5.7689641e-001	 -1.2721988e+000	  1.1083038e+000	 -4.4131513e-001	
 -4.8946304e-001	  4.6218049e-001	 -1.2158668e+000	 -5.9507467e-001	  1.4556920e+000	  7.8698952e-001	  8.4519697e-001	  1.3367779e-001	 -3.1925107e-001	  1.7775150e+000	  3.9279588e-002	
  9.7252127e-001	  1.0875357e+000	 -6.0967645e-001	  1.4050251e+000	 -9.2488953e-001	  5.9008418e-001	 -3.0619979e-001	  4.6074256e-001	  1.3075203e-001	  5.0665722e-001	 -4.9029294e-001	
 -1.2307994e+000	 -1.0093556e-001	 -8.7339452e-001	  5.3718521e-001	  4.4802121e-001	  4.9329198e-002	  1.1966760e+000	 -1.3243586e+000	 -7.5601879e-001	 -3.3307413e-001	 -1.4667879e+000	
 -1.2307994e+000	  1.7869851e+000	 -1.0752833e-001	 -1.0454022e+000	 -1.2509966e+000	 -1.6814835e-001	  7.7490117e-001	 -5.1128171e-001	  1.1633560e-002	  1.3987801e-001	 -1.4021985e+000	
 -1.2307994e+000	  1.3602024e+000	  6.7278816e-001	  1.0863651e+000	 -4.0964037e-001	  9.0748384e-001	 -5.5102310e-001	 -1.5688930e+000	  1.3748783e+000	 -1.4388813e+000	 -1.7805942e-001	
  4.8436850e-002	 -5.2475448e-001	 -1.0746150e+000	 -1.0764546e+000	 -1.2673019e+000	  1.7891496e+000	  1.4148354e+000	  9.2230126e-001	 -1.2721988e+000	 -1.3047173e+000	 -9.9537656e-001	
 -1.1787335e+000	 -1.1293633e+000	 -2.8815715e-001	 -2.4251471e-001	 -6.0856568e-001	  3.2264557e-001	  9.3003673e-001	  7.6335390e-001	 -2.8748615e-001	  1.0568260e+000	  6.1782992e-001	
 -6.4462647e-001	  8.0301389e-001	 -2.2674335e-001	 -2.5268471e-001	  6.3214876e-002	  2.2879226e-002	 -4.0315952e-001	 -8.1694972e-001	  5.3310774e-001	  3.5865859e-001	 -1.5050941e-001	
  1.6621365e+000	  3.5548482e-001	  7.3781453e-001	 -1.0764546e+000	 -1.5921046e+000	  1.4658721e+000	 -1.1836853e+000	  9.6509478e-001	 -6.8454771e-001	  2.4926830e-001	  1.5086138e+000	
  1.2897443e+000	  1.8225503e+000	 -4.4711051e-001	 -2.1539471e-001	 -9.7380559e-001	  1.3189278e+000	 -2.6256791e-001	  5.2187617e-001	 -9.8896157e-001	 -1.7220606e-001	  5.6073465e-003	
 -1.2307994e+000	  6.2071719e-002	 -1.4188935e+000	 -2.1200471e-001	 -4.2920679e-001	 -2.7394824e-001	  1.3663555e+000	 -1.3121319e+000	 -1.6836768e-001	 -1.6650618e+000	  9.6373567e-001	
  2.4241614e+000	 -1.4242832e-001	 -6.0606387e-001	  2.7615524e-001	 -1.3357844e+000	 -1.6493468e+000	  1.9314281e-001	  4.0572232e-001	 -3.5101600e-001	 -2.7837899e-001	  9.4379619e-002	
 -1.2307994e+000	 -9.7971790e-002	 -1.0865365e+000	  5.2023521e-001	 -2.8571968e-001	 -6.3543118e-001	  7.0460537e-001	  7.9392070e-001	 -4.1307982e-002	 -3.6524775e-001	  1.0861802e+000	
 -7.5151683e-001	  3.7919497e-001	 -1.4188935e+000	  1.2021525e-001	 -1.5624288e+000	 -1.6493468e+000	 -1.2924829e-001	  6.1357657e-001	  4.2987174e-001	  1.0922170e+000	 -6.4798249e-002	
  1.2449193e+000	 -3.9138489e-001	  1.1315854e+000	  1.9745451e+000	  1.2991606e+000	 -3.0039821e-001	 -1.5424363e+000	  4.4240248e-001	  7.4752099e-001	  1.7131678e+000	  2.0534918e+000	
  6.5185019e-001	  6.2071719e-002	  8.6425470e-001	  1.3304451e+000	  1.3937317e+000	 -9.4485177e-003	 -1.5109244e+000	  9.1007454e-001	 -3.5101600e-001	 -8.2533044e-001	  1.2392358e+000	
 -6.3083416e-001	  2.7249930e-001	  2.5734188e-001	 -3.3743470e-001	 -2.3680362e-001	 -1.0909585e+000	 -1.5331524e+000	 -1.6229963e+000	 -1.7895599e-001	 -1.5933661e-001	 -1.3115895e+000	
  6.5185019e-001	  1.9825938e+000	  8.6064213e-001	 -4.4591469e-001	  5.3607012e-001	  1.8479273e+000	 -1.5389942e+000	  5.0353609e-001	  8.6663945e-001	  9.1204477e-001	  1.2300525e+000	
 -3.8946883e-001	  6.6075300e-001	 -1.9784274e-001	  4.1514522e-001	  1.2843629e-001	  1.9333460e-001	 -1.5424363e+000	  6.0134985e-001	  1.0360524e+000	  4.9700513e-001	  4.7089650e-001	
 -1.2307994e+000	 -1.3946455e-001	  6.9807619e-001	  3.3378523e-001	  1.4328645e+000	  8.8985053e-001	 -1.5424363e+000	 -1.0737109e+000	 -7.9837202e-001	 -3.2342205e-001	 -1.4667879e+000	
  1.3690500e+000	  1.2623980e+000	 -6.2051418e-001	  3.4734523e-001	  5.4259226e-001	  1.2895390e+000	 -1.5424363e+000	 -4.5014811e-001	 -1.2721988e+000	 -8.4141725e-001	 -1.0810877e+000	
  1.9345345e+000	 -8.0334874e-001	  9.3650623e-001	 -1.0764546e+000	  1.0121864e+000	 -4.0325921e-001	 -1.5236261e+000	 -4.2263799e-001	  3.2134158e-001	 -8.7037350e-001	 -6.4334858e-001	
 -5.9290532e-001	  6.8742691e-001	  6.5833785e-001	 -7.6404727e-002	  3.9584408e-001	  8.5164501e-001	 -1.5097124e+000	 -1.2002666e-001	 -5.4689970e-001	 -1.5489150e+000	 -5.0559850e-001	
  9.0355975e-001	  1.2327604e+000	  4.6325873e-001	  2.0186150e+000	 -1.4223257e-001	 -1.4463726e-001	 -1.5261228e+000	 -1.7199022e-001	  1.6131152e+000	  8.2839337e-001	  2.1147141e+000	
  1.1395030e-001	  2.4271591e+000	 -8.6616937e-001	 -1.0764546e+000	 -5.0095034e-001	 -7.3241442e-001	 -1.5424363e+000	 -1.0034072e+000	 -5.7337047e-001	 -1.6650618e+000	  3.1171863e-001	
  1.4498298e-001	  6.8742691e-001	  1.1388105e+000	 -1.0764546e+000	 -6.8357030e-001	  2.4623454e-001	 -1.5424363e+000	  1.2646494e+000	  5.1339716e-002	  8.8308851e-001	  1.2178080e+000	
  1.1725097e+000	 -2.3877573e-002	 -1.4188935e+000	  1.7914851e+000	  7.6259159e-002	  1.4631243e-001	 -1.5424363e+000	 -8.6585661e-001	 -3.8278092e-001	 -4.9946320e-002	  4.1579647e-001	
  3.2428295e-001	  3.2434032e-002	  1.7384982e+000	  3.0327523e-001	  8.4913290e-001	  1.6394574e-001	 -1.5005012e+000	 -1.7810358e-001	  5.8075513e-001	  2.2601192e+000	 -4.6886515e-001	
 -8.4116681e-001	 -3.3507329e-001	  1.2508004e+000	 -1.1994734e-002	  3.4366695e-001	  5.8714529e-001	  5.3734984e-001	  8.6422434e-001	 -1.2721988e+000	 -8.7680822e-001	 -8.2089312e-001	
  6.3116173e-001	 -8.5462194e-001	 -1.4188935e+000	 -1.0764546e+000	  1.7083021e-001	  2.5532599e+000	 -4.3709542e-001	 -7.4176456e-002	 -1.2721988e+000	 -6.3550611e-001	  1.0050185e-001	
 -1.2307994e+000	 -1.1293633e+000	  7.2697680e-001	 -1.0764546e+000	 -1.0585934e+000	 -1.6493468e+000	 -1.4660805e+000	 -1.6740428e+000	 -1.2584340e+000	  2.8465928e-001	 -1.2926106e+000	
  6.9125308e-002	 -5.5439217e-001	 -4.2543505e-001	 -5.9454729e-002	  5.7194190e-001	  1.3189278e+000	  7.6762919e-001	 -1.2693384e+000	 -1.2441398e+000	 -1.6650618e+000	 -1.2344495e+000	
 -3.4809191e-001	 -1.1039342e+000	  1.8870293e-001	  5.9142520e-001	  1.5209135e+000	 -1.1291640e+000	 -3.5225566e-001	 -1.2601683e+000	 -1.2669576e+000	 -5.9689777e-001	 -6.1579856e-001	
 -1.5499965e-001	 -7.2332699e-001	  1.9913785e+000	 -7.2728466e-001	  9.5674823e-001	 -1.1791251e+000	  8.3065301e-001	 -1.4848343e+000	 -1.2721988e+000	 -8.7037350e-001	 -8.5456537e-001	
  2.2084066e-001	  1.1349560e+000	  8.2451636e-001	  1.1609451e+000	  7.7412828e-001	  8.8985053e-001	  2.6586260e-001	  5.3104621e-001	 -1.2697026e+000	 -1.9794495e-001	 -8.6374870e-001	
 -1.2307994e+000	 -1.1293633e+000	  1.0195955e+000	  3.8855261e-002	 -4.6181750e-001	 -1.7402612e-001	 -9.2189406e-001	 -1.0370307e+000	 -1.2610811e+000	  4.0370165e-001	 -5.9743189e-001	
 -1.3431119e-001	 -1.5131963e-001	 -1.0504108e+000	 -1.0764546e+000	 -1.7166123e+000	 -1.1350418e+000	  8.0156509e-001	  5.5244297e-001	 -1.2721988e+000	  6.9969891e-001	 -1.0688433e+000	
  1.2138866e+000	 -1.1236136e+000	  8.1729121e-001	 -3.6794470e-001	 -3.3137467e-001	 -4.7379247e-001	  1.2451558e+000	 -1.3225338e-001	 -1.2721988e+000	 -1.4488551e+000	 -6.8620416e-001	
 -1.2044216e+000	 -1.1293633e+000	  3.9461978e-001	 -1.0764546e+000	 -6.6074281e-001	  2.2272346e-001	  6.9006141e-001	  1.1179288e+000	 -1.2721988e+000	  1.5072566e+000	 -5.3314852e-001	
  2.2428874e-001	  3.2881090e-001	 -1.0030318e-001	  2.4491450e+000	  8.2956648e-001	 -1.6520946e-001	  1.1481961e+000	  1.2463094e+000	 -1.2721988e+000	  1.0922170e+000	 -6.1737136e-002	
 -7.7565336e-001	 -1.1293633e+000	 -9.5648378e-001	  5.6091520e-001	 -3.1180825e-001	 -1.6493468e+000	 -1.2151972e+000	 -1.6401137e+000	 -1.2669311e+000	 -1.6650618e+000	 -5.4233185e-001	
 -4.6532650e-001	  6.2518777e-001	  1.0701716e+000	 -6.1541467e-001	  5.8498618e-001	 -9.1737319e-002	  3.9433424e-001	  1.2279693e+000	 -1.2721988e+000	  9.1617586e-002	 -9.5252098e-001	
  1.6222337e-001	  4.6218049e-001	  2.7355692e+000	 -1.0514364e+000	  7.2195115e-001	  2.9031783e-001	 -5.4617511e-001	  1.2157426e+000	 -2.8072596e-002	 -3.2985677e-001	 -2.8519837e-001	
 -1.2307994e+000	 -1.1293633e+000	 -1.2476574e+000	 -1.0764546e+000	 -1.6478689e+000	  6.1947304e-001	 -6.0677494e-001	 -6.7328576e-001	 -1.2721988e+000	 -1.6650618e+000	  3.8518534e-001	
  1.0897559e+000	  8.3561535e-001	  1.4494921e+000	 -1.0764546e+000	 -9.8358880e-001	  3.4615666e-001	  5.2038189e-001	  3.0179520e-001	 -3.1660400e-001	  3.5222387e-001	 -6.4947080e-001	
 -1.2307994e+000	 -1.0932053e+000	  2.6095445e-001	 -1.0279776e+000	  6.0129153e-001	  2.4329566e-001	 -1.0472620e-002	  8.7827590e-002	 -1.2721988e+000	 -1.2081965e+000	 -1.4667879e+000	
 -1.2307994e+000	  7.1113706e-001	  1.5980231e-001	 -1.0764546e+000	 -5.0747249e-001	  9.3412484e-002	  1.8269142e+000	 -1.4967554e+000	 -3.5631015e-001	  6.3213432e-001	 -1.3103651e+000	
 -1.0327850e-001	 -1.0780901e+000	 -1.4188935e+000	 -1.0740240e+000	  1.5778592e-001	 -2.1223164e-001	  1.0997163e+000	  4.1489236e-001	 -1.2721988e+000	  3.2970234e-001	  1.1886852e-001	
 -7.4117260e-001	 -1.3353701e-001	  7.5948999e-001	 -1.0422156e+000	  1.1915453e+000	 -9.4989196e-001	 -6.4071085e-001	  6.0440653e-001	  4.3781297e-001	 -8.1206204e-003	 -6.1737136e-002	
  5.3806367e-001	  6.3407908e-001	 -3.1705776e-001	 -1.0222146e+000	  7.3173436e-001	 -2.0341498e-001	 -2.0681607e-001	 -1.0779994e-001	 -8.1690156e-001	  2.8392443e+000	  5.6073465e-003	
 -1.2307994e+000	 -1.1293633e+000	 -1.2653591e+000	 -1.0764546e+000	 -1.6795013e+000	 -1.6493468e+000	 -1.4459614e+000	 -1.5759234e+000	 -1.1342861e+000	 -1.6650618e+000	 -5.2396518e-001	
 -9.7115928e-001	 -5.4550086e-001	 -1.4188935e+000	 -1.0289946e+000	 -9.3316515e-002	 -3.7974812e-001	 -1.1933813e+000	 -1.0706542e+000	 -1.2721988e+000	  1.2379120e-001	 -1.2944473e+000	
  1.1794058e+000	  1.4580068e+000	  5.3912283e-001	 -1.0384866e+000	  6.1433581e-001	  1.1455336e+000	  5.7855772e-001	  4.1183568e-001	  5.1457820e-001	  6.9096055e-002	  3.6987978e-001	
 -2.1706502e-001	 -4.8918926e-001	 -3.1705776e-001	 -1.0764546e+000	 -8.4336276e-001	 -1.6493468e+000	  1.3739096e-001	  2.1926483e-001	 -1.0085499e+000	 -1.6650618e+000	  1.0968518e-001	
  1.2897443e+000	  1.5558111e+000	 -6.9276570e-001	 -1.0524873e+000	  6.4368545e-001	 -2.0635386e-001	  8.1126107e-001	 -1.1562412e+000	 -6.2366494e-001	 -1.5817321e+000	 -1.0168043e+000	
 -2.3972750e-002	  4.7699934e-001	  1.2367655e-001	 -1.0764546e+000	  8.4261076e-001	 -8.0882544e-001	  3.5583250e-002	 -4.9294163e-001	  9.5664007e-001	 -5.5507207e-001	 -2.3622057e-001	
  6.7253864e-001	 -1.1293633e+000	  4.3797069e-001	  3.7446522e-001	 -8.6619026e-001	 -1.6493468e+000	 -9.1704607e-001	 -1.2723951e+000	  4.8546036e-001	 -1.7220606e-001	  9.9128569e-001	
 -1.2307994e+000	 -1.1060681e+000	  1.5723197e+000	 -1.0764546e+000	 -7.1944208e-001	 -3.9150367e-001	  2.4162267e-001	 -8.5362989e-001	  9.0105146e-001	  5.7422181e-001	 -1.0412933e+000	
  6.8633095e-001	 -1.0914271e+000	  1.3411148e+000	  1.4728251e+000	  1.0774078e+000	 -1.1791251e+000	  7.8217315e-001	  6.6248345e-001	  2.0366475e+000	 -4.6176859e-001	 -3.5254286e-001	
  3.1196469e-002	 -1.0727553e+000	 -1.4365410e-001	 -3.5099470e-001	  8.1000005e-001	  4.5195655e-001	  8.4762097e-001	  8.4894094e-001	 -8.5396064e-001	 -4.1350817e-001	  8.0149669e-001	
 -1.1152889e+000	 -1.1293633e+000	  1.3266645e+000	  1.5125263e-002	 -1.3064348e+000	 -4.7673135e-001	 -1.4069351e+000	 -1.2509983e+000	  4.7487205e-001	 -2.3977065e-001	 -9.6782654e-001	
  6.4150596e-001	 -1.1293633e+000	 -1.1836606e-001	  5.7447520e-001	  3.1431732e-001	 -1.2387403e-002	 -4.7103132e-001	  5.5855633e-001	  5.1457820e-001	  2.0422524e-001	 -1.9336499e-001	
  1.1035482e+000	 -1.1289513e+000	 -4.7239855e-001	 -1.7810472e-001	 -3.2485253e-001	 -1.5964468e+000	  3.0464649e-001	  1.0292851e+000	 -4.8336985e-001	 -3.4594358e-001	  2.1376302e-001	
  5.3116752e-001	 -1.1293633e+000	  7.7394029e-001	 -1.0167906e+000	  1.2632889e+000	 -1.6493468e+000	 -2.3590399e-001	 -2.8203070e-001	 -2.3454461e-001	  9.1204477e-001	  8.3823004e-001	
 -7.2048414e-001	 -1.1248584e+000	  9.1483077e-001	  2.9915449e+000	  1.4589531e+000	 -7.9413102e-001	  8.0398909e-001	  6.8999357e-001	  1.0545819e+000	 -1.9794495e-001	  3.3157362e-002	
  5.8633674e-001	 -1.1293633e+000	  2.8262991e-001	  1.1541651e+000	 -7.8792456e-001	 -1.6493468e+000	  5.3734984e-001	 -1.1745813e+000	  6.0722590e-001	 -1.3436474e+000	 -4.6580403e-001	
 -2.0327271e-001	 -1.1293633e+000	  4.8854676e-001	 -4.9284730e-002	  7.5456185e-001	 -1.5614741e+000	  3.7009431e-001	 -1.4588525e+000	  1.1684062e+000	 -1.2468048e+000	  1.4473915e+000	
 -1.2307994e+000	 -1.1216279e+000	  1.6481838e+000	  7.2024519e-001	  1.4915638e+000	 -3.4448149e-001	  2.1011076e-001	 -1.6936056e+000	  7.5016806e-001	  9.1526213e-001	 -1.4529517e+000	
  9.8976165e-001	 -1.1293633e+000	 -5.7355068e-001	 -1.0764546e+000	 -1.4466608e+000	  9.9290255e-002	 -1.4714133e+000	 -3.8728137e-003	 -2.1866215e-001	 -3.4594358e-001	  1.1443413e+000	
  1.4828366e+000	 -1.1293633e+000	 -5.9883872e-001	  1.9508151e+000	  8.5239397e-001	  1.7009830e+000	  1.3905954e+000	  7.2667373e-001	  4.9604866e-001	  5.7743917e-001	  3.0096249e-002	
 -3.8602075e-001	 -1.1575440e-001	  2.6095445e-001	  2.1948950e+000	  1.3676431e+000	  2.4329566e-001	  4.8886997e-001	  6.1968993e-001	  1.3722312e+000	 -1.9794495e-001	  1.6784633e-001	
 -9.9046851e-001	 -8.6173498e-001	  2.7179218e-001	  8.4906517e-001	  9.1761538e-001	  5.9302306e-001	  7.4096527e-001	  3.4153204e-001	  1.4278198e+000	  1.0310871e+000	  1.3111297e-001	
  1.3242250e+000	  7.6448490e-001	 -8.0836815e-001	  8.9652517e-001	 -1.1433813e+000	  7.0470072e-001	  1.0754763e+000	 -1.4160590e+000	  1.3484075e+000	 -8.1206204e-003	 -5.3314852e-001	
 -1.2307994e+000	  5.7183994e-001	 -1.4188935e+000	  2.9310523e-001	  1.4589531e+000	  4.1375103e-001	  7.4338926e-001	  4.9436605e-001	  1.3510546e+000	 -1.7542342e-001	  5.0150763e-001	
 -1.2307994e+000	  2.5753476e+000	 -1.1475349e-001	  7.0668519e-001	  1.3448156e+000	  1.6422053e+000	 -3.3043972e-001	 -8.9031005e-001	  1.3007601e+000	  1.0375219e+000	 -9.6982177e-003	
 -7.9978990e-001	 -9.4323862e-001	 -1.4188935e+000	 -8.0423765e-001	 -1.7209169e+000	 -1.4665481e+000	 -1.5424363e+000	 -1.6297210e+000	  1.4013490e+000	 -4.5855123e-001	 -5.3620963e-001	
 -8.1013412e-001	  1.3750213e+000	 -1.1764897e+000	 -2.3573471e-001	 -1.6077577e+000	  2.0509014e-001	  7.6520520e-001	 -1.4921704e+000	  1.3695841e+000	 -7.6098321e-001	 -1.4667879e+000	
 -6.4462647e-001	  7.9708636e-001	 -6.9276570e-001	 -2.0183471e-001	 -7.4553064e-001	  6.7237298e-001	 -5.0011924e-001	  3.5987212e-001	  1.3245838e+000	 -1.1953270e+000	  1.9310473e+000	
 -7.7565336e-001	  1.2179415e+000	 -2.4841881e-001	  1.0863651e+000	 -4.0637930e-001	 -1.0792029e+000	 -3.4013569e-001	 -9.8812381e-001	  1.4013490e+000	 -1.0601978e+000	  1.3586192e+000	
  1.7414423e+000	  1.0816082e+000	 -2.0145532e-001	  4.2245260e-002	 -3.2811360e-001	  7.1351738e-001	  1.1239562e+000	  4.1794904e-001	  1.3748783e+000	 -1.6255397e-001	  1.8698251e+000	
  1.6897211e+000	  2.7842683e-001	  1.6770844e+000	 -5.2147347e-003	  1.3154660e+000	  4.3726212e-001	  3.9918223e-001	  1.0904187e+000	  1.4013490e+000	  5.5491764e-001	  1.4443304e+000	
 -1.2307994e+000	  1.8358624e-001	 -5.5910038e-001	 -1.9844471e-001	 -5.6617176e-001	 -1.6520946e-001	 -4.6618334e-001	 -1.6181056e+000	  1.4278198e+000	  8.6700170e-001	 -3.8009287e-001	
  1.4345635e+000	  7.4966606e-001	 -1.4188935e+000	 -1.6115472e-001	 -4.4551214e-001	  9.4568935e-001	  1.0754763e+000	 -7.5581612e-001	  1.3748783e+000	  9.5708783e-001	  1.3524970e+000	
 -5.3428803e-001	  9.5120233e-001	  3.5849401e-001	  1.9745451e+000	  7.0890686e-001	 -2.4455938e-001	  8.3792499e-001	 -7.2524932e-001	  1.3563487e+000	 -4.3281234e-001	 -4.0309346e-002	
 -1.2307994e+000	 -1.1293633e+000	 -1.4188935e+000	 -2.3573471e-001	 -1.3749173e+000	 -1.6493468e+000	  4.1130219e-001	  1.2493660e+000	 -1.1242272e+000	  8.3482809e-001	  2.6580194e-001	
 -3.3429961e-001	 -1.0863887e+000	  8.4980440e-001	 -5.8490467e-001	 -4.4877321e-001	  1.1220225e+000	  9.5427666e-001	  1.2585361e+000	 -7.4807756e-001	  1.5072566e+000	 -3.4187121e-002	
  2.8635411e-001	  1.5083908e+000	 -1.1768509e+000	 -4.2218469e-001	 -1.3520898e+000	  1.8185384e+000	  8.5246895e-001	  1.2768762e+000	  7.8458006e-001	 -4.9715957e-001	  3.2702420e-001	
 -5.8600917e-001	  5.0367326e-001	  2.5372930e-001	  1.5914751e+000	  1.1295850e+000	  1.1984335e+000	  6.8521342e-001	  1.2768762e+000	  1.2637010e+000	 -1.6650618e+000	 -3.4642063e-001	
 -4.4463805e-001	 -9.4620239e-001	  2.1683948e+000	  3.8855261e-002	  1.0871911e+000	 -7.5592550e-001	 -1.9712009e-001	  1.2371393e+000	 -1.1807322e-001	  3.0718081e-001	  2.7881589e+000	
 -1.2307994e+000	  1.0164052e+000	 -1.0391576e-001	 -4.0862469e-001	  1.4459088e+000	 -1.2994283e-001	  1.0997163e+000	  1.2401960e+000	  6.3104959e-001	  2.1314248e+000	 -1.1071494e-001	
  2.4842527e-001	 -7.8556613e-001	 -1.4188935e+000	 -1.0764546e+000	 -1.3944837e+000	 -1.4306937e+000	 -8.5159825e-001	  1.3074430e+000	  2.0751726e-001	  4.4230999e-001	 -1.2546528e+000	
  1.1587174e+000	  3.9697758e-001	  1.6702747e-001	 -4.2896469e-001	  2.6214018e-001	  1.2395779e+000	  3.7009431e-001	  1.2646494e+000	  1.0148758e+000	 -1.4555343e-002	  2.9029084e-001	
  1.0725155e+000	  2.0136885e-001	 -1.4188935e+000	 -1.0764546e+000	 -1.6162365e+000	  4.7546763e-001	  1.1966760e+000	  1.2279693e+000	 -1.2721988e+000	  4.5839680e-001	 -3.3111507e-001	
  2.4241614e+000	  1.9233185e+000	 -1.2852282e+000	  1.4626551e+000	  1.3774263e+000	  1.9654827e+000	  1.5602750e+000	  1.1943458e+000	 -1.2721988e+000	  1.1179559e+000	  3.0559641e-001	
  2.5187335e-001	 -1.1293633e+000	 -1.4188935e+000	  3.7107522e-001	  9.2087645e-001	  7.4290624e-001	 -1.1424774e+000	  1.2677061e+000	 -2.0807384e-001	  7.1256835e-001	  8.2292448e-001	
  7.5874055e-001	 -8.9077992e-001	  9.9430745e-001	 -1.4420472e-001	 -8.4336276e-001	 -6.8226233e-002	  1.3421156e+000	  1.2707628e+000	  5.8869636e-001	  1.8418622e+000	  3.9436868e-001	
 -1.9982464e-001	 -8.6116715e-002	 -4.0375960e-001	  1.6897851e+000	  1.2143728e+000	  9.3393381e-001	  1.1557503e-001	  1.2554794e+000	  1.3404662e+000	 -2.1403176e-001	  1.4626971e+000	
  1.5311096e+000	  9.5416610e-001	 -1.9784274e-001	 -3.4760470e-001	 -1.7107749e+000	  2.9031783e-001	  1.2936357e+000	  1.2677061e+000	 -9.4249523e-002	  5.3561347e-001	 -1.4667879e+000	
