  7.9759976e-001	  1.5274393e+000	  3.7019314e-001	  4.5963278e-001	  1.6046754e+000	  7.8800243e-001	  1.0211083e+000	  1.3037962e+000	  1.5395076e+000	  1.3456090e+000	  1.8097034e+000	
 -1.5383837e+000	 -6.7069210e-001	  1.1472448e+000	 -2.4414873e-001	  5.8262440e-001	 -1.4982103e+000	  1.5100973e+000	  1.2365760e-002	  7.2284606e-001	  2.4317187e+000	 -6.8633575e-001	
  3.8135199e-002	  7.0641108e-001	  4.5653221e-001	 -2.4414873e-001	  3.1614905e-001	 -5.0581614e-002	  9.6963576e-001	 -6.9290572e-001	  5.4338860e-001	  5.2621366e-002	  4.5968220e-001	
  1.0063625e+000	  1.1545420e+000	 -1.1421795e+000	  9.9202708e-001	  3.2289526e-001	  1.2562629e+000	  4.0601161e-001	 -6.5215670e-001	 -6.5819617e-001	 -1.5765431e+000	 -1.3067455e+000	
  8.4079206e-001	  5.5594375e-001	  8.3786309e-001	  1.4077322e+000	  1.0413668e+000	  4.4522355e-001	  1.5379624e-001	  1.2693163e+000	  5.9540525e-001	  7.0558014e-001	  2.0767825e-001	
 -3.1100254e-001	  2.4519600e-001	  1.4997959e+000	  1.2436381e+000	  1.5439595e+000	 -7.8816831e-001	  1.2784709e+000	  9.5586227e-001	  2.6578657e+000	 -1.0900209e-001	  1.1466930e+000	
 -1.5383837e+000	 -1.2509726e+000	 -1.0759862e+000	  3.8670205e-001	 -2.8426376e-001	 -1.4982103e+000	 -7.4439932e-001	 -1.2414502e+000	 -1.1653586e+000	 -3.4497234e-001	 -1.5503493e+000	
  7.9759976e-001	  7.2603725e-001	  2.2408729e+000	 -7.6815600e-001	  1.0953365e+000	 -1.7300264e-001	 -2.9658836e-001	 -1.0596469e+000	  7.5145522e-001	 -1.4081315e+000	  7.2068629e-001	
 -1.0992620e+000	  1.0825794e+000	 -1.4645120e+000	  1.0102598e+000	 -4.1918799e-001	  2.6641047e+000	 -2.1680594e-001	 -1.0502433e+000	 -6.0004620e-002	  8.1548409e-001	 -1.1632682e-001	
  4.5206138e-001	  6.6388770e-001	 -3.6368893e-001	 -1.0974382e+000	 -3.4160656e-001	 -2.2809210e-001	 -6.1314438e-001	 -1.2790647e+000	 -6.0357868e-001	 -1.3295825e+000	 -9.1133928e-001	
 -1.4183271e-001	 -9.7816882e-001	 -1.4645120e+000	 -1.0974382e+000	  1.2504993e+000	  3.8173631e-002	  1.2012621e+000	 -7.7753829e-001	 -1.1653586e+000	 -1.1013701e+000	 -1.1423429e+000	
 -8.4242976e-002	  3.7603716e-001	 -2.0180318e-001	 -6.5620734e-001	 -5.9121638e-001	 -4.3620785e-001	 -2.1165869e-001	 -5.5185142e-001	 -4.5533121e-001	 -1.5765431e+000	  1.7497024e+000	
  5.4204533e-001	 -4.5807522e-001	 -5.9032898e-001	 -9.8840680e-001	  9.6715845e-001	  5.9824983e-001	  1.6387786e+000	  1.3147828e-001	 -5.5676369e-001	 -6.5528939e-001	 -3.4133035e-001	
 -7.2852808e-001	 -5.1041168e-001	  1.1117594e-001	  1.4332580e+000	  1.5945561e+000	 -1.2435745e+000	 -6.4402790e-001	  9.9034221e-001	 -4.0071372e-001	  5.0193458e-001	  1.6297005e+000	
 -1.5383837e+000	 -1.3248979e+000	 -2.8814225e-001	  2.3412455e+000	  8.7608460e-001	 -6.9023149e-001	  5.3984017e-001	  3.0387797e-001	  2.6249865e-001	  5.6335150e-001	  5.0168286e-001	
 -1.2615930e+000	 -8.2770149e-001	  1.3995563e-001	 -1.0974382e+000	  1.1155751e+000	 -1.4088429e+000	 -2.0651144e-001	 -1.4107154e+000	  8.4248437e-001	 -2.9648531e-001	 -5.3250834e-003	
 -1.5383837e+000	  1.4489346e+000	 -2.9125045e-002	  3.0231478e+000	  1.0919634e+000	 -2.4033421e-001	 -1.6554630e+000	 -3.7786878e-002	  8.0867354e-001	  1.1354985e+000	  6.9676092e-002	
 -6.8893514e-001	 -3.2069200e-001	 -1.0400116e+000	  1.0175528e+000	 -3.4653939e-002	  3.4728673e-001	 -1.6554630e+000	  1.2222982e+000	 -9.1214614e-002	  7.3143990e-001	 -8.9326400e-002	
 -3.8298970e-001	  7.5547651e-001	  6.5079511e-001	  4.7786546e-001	 -5.1519467e-002	  7.7960465e-002	 -1.6552558e+000	 -1.1411449e+000	 -3.1488624e-001	 -4.7103864e-001	 -1.1543431e+000	
  7.3281131e-001	  7.6528960e-001	  6.8317226e-001	 -1.0746109e+000	 -1.3231803e+000	 -1.0421919e+000	 -1.6554630e+000	 -1.4169844e+000	 -8.0644364e-001	 -1.4498303e+000	  8.1068770e-001	
  2.4209103e+000	  3.4332687e-001	 -1.4645120e+000	 -1.0974382e+000	 -1.2658375e+000	 -3.3521050e-001	 -1.6083657e+000	 -2.8228099e-001	 -3.4089457e-001	  2.1101236e-001	 -8.3333806e-001	
 -5.9175247e-001	 -3.1087892e-001	  9.6377423e-001	  3.8157356e-003	 -8.6781104e-001	 -1.4982103e+000	 -1.6554630e+000	 -9.7501431e-001	  9.4651768e-001	  5.3425928e-001	 -8.6333853e-001	
 -7.3444902e-002	  3.3024275e-001	 -1.0364142e+000	 -1.0974382e+000	 -7.1264818e-001	  9.4714976e-001	 -1.6554630e+000	  7.4271356e-001	 -1.1653586e+000	 -5.2275815e-001	  4.2968173e-001	
  1.5331466e-001	 -5.0386962e-001	  3.7379060e-001	  1.5864125e+000	  7.4116037e-001	 -1.4982103e+000	 -1.6508305e+000	 -1.6589709e+000	  3.7693529e-001	 -1.4646997e+000	  8.1676280e-002	
  8.2639462e-001	  1.0040747e+000	  7.6951133e-001	  1.4369045e+000	 -9.5551179e-001	  9.0124188e-001	 -1.6554630e+000	  1.8476545e-001	  3.4832613e-001	  2.1731212e+000	  1.0416913e+000	
  1.7406316e+000	  7.5874754e-001	 -3.6319968e-002	 -6.8902617e-001	  6.2984788e-001	 -3.6275524e-001	 -1.6554630e+000	  3.9477963e-001	  7.4625356e-001	 -1.6395407e-001	 -5.3250834e-003	
 -5.5448112e-002	 -1.3248979e+000	 -8.7093095e-001	  6.7842496e-001	  1.2302607e+000	 -9.8098143e-001	 -1.6554630e+000	 -6.1140768e-001	  3.6226194e-002	 -3.9669185e-001	 -1.4325224e-002	
 -5.5575889e-001	 -4.2536493e-001	  1.6868639e+000	  9.8473401e-001	  9.0150972e-002	  8.0330506e-001	 -1.6554630e+000	  6.1419742e-001	  1.2066010e+000	 -7.9105309e-001	  2.9197208e+000	
 -1.1244575e+000	 -7.8635862e-002	  9.2420216e-001	  1.8249602e-001	  9.3342739e-001	 -1.4982103e+000	 -1.5952402e+000	 -1.7555147e+000	 -3.3049123e-001	 -1.0108610e+000	 -4.7633246e-001	
  1.5498656e+000	  8.6996253e-001	  2.9104900e-001	 -2.5356555e-002	  1.0346206e+000	  1.0603892e+000	 -1.6540166e+000	  2.6626349e-001	  4.8096861e-001	  3.5324100e-001	 -1.3432710e-001	
  6.7522158e-001	  5.7884095e-001	  1.5645502e+000	  6.2737345e-001	  1.4495126e+000	  7.2373139e-001	  6.5565336e-001	 -8.2769093e-001	 -1.1563857e+000	 -1.5765431e+000	 -9.3533966e-001	
 -8.1491267e-001	 -1.3248979e+000	  8.1627832e-001	  2.4084060e-001	  6.2647478e-001	 -1.4982103e+000	 -1.8592243e-001	 -4.0452805e-001	 -1.1653586e+000	  1.1581258e+000	 -3.0532978e-001	
  4.1246844e-001	 -4.1228081e-001	 -1.2403902e+000	 -1.0974382e+000	 -1.2928224e+000	  6.8778888e-002	 -7.8815097e-001	  4.2299049e-001	 -1.1650439e+000	  4.3728520e-001	  4.6268225e-001	
 -9.5528764e-001	 -1.3248979e+000	  1.5357706e+000	  3.7211590e-001	 -6.6542470e-001	  6.5027877e-001	  1.1755259e+000	  1.1000511e+000	 -1.1229650e+000	  1.0094322e+000	  1.3266958e+000	
 -4.6217558e-001	 -1.9639290e-001	 -4.3514890e-002	  3.8305551e-001	  9.0306944e-001	 -1.6915832e-002	  1.0468445e+000	 -1.0047768e-001	 -1.1589345e+000	  1.6268339e+000	 -1.5503493e+000	
 -1.8142565e-001	  1.4620188e+000	 -3.1332448e-001	 -8.1082048e-001	 -7.8685651e-001	  6.5027877e-001	  1.0983171e+000	 -1.4545989e+000	 -1.1578422e+000	 -1.5765431e+000	 -8.1233773e-001	
 -1.2023656e-001	 -1.3248979e+000	 -6.1910867e-001	  1.2618708e+000	  9.3342739e-001	 -1.4620961e+000	  4.4204238e-001	 -1.8197571e-001	 -1.1601829e+000	 -2.2537098e-001	  1.6297005e+000	
 -7.3932615e-001	 -4.3190699e-001	 -1.4645120e+000	 -1.0974382e+000	 -1.0330932e+000	  1.6749951e-002	  1.6666437e-001	 -5.9728658e-002	 -1.1653586e+000	  3.7586828e-001	 -4.1325648e-002	
 -1.1910456e+000	  5.9846712e-001	 -3.3490924e-001	 -9.9898175e-001	 -4.5966525e-001	  1.0206024e+000	 -9.5845509e-002	 -1.2320466e+000	 -1.1402345e+000	 -3.7887771e-002	 -4.3433181e-001	
 -1.2389171e+000	 -4.2654544e-002	 -2.4857018e-001	  3.1377132e-001	  1.3887967e+000	 -1.1799156e+000	 -3.7122352e-001	 -8.4963271e-001	 -1.1653586e+000	 -1.3819485e+000	 -6.5333524e-001	
  3.4408064e-001	 -1.3248979e+000	  5.8244335e-001	  1.6411105e+000	  1.5608251e+000	 -1.4982103e+000	  2.1792401e+000	  1.1846837e+000	 -1.1190637e+000	 -6.6498679e-001	 -6.6833547e-001	
  3.6927614e-001	 -6.6732261e-003	  5.8244335e-001	  4.0858127e-001	  7.7489143e-001	 -2.0360790e-001	 -4.9520236e-002	  1.1188583e+000	 -1.1540449e+000	  4.0819298e-001	  2.8567948e-001	
  9.8116702e-001	  8.4052326e-001	  1.4997959e+000	 -1.5298533e-001	  3.3301458e-001	 -5.9229466e-001	  2.2585777e-001	 -1.1442795e+000	 -1.1182835e+000	 -2.3506839e-001	 -4.2233162e-001	
 -1.5982950e-001	 -1.3248979e+000	  7.1914687e-001	 -6.9996578e-001	 -1.5707663e+000	  2.4934990e-001	  1.8704049e+000	  7.0196454e-001	 -1.1653586e+000	  4.6637742e-001	  3.8168098e-001	
 -1.5383837e+000	 -1.3248979e+000	 -1.2173665e+000	 -1.0285187e+000	  1.1459331e+000	 -6.2902097e-001	  9.4602833e-002	 -1.2633920e+000	 -1.1653586e+000	 -1.5765431e+000	 -1.5503493e+000	
  2.0321796e+000	  1.4379410e-001	 -5.2917215e-001	 -1.0595143e+000	 -1.4587792e+000	 -1.4982103e+000	  2.1041601e-001	  1.2943926e+000	 -1.1653586e+000	  5.2621366e-002	 -4.4325695e-002	
 -1.0416722e+000	 -2.5527142e-001	 -1.0826919e-001	 -1.0482100e+000	 -1.0971822e+000	  1.0787524e+000	  1.4843610e+000	 -1.1615038e-001	  3.0151114e-001	  1.7852249e+000	 -2.8732950e-001	
 -7.1773000e-001	  2.9426143e-001	  2.7804921e+000	 -1.0775646e+000	  1.5338402e+000	  9.1348398e-001	  2.0269514e-001	 -1.0188979e+000	 -1.3542877e-001	 -3.7729704e-001	 -9.2033942e-001	
  3.3328256e-001	  4.5454185e-001	  1.2659610e+000	 -1.0974382e+000	  9.9414330e-001	  1.1460839e+000	  1.3299434e+000	  8.4615337e-001	 -1.1653586e+000	  3.4354359e-001	  5.9768437e-001	
 -9.8640409e-002	  1.5437945e+000	  7.9109610e-001	 -1.0658228e+000	  5.9611682e-001	  1.2072944e+000	  1.0725808e+000	  5.2643030e-001	  6.5262357e-001	 -3.2881000e-001	 -3.5933063e-001	
 -5.1848754e-002	 -5.3985094e-001	 -6.9105790e-001	 -1.0974382e+000	 -1.2658375e+000	 -1.3295753e+000	  8.3838082e-001	  4.0731779e-001	 -1.1653586e+000	 -9.8823371e-001	  2.7967938e-001	
 -1.5383837e+000	 -1.3248979e+000	  6.8317226e-001	 -1.0974382e+000	  6.3996720e-001	 -1.4982103e+000	 -1.2282411e+000	 -1.7533206e+000	 -1.1653586e+000	 -1.5765431e+000	 -1.5503493e+000	
 -1.2383592e-001	 -4.0573875e-001	  6.3640527e-001	 -1.0974382e+000	  1.5942647e-002	 -1.0207683e+000	 -2.3783974e-002	  1.0060149e+000	 -3.0188207e-001	  1.1128713e+000	 -5.9033425e-001	
  2.1450375e-001	 -2.3028371e-002	  3.2521049e-003	 -1.0551384e+000	  1.3449463e+000	  1.0083603e+000	  6.4793248e-001	  4.9195036e-001	  3.4312447e-001	  7.9285681e-001	 -1.7632776e-001	
  1.5691402e-001	 -5.0059859e-001	 -1.4645120e+000	 -1.0974382e+000	 -1.0196008e+000	 -1.6132031e-003	  8.0235005e-001	 -3.4497179e-001	 -3.5649956e-001	 -6.4235951e-001	  2.3797123e+000	
 -1.1424543e+000	  4.3491568e-001	  5.1768905e-001	 -1.0974382e+000	  1.7110551e-001	  2.1744206e+000	 -8.3447624e-001	 -2.3839743e-001	 -2.4206292e-001	 -8.0075050e-001	 -7.6733702e-001	
  2.2049488e+000	  1.6811777e+000	 -1.1396613e+000	 -1.0890147e+000	 -1.2084947e+000	  3.3198410e-001	 -7.6241471e-001	 -5.8633136e-001	 -1.1653586e+000	  1.4313050e-001	  9.0676421e-002	
  1.9781892e+000	 -1.3248979e+000	 -5.3996453e-001	 -1.0974382e+000	 -4.4617283e-001	 -3.5969471e-001	  1.1240533e+000	 -6.3021492e-001	 -1.1653586e+000	 -2.4153333e-001	 -1.5503493e+000	
 -1.5383837e+000	 -1.3178979e+000	 -1.4645120e+000	  6.2160317e-002	 -5.5748532e-001	 -9.0368448e-002	  2.2541299e-002	  5.2643030e-001	 -9.3815447e-002	  1.1354985e+000	 -8.3333806e-001	
 -1.5383837e+000	 -1.2986642e+000	  6.1482050e-001	 -2.6602795e-001	  6.3322099e-001	 -1.4932828e+000	 -1.2977290e+000	 -1.4389262e+000	  1.4874909e+000	  6.6355804e-001	  3.3668028e-001	
  1.2811915e-001	 -1.3248979e+000	  1.6873532e-001	  1.2801034e+000	 -1.3265534e+000	 -2.4645526e-001	  6.2734347e-001	  1.6282367e-001	  1.3392434e+000	  6.3123335e-001	  1.1736934e+000	
 -1.5383837e+000	 -1.3248979e+000	 -7.1624013e-001	 -1.0804089e+000	 -9.8924285e-001	 -1.0544340e+000	 -6.3373339e-001	 -1.4765407e+000	 -8.1164531e-001	 -7.6196087e-001	 -1.5503493e+000	
  8.9478243e-001	 -1.3193044e+000	 -6.5508329e-001	  1.1269489e+000	 -4.3268041e-001	  4.7355208e-002	 -4.3813780e-001	  1.2567781e+000	 -1.1653586e+000	  1.6899026e-001	 -5.6033378e-001	
  1.9650696e-001	 -1.3248979e+000	  1.2731559e+000	 -5.3222510e-001	  8.1536869e-001	 -1.2403423e-001	 -8.9881690e-001	 -1.5845099e-002	  9.0843684e-002	 -1.5765431e+000	 -7.8533731e-001	
 -1.5383837e+000	 -1.3248979e+000	  1.4890036e+000	 -1.0292480e+000	  1.5304671e+000	  6.8778888e-002	 -7.2682873e-002	 -1.3919081e+000	  1.3080334e+000	  1.3831736e-002	  1.8967797e-001	
 -3.8298970e-001	 -1.2895708e+000	  1.2191940e+000	  1.4405510e+000	 -2.7414444e-001	  6.3803667e-001	 -3.1203011e-001	 -5.9260044e-001	 -4.5793204e-001	  1.2518674e+000	  6.6676045e-002	
  3.0808706e-001	 -1.3248979e+000	  2.8434333e-002	 -6.3068159e-001	 -6.4518607e-001	  1.5753413e-001	  1.0983171e+000	  6.6748460e-001	 -3.3996292e-002	 -1.0043961e+000	  5.9168427e-001	
 -1.4847532e+000	 -1.3096876e+000	 -1.4645120e+000	  2.6636635e-001	 -7.4300613e-001	 -1.3874192e+000	  5.0851187e-002	 -6.3021492e-001	 -6.0357868e-001	 -7.2640371e-001	 -1.5503493e+000	
 -4.5137750e-001	 -1.2951642e+000	 -9.0281885e-002	 -4.4106170e-001	 -1.2084947e+000	 -1.3066214e+000	 -8.4219712e-001	 -5.9260044e-001	  5.5119109e-001	 -3.0295024e-001	 -1.1993438e+000	
 -6.6733899e-001	 -1.3248979e+000	 -1.0939735e+000	 -1.0974382e+000	 -1.5984257e+000	  9.0124188e-001	  5.0638303e-001	  1.8634840e-002	 -8.9487196e-001	 -1.5765431e+000	 -5.0033284e-001	
 -1.5383837e+000	 -1.3248979e+000	  6.6878242e-001	  2.0437523e-001	  1.1729179e+000	 -5.6168941e-001	 -8.7565426e-001	 -1.1975666e+000	  8.1387521e-001	  5.4718915e-001	 -2.9325460e-002	
  7.2561260e-001	 -1.3248979e+000	  1.6513786e-001	  2.6271981e-001	 -3.5172587e-001	  8.9512083e-001	 -4.0982791e-001	  1.1940873e+000	  1.0557527e+000	 -1.2209715e+000	  3.2797264e+000	
  5.6364148e-001	  9.8771957e-001	  1.6005249e+000	 -8.8593913e-001	 -1.4557434e+000	  2.8913674e-001	 -5.6681911e-001	  1.2834374e-001	  1.4354743e+000	  1.8821989e+000	  5.8868422e-001	
  1.7442309e+000	  2.3713648e+000	  1.5573553e+000	  3.3929708e-001	 -1.0211605e-001	  1.3603207e+000	  1.0983171e+000	 -8.7939517e-002	  1.4224701e+000	  7.9608928e-001	  1.6597010e+000	
  1.1863304e+000	  8.6996253e-001	 -1.5503619e-001	  6.0914077e-001	  5.7587819e-001	  1.6977624e-001	 -2.0136418e-001	 -1.0314360e+000	  1.4354743e+000	 -3.0295024e-001	  4.1468150e-001	
 -7.2492872e-001	  1.7073459e+000	 -8.3495634e-001	  6.2372691e-001	 -2.5053270e-001	  9.8693660e-001	 -4.4071143e-001	 -2.9795369e-001	  1.4250709e+000	  5.0193458e-001	 -2.7832936e-001	
  5.8523763e-001	  5.3304655e-001	 -1.0723888e+000	 -1.0974382e+000	 -1.6443000e+000	 -2.3115263e-001	  2.2541299e-002	 -6.3961854e-001	  1.4068651e+000	  4.7284236e-001	 -1.5503493e+000	
 -3.9738713e-001	  1.0989345e+000	  1.8343598e+000	  8.4039535e-002	  6.7032515e-001	 -1.4982103e+000	  5.4241380e-001	 -1.1097995e+000	  1.3938609e+000	  2.3529143e-002	 -5.7233397e-001	
  5.9243635e-001	  1.3180935e+000	 -7.2294579e-002	  3.6634563e-002	 -8.7793036e-001	  5.1255511e-001	  1.0468445e+000	 -9.7814885e-001	  1.4354743e+000	  1.7205755e+000	  1.2426945e+000	
 -2.6421088e-001	  1.6746356e+000	  6.5439257e-001	  8.9357060e-001	  1.9809035e-001	  1.5164075e+000	  1.4586247e+000	  8.2107705e-001	  1.4874909e+000	  1.1678232e+000	  2.1697090e+000	
 -1.1064607e+000	  2.8117732e-001	 -1.3648624e+000	  1.8249602e-001	 -1.7181710e+000	 -4.6737288e-003	  2.7218304e-001	 -1.4107154e+000	  1.4094659e+000	  6.1830347e-001	  1.3836967e+000	
  2.0730503e-001	  2.5500909e-001	  2.6946423e-001	  1.0686043e+000	  5.4889335e-001	  7.9106295e-001	  2.0505588e+000	  1.1940873e+000	  1.4224701e+000	  6.7972039e-001	  3.2168004e-001	
  1.1395388e+000	  2.0769722e+000	 -1.4645120e+000	 -8.0054600e-002	 -1.3467921e+000	 -8.2489462e-001	  1.8210613e-001	  1.2003564e+000	  1.4302726e+000	  6.8295286e-001	 -2.2732856e-001	
  9.2357729e-001	  1.0825794e+000	 -1.4217023e+000	 -6.1821918e-002	 -1.3332996e+000	  5.9518931e-001	  5.0638303e-001	 -9.4993799e-001	  1.4614826e+000	 -4.7585179e-002	  2.9767966e-001	
  5.5644277e-001	  1.0335140e+000	 -1.4645120e+000	  7.8782105e-001	  8.0031655e-002	 -6.0147624e-001	  1.0211083e+000	 -1.3010065e+000	  1.4094659e+000	  3.1428619e+000	 -6.8033566e-001	
 -8.2571075e-001	  3.5641098e-001	  4.4573983e-001	  1.0831905e+000	  8.1874180e-001	  1.4223150e-001	  6.2991709e-001	  8.1480797e-001	  1.4354743e+000	  1.7222273e-001	  5.7668404e-001	
  3.8007422e-001	  1.3070999e-001	 -6.1502196e-002	  1.7067482e+000	  5.6419915e-002	 -4.1172365e-001	 -7.2895757e-001	  1.3414107e+000	 -2.1605459e-001	 -7.1347383e-001	 -1.5832748e-001	
  3.8367358e-001	 -1.9639290e-001	  2.0470993e-001	  2.1406860e+000	 -1.0330932e+000	  9.4714976e-001	 -5.9255537e-001	  1.3006617e+000	  1.6695492e+000	  9.2215558e-001	  1.0026907e+000	
 -9.5041051e-002	  5.2650449e-001	  4.2055760e-001	 -3.9942700e-002	  8.6933839e-001	  2.1438153e+000	  4.7292589e-001	  1.3414107e+000	 -4.0331455e-001	 -1.5748913e-001	 -1.1632682e-001	
  1.6411273e-001	  7.8164474e-001	 -1.0615964e+000	  1.8401881e-002	  9.1964353e-003	  1.0971155e+000	  1.0468445e+000	  1.3414107e+000	 -4.6833537e-001	 -2.8678790e-001	  2.7067924e-001	
 -5.1256659e-001	 -2.2910319e-001	 -4.8600261e-001	  1.6556967e+000	  1.1223213e+000	  4.9725249e-001	  3.7255447e-001	  1.3727561e+000	 -7.6222948e-001	 -4.2901654e-001	 -1.4504477e+000	
  1.2367214e+000	  7.5102497e-002	  1.1868168e+000	 -1.0974382e+000	  8.8957702e-001	  5.2479722e-001	 -4.9520236e-002	  1.2630472e+000	  1.1165035e-001	 -2.4476580e-001	 -2.5132894e-001	
  1.9889873e+000	  5.1014934e-001	 -6.1910867e-001	 -1.1287343e-001	  6.6539232e-002	  1.9601838e+000	  4.0556682e-002	  1.2943926e+000	 -5.1254953e-001	  9.1410996e-002	 -8.6326353e-002	
  1.4202887e+000	  5.2650449e-001	  5.5366366e-001	 -2.7696756e-001	 -1.7446161e+000	 -7.2005294e-002	  1.6151712e-001	  1.3414107e+000	  4.4028693e-002	  6.4093076e-001	 -3.1432993e-001	
  1.3986926e+000	  2.2556983e-001	 -3.2051940e-001	  8.4981216e-001	  8.2548801e-001	  1.9295785e+000	  1.3299434e+000	  1.3414107e+000	  1.5846534e-001	 -4.7585179e-002	  3.0675481e-002	
  9.5237216e-001	  9.6809339e-001	 -1.1151986e+000	 -9.6944481e-001	 -9.2515384e-001	  1.3603207e+000	 -1.0480872e+000	  1.2724508e+000	 -7.4662449e-001	 -3.0295024e-001	  4.7468244e-001	
  6.7882094e-001	  2.2229880e-001	 -3.3131178e-001	  1.1488281e+000	  4.8480434e-001	 -5.6168941e-001	 -3.1975099e-001	  1.2567781e+000	  4.2635112e-001	 -1.5374302e+000	  5.9468432e-001	
 -5.7015632e-001	 -1.3248979e+000	 -1.2004584e+000	 -1.0974382e+000	 -1.3906424e+000	 -4.9435784e-001	  5.2439842e-001	  1.2849890e+000	 -1.1653586e+000	  4.2112285e-001	 -7.5233679e-001	
  8.8038500e-001	  1.3508038e+000	 -7.9898173e-001	 -1.0974382e+000	 -1.5690797e+000	 -7.2389727e-001	 -8.2675536e-001	  1.3414107e+000	 -1.1653586e+000	 -7.3444932e-002	 -1.1183425e+000	
 -2.9300575e-001	  2.6809320e-001	 -1.1277897e+000	  2.4813367e-001	 -1.1713906e+000	 -7.5144200e-001	  4.1887974e-001	  1.3727561e+000	 -3.0708374e-001	 -1.4036060e+000	  1.3567713e-001	
