 -1.2065118e+000	 -1.2536555e+000	 -9.9692443e-001	 -1.7759341e-001	  2.3483366e-001	 -1.4501142e+000	  2.0874191e-001	 -6.5526081e-001	 -9.5661846e-001	 -7.1336489e-001	 -1.8438689e-001	
 -6.8999568e-001	  5.9709312e-001	 -8.7870728e-001	 -7.5087561e-001	 -1.4231942e+000	  7.1171545e-001	 -2.8840490e-001	  8.3494747e-001	 -1.0773927e+000	  1.4494163e+000	 -8.5092135e-001	
 -2.7507573e-002	 -2.9201834e-001	  1.0442657e+000	  1.0203097e+000	  2.9159056e-003	 -1.4501142e+000	  5.4350408e-001	 -8.1165891e-001	  1.1511805e+000	  1.9245992e+000	 -6.3637163e-001	
  2.0497857e+000	  8.5764845e-001	 -7.1797473e-002	  1.4994709e+000	  3.7840180e-001	  6.3789550e-002	  4.0110524e-001	  1.0017151e-001	  1.3841023e+000	  1.0441132e+000	  3.5055708e-001	
 -5.4963803e-001	  1.9685866e-001	 -7.6010126e-001	 -7.3091056e-001	 -2.1059568e-001	 -1.2622718e-001	  8.2830174e-001	  1.2968058e-001	 -3.5562258e-001	  1.7708635e+000	  4.9072956e-001	
  5.3899864e-002	  3.4996849e-001	  2.3586537e+000	  1.2142559e+000	  5.3301363e-001	  8.3631658e-001	 -9.9790084e-001	  3.6280227e-001	 -1.7158556e-001	  7.5760581e-001	 -8.0229008e-001	
 -9.5471021e-001	 -7.2448645e-001	 -5.3066666e-001	 -1.0760207e+000	  2.3851490e-001	 -8.1776347e-001	 -1.1101908e-002	 -1.1244551e+000	 -6.2017579e-001	 -7.7276275e-001	  7.7679585e-001	
  8.5113132e-001	 -8.0507057e-001	  4.1040405e-001	 -1.6048051e-001	 -1.3904312e+000	  5.6530911e-001	  3.2865671e-001	  5.4575854e-001	  4.5529053e-001	 -9.6493232e-001	  1.1830100e+000	
 -7.7701743e-001	 -5.9017959e-001	 -9.4287119e-001	 -8.7579979e-001	 -7.9223069e-001	 -2.6546272e-002	  9.2073607e-001	 -1.1244551e+000	 -7.1219429e-001	 -6.7143698e-001	 -9.4246257e-001	
  7.5568812e-001	  2.4789527e-001	 -3.5178545e-001	  1.7322107e-001	 -1.3620857e+000	 -4.7199532e-001	  9.3823549e-002	 -1.1244551e+000	  4.6391726e-001	  9.8122131e-001	  4.7326808e-002	
 -4.2331615e-001	 -9.3244176e-002	 -2.5132810e-002	  2.0898660e+000	  5.0724499e-001	  2.7561148e-001	 -1.2020058e+000	  1.8574782e-001	  4.8692189e-001	  7.6808779e-001	  4.8500824e-001	
 -1.1048929e+000	  7.2334158e-001	  2.6652134e-001	 -3.6013103e-001	 -6.2657515e-001	 -9.3613455e-001	 -1.3601317e-001	 -9.0120715e-003	 -3.9875625e-001	 -7.9372671e-001	 -2.6448545e-001	
  1.4092161e-001	 -5.0959546e-001	  8.2260858e-001	  1.0944656e+000	  1.8288081e+000	 -1.2308162e+000	  3.5613719e-001	 -1.1244551e+000	 -5.6266422e-001	 -1.2482951e+000	 -1.2402576e+000	
 -1.2065118e+000	 -1.2536555e+000	 -1.2267479e+000	 -1.0164108e+000	 -7.0019983e-001	 -1.4501142e+000	 -3.3087473e-001	 -1.1244551e+000	 -1.0773927e+000	 -1.3842114e+000	 -1.3486767e+000	
 -4.1208754e-001	  2.9087346e-001	  6.8261459e-001	 -1.0760207e+000	  1.6263402e+000	  9.4845760e-001	  1.5877740e-001	 -1.2704837e-001	 -4.7935690e-002	 -6.2950907e-001	 -6.9930622e-001	
  1.8252134e+000	  1.6205115e+000	  2.5725335e+000	  4.7554899e-001	  3.4158945e-001	  8.3631658e-001	  3.6364370e-002	  5.0444583e-001	 -7.5820355e-001	  8.3265327e-002	 -2.7020678e-001	
 -1.0664655e-002	  1.0134444e+000	 -1.2267479e+000	 -8.6324605e-002	  4.3409482e-002	  1.6960644e+000	 -1.2705297e+000	  5.0149493e-001	  2.9425814e-001	  1.3096566e+000	  1.5978061e+000	
 -6.2543116e-001	  1.0510503e+000	 -5.7344261e-001	  1.8748182e-001	  1.3428852e+000	  1.3471812e+000	 -1.2727056e+000	  8.3494747e-001	  3.6614760e-001	  1.4424283e+000	  2.2182725e-001	
 -1.2065118e+000	 -3.4305495e-001	  1.0319501e-001	  3.6431513e-001	  1.6857145e-001	  9.0796223e-001	 -1.2727056e+000	  2.3886416e-001	  1.0505352e+000	  1.5332721e+000	  2.7331918e-001	
 -1.1728260e+000	  1.1090226e-001	 -3.0512079e-001	  4.2991459e-001	  1.2398106e+000	  5.2169872e-001	 -1.2727056e+000	 -1.1244551e+000	 -3.8437836e-001	  4.3266454e-001	 -1.3486767e+000	
  1.9094280e+000	  4.6434966e-002	  5.6530351e-002	 -5.8830305e-001	  5.7718844e-001	 -4.4396007e-001	 -1.2239902e+000	  5.7821852e-001	  1.8211058e-001	 -7.5529279e-001	 -3.7032998e-001	
 -7.6017451e-001	 -8.7491014e-001	  3.3651833e-001	  6.8660811e-001	  3.8576426e-001	 -1.2622718e-001	 -1.2669847e+000	  3.0378412e-001	  1.4674941e+000	  4.8158043e-001	  1.1458214e+000	
 -2.8857280e-001	 -1.1300932e+000	  2.8207622e-001	  1.3140812e+000	  4.8515759e-001	 -6.8693228e-001	 -1.2530696e+000	 -1.1244551e+000	  9.2967650e-002	  3.7676067e-001	 -4.9333849e-001	
 -5.2437366e-001	  5.8366244e-001	  9.8656876e-003	  2.1183875e+000	  9.4163063e-001	  6.8368019e-001	 -1.2727056e+000	  1.7394419e-001	  1.4042314e+000	  1.3760424e+000	  4.9931155e-001	
  1.0307891e+000	  1.5130660e+000	 -3.0512079e-001	 -2.7741867e-001	  6.5449436e-001	  1.5839234e+000	 -1.2530945e+000	 -7.9833852e-002	 -7.3519892e-001	  1.6712114e-001	  3.8744819e-002	
  3.6549385e-001	  9.3286029e-001	  6.6317098e-001	  1.8331725e+000	  1.0888800e+000	 -1.1688209e-001	 -1.2727056e+000	 -1.1244551e+000	  3.2013834e-001	  7.4013585e-001	 -1.3486767e+000	
 -1.5663661e-001	  9.3017415e-001	  1.8874690e-001	  2.8029036e+000	 -5.3822552e-001	  3.8869324e-002	 -1.2688334e+000	 -9.4651538e-001	  5.2430441e-001	  8.5543760e-001	 -3.5602667e-001	
  1.3564189e+000	 -1.8032330e-002	  1.5536883e+000	  6.5808661e-001	  2.7900847e-001	  2.8807159e-001	 -1.2727056e+000	  1.4738603e-001	  3.4026739e-001	 -1.1749213e+000	 -4.7331385e-001	
 -7.1806721e-001	 -2.6784310e-001	  3.0540856e-001	  4.9266189e-001	  2.0460009e+000	 -1.4501142e+000	 -1.2472237e+000	 -1.1244551e+000	 -1.0773927e+000	 -4.2336354e-001	 -1.3486767e+000	
  7.0515936e-001	  7.7975046e-001	  3.2874089e-001	 -7.5943206e-001	  9.6371804e-001	 -1.1999712e-001	 -1.2725287e+000	  1.0297074e+000	  1.3322575e-001	  6.8073799e-001	  1.2716905e+000	
 -9.5779808e-001	 -4.7736182e-001	 -5.3455539e-001	  4.6414039e-001	  5.4037610e-001	  4.6562821e-001	 -9.2045586e-001	 -1.1244551e+000	 -1.0773927e+000	 -4.7926741e-001	 -1.0568891e+000	
 -1.2065118e+000	 -3.1350744e-001	  1.4059169e+000	 -4.3999123e-001	 -4.1306356e-001	  3.8775250e-001	  8.8838935e-003	 -1.1244551e+000	 -1.0773927e+000	 -8.1469066e-001	 -1.3486767e+000	
  2.9531502e-001	 -4.2095293e-001	 -1.2267479e+000	 -1.0760207e+000	 -1.5314225e+000	 -1.4501142e+000	 -2.7591377e-001	 -4.7525546e-001	 -1.0773927e+000	 -1.3842114e+000	 -1.0254218e+000	
 -3.6436593e-001	  8.1354752e-002	  6.1650631e-001	 -5.4950952e-002	 -8.9898648e-001	  8.8709777e-002	 -1.9347234e-001	  5.3690582e-001	 -1.0773927e+000	  4.4831413e-002	  3.1336846e-001	
  1.0279820e+000	  1.5925273e-001	 -9.7359209e-001	 -4.3428693e-001	  1.5232656e+000	 -2.8509362e-001	  6.6591711e-001	  8.8367876e-002	 -1.0769240e+000	 -1.1833068e+000	 -2.7050429e-002	
 -1.1822019e+000	 -1.7382830e-001	  1.5692432e+000	  7.4079896e-001	 -1.1898040e+000	 -1.0763108e+000	  1.9375255e-001	 -1.1244551e+000	 -1.0773927e+000	 -1.3842114e+000	  8.7376089e-002	
 -1.2065118e+000	 -4.2901134e-001	 -6.4020029e-002	 -8.1476377e-001	  8.2014990e-001	 -1.4501142e+000	  1.3754131e+000	 -1.1244551e+000	 -1.0773927e+000	 -8.0071469e-001	 -1.3486767e+000	
  5.3392303e-001	  7.7063132e-004	 -1.0218122e+000	 -8.4528178e-001	 -7.6532859e-004	 -4.6265024e-001	  7.8333369e-001	 -1.1244551e+000	 -1.0636475e+000	 -1.3842114e+000	 -1.3486767e+000	
 -1.1926164e+000	 -1.2536555e+000	  5.1539954e-001	  4.5843609e-001	  3.5999562e-001	 -1.4501142e+000	  6.0595970e-001	 -6.0804629e-001	 -1.0773927e+000	 -1.0278242e+000	 -3.6174799e-001	
 -1.2065118e+000	 -1.2536555e+000	  1.1725936e+000	  1.6591913e+000	  3.9680797e-001	 -1.4501142e+000	  8.6827335e-001	 -2.9525010e-001	 -1.0737983e+000	 -8.7758252e-001	  5.5908796e-002	
 -2.0997252e-001	 -1.2536555e+000	 -7.5686195e-002	  1.8616940e+000	  1.6857145e-001	 -1.4501142e+000	 -5.3073274e-001	 -1.1244551e+000	 -1.0773927e+000	 -1.0784871e+000	 -5.7057639e-001	
 -1.2065118e+000	 -1.2536555e+000	 -8.8648472e-001	 -9.3626537e-001	 -1.2560662e+000	  3.7840741e-001	  1.1230923e+000	 -1.1244551e+000	 -1.0483494e+000	 -1.3842114e+000	 -1.0597497e+000	
 -1.2065118e+000	 -1.2536555e+000	 -8.1065464e-001	 -4.1717403e-001	 -1.3260096e+000	 -1.4501142e+000	  1.1280888e+000	 -1.1244551e+000	 -1.0773927e+000	 -1.3377413e+000	 -1.3486767e+000	
 -1.0543641e+000	 -9.9900969e-001	 -7.0177043e-001	  3.0441998e-001	  2.2747119e-001	 -3.6296933e-001	  1.1180959e+000	 -1.1244551e+000	 -1.0773927e+000	 -1.3842114e+000	 -1.3486767e+000	
 -2.2681544e-001	 -5.7406276e-001	 -7.1797473e-002	 -1.0760207e+000	  1.0599046e-001	 -9.5076895e-002	  6.9089936e-001	 -4.6640273e-001	 -9.9428853e-001	 -1.3842114e+000	 -1.3486767e+000	
  1.9936426e+000	  2.0234321e+000	 -4.0687698e-002	 -1.0605050e+000	  3.8576426e-001	  1.1051498e-001	  1.1680604e+000	  1.2598782e+000	  1.0332818e+000	  1.4668862e+000	 -1.6722291e-001	
 -8.0843480e-002	 -7.0031122e-001	  1.3475860e+000	 -1.0672932e+000	  1.5490343e+000	 -6.2774674e-001	 -1.1101908e-002	 -1.1244551e+000	  9.3551211e-001	  3.6627869e-001	  3.3911443e-001	
  2.8127926e-001	 -2.2217877e-001	  1.8764522e+000	 -1.0754503e+000	  1.9802132e-001	  8.1762641e-001	 -5.2823451e-001	 -5.1066635e-001	  7.2559489e-001	  1.5367661e+000	 -1.3486767e+000	
 -7.0403145e-001	 -1.7382830e-001	 -3.3623057e-001	 -1.0392280e+000	  1.7699083e+000	 -5.8725137e-001	  1.7751291e+000	 -1.1244551e+000	 -6.1154905e-001	 -1.3842114e+000	  2.7045852e-001	
 -7.0964575e-001	  2.1297548e-001	 -3.5567418e-001	 -1.0760207e+000	  7.4284398e-001	 -1.4501142e+000	 -4.1331616e-001	  5.8116943e-001	 -1.5433209e-001	 -2.1554438e-002	  1.3260431e+000	
 -1.2065118e+000	 -1.2015444e+000	 -8.4254216e-001	 -1.0760207e+000	 -9.1003018e-001	 -3.6608436e-001	 -3.6834810e-001	 -4.5164820e-001	 -1.0773927e+000	 -6.8191896e-001	 -1.8724755e-001	
  4.3847983e-001	 -3.9677770e-001	 -1.2267479e+000	 -1.0729689e+000	 -1.3661351e+000	  8.3943161e-001	  8.5578222e-001	 -1.9491924e-001	 -1.0773927e+000	 -1.3842114e+000	 -1.3106299e+000	
 -1.2065118e+000	 -1.1921430e+000	 -1.2267479e+000	 -1.0246820e+000	  1.3649726e+000	 -2.9755374e-001	  6.3843663e-001	 -1.1244551e+000	 -8.2923033e-001	 -1.1176198e+000	 -7.1074887e-001	
 -1.2065118e+000	 -8.8296856e-001	  7.4094541e-001	 -1.0760207e+000	  1.6005716e+000	 -5.8725137e-001	 -1.8597767e-001	 -8.3851217e-001	 -1.0773927e+000	 -1.0872220e+000	 -1.2720109e+000	
 -1.2065118e+000	  3.3385166e-001	  1.2503680e+000	 -1.0760207e+000	  1.8472142e+000	 -8.5731810e-002	  1.5627918e-001	  5.7231671e-001	 -1.0773927e+000	  4.4314652e-001	 -3.5888733e-001	
 -5.7490241e-001	  1.3733868e+000	 -5.6892002e-003	 -1.0626156e+000	 -1.4798852e+000	  7.9893624e-001	  1.2630048e-001	 -4.0443368e-001	  6.2494965e-001	  1.7988155e+000	  1.4519123e+000	
  2.8127926e-001	  9.5972166e-001	  8.3751405e-002	 -1.0760207e+000	 -1.5818554e+000	 -3.9723464e-001	 -1.0278795e+000	 -1.1244551e+000	 -1.0773927e+000	 -8.8107651e-001	 -9.4818389e-001	
 -1.0897343e+000	 -1.1252581e+000	 -1.8068169e-001	 -1.0760207e+000	  7.0971288e-001	 -7.2742765e-001	  6.6092066e-001	 -1.1244551e+000	 -1.0773927e+000	 -3.6396567e-001	 -6.4239047e-002	
 -1.2065118e+000	 -1.2305816e+000	 -1.2267479e+000	 -1.0760207e+000	 -1.3528827e+000	 -8.7383398e-001	 -1.0378724e+000	 -1.1244551e+000	 -1.0773927e+000	 -1.3842114e+000	 -1.3486767e+000	
  1.6287127e+000	 -1.2536555e+000	  2.0430179e-001	  1.3882371e+000	 -9.5420499e-001	  1.3534113e+000	  2.9742771e+000	  1.4929998e+000	  6.1057176e-001	  5.4097830e-001	 -1.3486767e+000	
  8.8481716e-001	 -1.2536555e+000	 -1.2267479e+000	 -7.7369281e-001	 -1.2118914e+000	 -4.5236442e-002	  4.7355377e-001	  1.9164964e-001	 -1.0773927e+000	 -1.0541025e-001	 -8.3375738e-001	
  1.2076398e+000	 -1.2254511e+000	 -5.8122005e-001	  5.7252210e-001	  6.0663832e-001	 -4.9691555e-001	 -5.4322386e-001	 -8.4382380e-001	  4.0353011e-001	  2.6495292e-001	  5.8799210e-001	
  5.1146580e-001	 -1.2534922e+000	  1.4798026e+000	  9.6041453e-001	  1.9834199e+000	 -1.4501142e+000	 -3.2587828e-001	 -4.3394275e-001	 -5.1090381e-001	  9.3579942e-001	  2.1610592e-001	
 -4.9349497e-001	 -1.2536555e+000	 -8.6081916e-001	 -1.0760207e+000	 -9.6477418e-002	 -3.0066877e-001	 -3.0589248e-001	 -1.1244551e+000	 -9.3706452e-001	 -1.0365592e+000	 -1.3486767e+000	
  6.2321323e-002	 -1.2536555e+000	 -4.8789072e-001	 -1.0487542e+000	  2.8637094e-001	  2.0708085e-001	  1.8876794e-002	  7.7888023e-001	  1.3322575e-001	  1.4005004e+000	  2.2754857e-001	
 -2.2681544e-001	 -1.2536555e+000	 -1.1540288e+000	 -5.8830305e-001	  6.8026300e-001	 -1.0202403e+000	 -1.0053955e+000	 -1.1244551e+000	 -4.5626782e-001	  2.0555505e-001	 -1.1678828e+000	
 -1.2065118e+000	 -1.2536555e+000	 -1.2267479e+000	 -2.9281600e-002	  9.1954323e-001	 -1.1766147e+000	 -9.0546651e-001	 -6.7296626e-001	 -8.4562113e-001	  3.4182075e-001	 -5.1908445e-001	
 -1.2065118e+000	 -1.2536555e+000	 -4.0687698e-002	  4.2991459e-001	  8.0221824e-002	 -1.4501142e+000	 -1.2727056e+000	 -7.7329711e-001	  1.2920838e+000	 -4.2518391e-002	  5.1075420e-001	
 -6.5350269e-001	 -1.2340736e+000	  9.5093640e-001	  1.2142559e+000	  5.9559461e-001	  5.4973397e-001	  2.6744901e+000	 -6.9362261e-001	  6.8821237e-001	  5.7242423e-001	 -1.1100974e+000	
 -8.2473903e-001	 -1.2344496e+000	  5.9706270e-001	  8.3777207e-001	 -1.5803829e+000	 -1.0264704e+000	 -1.1083224e+000	 -8.8248069e-001	  1.0850422e+000	  1.2868723e-001	  8.4515426e-002	
 -1.3137223e-001	 -1.2222277e+000	 -1.1310853e+000	 -5.9685950e-001	 -3.1367024e-001	 -3.9723464e-001	 -5.9318837e-001	  3.5985137e-001	  6.5082985e-001	  2.6688195e+000	 -1.3003429e-001	
  2.9531502e-001	 -1.2479609e+000	 -1.2267479e+000	 -1.0760207e+000	 -1.6198089e+000	 -1.4501142e+000	 -1.1925126e+000	 -9.5005647e-001	 -6.0292232e-001	 -5.9806314e-001	 -1.7580490e-001	
  2.0497857e+000	  8.5496231e-001	  5.5817548e-001	  1.5593661e+000	 -5.1613812e-001	  1.0387934e+000	 -2.1595637e-001	  1.2377877e-001	  1.0706643e+000	  2.5796494e-001	  3.7058172e-001	
  1.1655325e+000	 -5.5638253e-002	 -1.2267479e+000	  3.3864578e-001	 -7.9591192e-001	  6.5875996e-001	 -1.1095715e+000	  3.7755681e-001	  1.9707203e+000	  3.3483276e-001	  1.2688299e+000	
  4.8058712e-001	  5.7023175e-001	  3.2485217e-001	  3.1868073e-001	 -5.6399416e-001	 -8.3022358e-001	 -3.9083213e-001	  2.0935508e-001	  1.3438442e+000	  1.8652013e+000	  1.7694459e+000	
  1.1792569e-002	 -3.2693813e-001	  2.2763412e-001	 -1.0010092e+000	 -1.6079922e+000	  1.1540495e+000	 -5.8069724e-001	  4.2182042e-001	  2.1144992e+000	 -1.3842114e+000	  1.3231825e+000	
  7.5007381e-001	  7.8668614e-002	 -5.2353864e-002	  1.4755171e-001	 -8.4744920e-001	 -2.3431243e-002	  7.6334789e-001	  3.2300634e-002	  8.2911571e-001	  2.1254304e-001	  4.3923763e-001	
  1.4237905e+000	  1.0483642e+000	 -1.0070351e+000	 -5.4837294e-001	 -2.0323321e-001	  4.1267272e-001	  1.0881172e+000	  2.5656960e-001	  1.4732453e+000	 -3.3251974e-001	  2.3129718e+000	
  1.0364034e+000	  1.3868175e+000	 -1.2267479e+000	  3.7857588e-001	  1.6484276e+000	  2.0387175e+000	 -2.1094808e-002	  2.0935508e-001	  1.3582221e+000	 -7.0470328e-002	 -6.9358489e-001	
 -1.1587902e+000	  1.3948759e+000	 -1.1855274e+000	 -5.2098802e-002	  3.8944550e-001	  2.3502204e+000	  4.2109104e-001	  4.3952587e-001	  2.2007666e+000	  1.0266432e+000	  3.5055708e-001	
  7.6410958e-001	  4.4666943e-001	 -1.2267479e+000	 -9.6820946e-001	 -3.6888875e-001	  8.7369692e-001	 -8.0803573e-001	  3.2444048e-001	  1.5048766e+000	  1.2258008e+000	  2.1127254e+000	
  2.6392878e+000	  2.3994913e+000	 -3.2456440e-001	 -1.0561698e+000	 -1.4029474e+000	 -2.9443871e-001	 -1.2727056e+000	  5.1920037e-001	  2.5745918e+000	 -1.1072461e-002	  9.3127165e-001	
 -8.8368924e-001	  6.1052381e-001	  2.0786658e+000	  2.2039520e+000	  9.0481829e-001	 -1.7295260e-001	  1.3004663e+000	 -3.7197369e-001	 -1.7446114e-001	 -8.6360655e-001	  3.0764713e-001	
  8.2867410e-001	  5.8903471e-001	  1.5964642e+000	  5.6111350e-001	 -7.0388106e-001	 -5.7479126e-001	  2.1248806e+000	  2.7722596e-001	  1.6170242e+000	  1.9507308e-001	  1.0256735e+000	
  5.3899864e-002	  1.4297957e+000	  1.1064853e+000	 -3.7439178e-001	 -3.7625122e-001	  1.8518158e+000	  4.9603780e-001	  2.3886416e-001	  1.2374478e+000	 -3.4300172e-001	 -2.7306744e-001	
  7.0796652e-001	  1.7279569e+000	  1.7170146e+000	  1.2941161e+000	  2.0170255e-001	 -4.4084504e-001	  5.6099165e-001	  4.0116407e-001	  2.1144992e+000	  2.3001300e-001	  1.4004204e+000	
  1.0588606e+000	 -1.2010555e-001	 -1.2267479e+000	  3.3864578e-001	 -7.9591192e-001	  9.8583794e-001	 -8.7798604e-001	  1.8057960e+000	  6.1336288e-002	  2.0206106e-001	  1.1601247e+000	
  4.9462289e-001	  5.8097630e-001	  3.2485217e-001	  3.1868073e-001	 -5.6399416e-001	 -4.8134041e-001	 -1.8596583e-002	  1.8116979e+000	 -3.6433377e-002	  1.8861653e+000	  1.7980525e+000	
 -1.1733647e-001	 -4.3438362e-001	  2.2763412e-001	 -1.0010092e+000	 -1.6079922e+000	  1.4780124e+000	 -3.3587118e-001	  1.8175997e+000	  8.7216493e-002	 -1.3842114e+000	  1.1887313e+000	
  7.1077367e-001	  5.1807241e-002	 -5.2353864e-002	  1.4755171e-001	 -8.4744920e-001	  4.1890278e-001	  1.1330852e+000	  1.8057960e+000	 -7.1506987e-001	  1.6362715e-001	  3.9918835e-001	
  1.1458824e+000	  8.7645141e-001	 -1.0070351e+000	 -5.4837294e-001	 -2.0323321e-001	  6.8679522e-001	  1.3254485e+000	  1.8205506e+000	 -8.2434185e-001	 -6.7842496e-001	  2.0269056e+000	
  8.9323861e-001	  1.2928027e+000	 -1.2267479e+000	  3.7857588e-001	  1.6484276e+000	  2.3190701e+000	  1.0881290e-001	  1.8087469e+000	 -5.4541075e-001	 -2.4866393e-001	 -8.3661804e-001	
 -1.2065118e+000	  1.2498245e+000	 -1.1855274e+000	 -5.2098802e-002	  3.8944550e-001	  2.5682723e+000	  5.4600230e-001	  1.8205506e+000	  1.0446996e-001	  8.5543760e-001	  2.1038459e-001	
  3.6549385e-001	  1.5119432e-001	 -1.2267479e+000	 -9.6820946e-001	 -3.6888875e-001	  1.1415894e+000	 -5.9568659e-001	  1.8854705e+000	 -1.0773927e+000	  7.2965388e-001	  1.7122326e+000	
  2.4708586e+000	  2.3189072e+000	 -3.2456440e-001	 -1.0561698e+000	 -1.4029474e+000	 -1.1376707e-001	 -1.0536113e+000	  1.8205506e+000	  2.4249773e-001	 -2.2071199e-001	  7.5963188e-001	
 -4.9068782e-001	  1.0698533e+000	  2.0786658e+000	  2.2039520e+000	  9.0481829e-001	  4.6251318e-001	  1.7001823e+000	  1.8854705e+000	 -8.9594375e-001	 -3.7444765e-001	  7.0527928e-001	
  9.1288869e-001	  6.4275746e-001	  1.5964642e+000	  5.6111350e-001	 -7.0388106e-001	 -2.4148323e-001	  2.4746321e+000	  1.7998942e+000	  5.5881135e-001	  2.9989284e-001	  1.1114934e+000	
  4.8285558e-002	  1.4244234e+000	  1.1064853e+000	 -3.7439178e-001	 -3.7625122e-001	  2.1321684e+000	  6.8590291e-001	  1.8854705e+000	 -2.0609250e-001	 -3.4998970e-001	 -2.7592810e-001	
  8.0060256e-001	  1.7816797e+000	  1.7170146e+000	  1.2941161e+000	  2.0170255e-001	 -1.9787283e-001	  7.9332659e-001	  1.8028451e+000	  1.2058165e+000	  3.4531474e-001	  1.4948223e+000	
  5.2830872e-001	  1.0994008e+000	 -1.7355366e-002	  7.6361616e-001	 -1.2755767e+000	  1.9773577e-001	  1.2030355e+000	  1.7969433e+000	  1.0390329e+000	  1.0650771e+000	  1.5691995e+000	
