  5.6339631e-001	 -2.8149220e-001	  8.3463934e-001	  9.2469941e-001	 -4.5916762e-001	 -4.9819816e-002	 -9.4017526e-001	 -1.8218215e-001	  3.9722753e-002	 -5.6520573e-001	 -1.2080869e+000	
  1.4479713e+000	  5.6555001e-001	  2.7296556e+000	  8.2099484e-001	  1.7773389e+000	  5.6780531e-002	  2.3766276e-001	  1.4439848e+000	  2.1499085e+000	  2.3743307e+000	  9.5885337e-001	
  5.6039775e-001	 -8.6658783e-001	 -9.0128910e-001	  3.3075505e-001	  3.2462317e-001	 -1.1763262e+000	  1.5737979e+000	  1.4362284e-001	 -4.4856442e-001	  1.3132826e+000	 -8.0499812e-001	
 -5.4607063e-001	  1.0775552e-001	 -1.0470082e+000	  4.3445962e-001	  1.5678775e+000	  7.1185983e-002	  6.0584607e-002	 -4.3939661e-001	  4.3967657e-001	 -1.3027614e-002	 -3.1263467e-001	
  1.8257898e+000	  7.3936503e-001	 -1.0470082e+000	  5.0359600e-001	 -9.0849596e-001	 -7.1535171e-001	 -1.0233483e+000	 -1.0767169e+000	  4.9856548e-001	  7.7463823e-001	 -1.5031705e-001	
  2.8453029e-001	  5.8268670e-001	  4.3357771e-001	  1.4306520e+000	  1.5509855e+000	  1.4609434e-001	 -2.7210768e-001	 -7.6805953e-001	  9.6231561e-001	 -3.7388414e-002	  5.7740696e-001	
  3.5649871e-002	  1.6231287e+000	  2.2082754e+000	  1.2295280e+000	  1.7976093e+000	  9.5856185e-001	  6.6962614e-001	  1.1953442e+000	  5.6236179e-001	  8.9102872e-001	  1.0995286e+000	
  2.3355448e+000	  8.1770419e-001	  6.8424123e-001	  1.6569165e+000	  5.9151745e-001	  9.4234707e-002	  7.0987117e-001	  1.8077604e-001	  1.6100936e+000	  2.2119254e+000	  4.7460580e-001	
 -8.4292500e-002	  4.6517796e-001	  1.5283456e-001	  1.7669062e+000	  5.9151745e-001	  5.9661621e-002	 -5.7260394e-001	 -9.2238821e-001	  4.4213028e-001	 -6.4911515e-001	  6.1257577e-001	
 -1.2627263e+000	 -4.6509962e-001	  3.4333884e-001	  1.7951893e+000	  1.2976048e+000	 -7.7585461e-001	  1.1740306e+000	 -5.1941888e-001	 -5.6388853e-001	 -1.2527216e+000	 -1.0452282e+000	
 -9.5387469e-001	 -1.2116718e+000	 -6.1586691e-001	 -2.4119138e-001	  9.5976398e-001	 -1.1763262e+000	 -1.4868957e-001	 -4.1367516e-001	 -1.0153701e+000	 -1.2527216e+000	  4.2320522e-001	
  5.9038334e-001	  1.8924196e+000	  2.1815380e+000	  5.5701957e-001	  1.1219276e+000	  9.2686985e-001	  1.4933079e+000	  1.9220779e-001	 -8.7869876e-002	 -4.8941658e-001	  1.1401080e+000	
 -6.4202453e-001	  4.0642358e-001	 -1.0470082e+000	 -1.0268321e+000	 -8.6119824e-001	 -2.6590160e-001	 -1.1856456e-002	 -4.3368073e-001	 -1.0153701e+000	 -1.2527216e+000	 -4.5872053e-001	
 -1.0375345e+000	 -5.9240076e-001	 -1.0470082e+000	 -1.0268321e+000	 -1.1078221e+000	 -1.1763262e+000	 -1.2280614e+000	 -1.0238450e+000	 -1.0153701e+000	 -1.2527216e+000	 -1.2080869e+000	
  3.2651012e-001	  1.6720907e+000	  3.4333884e-001	  5.9787288e-001	 -1.0740380e+000	 -8.8245496e-001	  6.3267610e-002	  3.7879116e-002	  1.1659731e+000	  9.6140436e-001	  8.7748798e-002	
 -6.4802165e-001	 -2.0070494e-001	 -5.9915601e-001	 -1.0166187e+000	 -1.3622162e+000	 -9.8242880e-001	 -2.5332667e-001	 -8.9409462e-001	 -1.3939767e-001	 -9.6851230e-001	 -1.2080869e+000	
 -1.2627263e+000	 -6.7563612e-001	  1.8959855e-001	 -1.0268321e+000	  3.8881293e-001	  3.9674921e-001	 -1.3775046e+000	 -6.6231581e-001	 -8.3428676e-001	 -8.7106910e-001	 -8.6180929e-001	
  6.6234876e-001	  8.0056750e-001	 -8.4981953e-001	  9.0584403e-001	  1.3381457e+000	  4.5256169e-002	 -1.3618359e+000	 -7.4805396e-001	  9.6231561e-001	 -1.2527216e+000	 -9.0509399e-001	
  2.5454470e-001	 -3.6682314e-002	 -3.4849248e-001	  5.5701957e-001	 -5.6389828e-001	 -9.5217735e-001	 -1.3775046e+000	 -4.5082836e-001	  3.7588026e-001	 -3.4681658e-002	 -1.0776917e+000	
 -1.2627263e+000	  2.6198575e-001	 -9.4473745e-001	  1.8933972e-001	  1.2030094e+000	  1.2697196e+000	 -1.3208933e+000	 -5.9372528e-001	  3.8814878e-001	  3.3885060e-001	  8.9933691e-001	
  1.4929497e+000	 -2.3497832e-001	 -3.8525647e-001	 -1.7519756e-001	  3.3475840e-001	  2.5845686e-001	 -1.3516673e+000	 -1.0767169e+000	 -1.0153701e+000	 -4.8941658e-001	 -6.7243873e-001	
 -2.6120750e-001	  2.3995286e-001	 -3.8525647e-001	  3.7789349e-001	  1.0746299e+000	 -6.4044336e-001	 -1.3702337e+000	  7.5032316e-002	  2.5000527e-002	 -1.2527216e+000	  2.2301348e-001	
  1.7208402e+000	  5.1169183e-001	  2.3954375e+000	  3.7789349e-001	  1.4597685e+000	  9.3263203e-001	 -1.3511307e+000	 -7.2233251e-001	  1.3050982e-001	  3.0636953e-001	  6.7479753e-001	
  1.0911427e+000	  7.9077511e-001	  3.9200433e-002	  3.4646786e-001	  1.3009832e+000	 -1.1608490e-001	 -1.3775046e+000	  5.1515484e-001	  6.1879699e-001	  7.3945041e-001	 -4.9929993e-001	
 -1.2627263e+000	 -1.2166660e+000	  7.3437394e-001	 -2.1211984e-002	 -8.0038688e-001	 -1.1763262e+000	 -1.3716825e+000	 -1.0767169e+000	 -5.1972185e-001	 -2.8370316e-001	 -8.8886223e-001	
  2.6054182e-001	 -9.7884785e-002	  1.2925180e+000	  2.3042845e+000	  1.1421980e+000	 -1.2365640e-002	 -1.3599041e+000	  9.0383447e-001	  5.6236179e-001	  1.3051623e+000	  2.1760290e-001	
 -5.2508072e-001	 -1.0803069e+000	 -6.8605269e-001	  3.6532324e-001	 -1.2774182e+000	 -1.1763262e+000	 -1.3703410e+000	 -1.0767169e+000	 -9.1624048e-001	  2.1975336e-001	 -1.2080869e+000	
 -1.2627263e+000	 -9.1554981e-001	  3.0657486e-001	  1.9240344e+000	  1.1219276e+000	 -3.2533274e-002	 -1.3775046e+000	 -9.1781550e-001	  1.4523204e-001	  1.3403501e+000	 -5.5881639e-001	
 -1.2627263e+000	  1.3783188e+000	  2.4364494e-003	  1.8140447e+000	  1.5746343e+000	  1.4195363e+000	 -1.3399426e+000	 -1.0164144e+000	  1.1586120e+000	  3.6321140e-001	  3.6909934e-001	
  1.8557754e+000	 -2.0070494e-001	 -1.0470082e+000	 -8.0025330e-001	 -9.3214482e-001	  6.7621498e-001	 -1.3775046e+000	  3.6082616e-001	 -3.8795788e-002	  6.9343557e-001	  1.1346975e+000	
  3.5349716e-001	 -4.6265152e-001	  3.2516072e-002	  2.7418892e-001	  8.0773560e-001	 -3.4657213e-001	  9.5463638e-002	 -1.0767169e+000	 -1.0153701e+000	 -1.2527216e+000	 -8.7533576e-001	
 -1.2627263e+000	 -1.2166660e+000	 -7.8397858e-001	 -3.7317902e-001	 -9.8282095e-001	 -1.1763262e+000	 -2.7479068e-001	 -1.0767169e+000	 -1.0153701e+000	 -6.0851382e-001	 -1.2080869e+000	
 -1.2627263e+000	 -9.7430418e-001	 -7.1613232e-001	 -1.0268321e+000	 -6.4608686e-003	 -1.1763262e+000	 -7.7382912e-001	 -1.0435648e+000	 -9.9814514e-001	 -1.2527216e+000	 -1.5572763e-001	
 -1.0390338e+000	 -9.2779030e-001	  4.9373695e-001	 -2.5061907e-001	  8.9557422e-001	  6.3299862e-001	 -1.5673858e-001	 -1.0767169e+000	 -1.0153701e+000	 -1.2527216e+000	 -5.3717405e-001	
 -1.2627263e+000	 -5.0426920e-001	  1.7336858e+000	  4.0303399e-001	 -4.5241080e-001	 -6.4044336e-001	 -3.9284279e-001	 -7.1661664e-001	 -1.0153701e+000	 -4.5422876e-001	 -5.8045874e-001	
 -1.2627263e+000	 -6.7073992e-001	 -1.0470082e+000	  4.4702987e-001	 -6.3822327e-001	 -1.1763262e+000	 -1.0260313e+000	 -1.0767169e+000	 -9.7488402e-001	 -1.2527216e+000	 -1.0755275e+000	
 -1.0630223e+000	 -5.6057547e-001	  1.3946584e-001	 -7.1854666e-001	  5.8138222e-001	  6.2542712e-002	  9.8146640e-002	 -1.0767169e+000	 -1.0153701e+000	 -1.2527216e+000	 -8.3205106e-001	
 -1.2627263e+000	  1.7630229e-001	 -1.0932272e-002	 -1.0268321e+000	 -1.1382277e+000	 -1.1763262e+000	 -9.6432228e-001	 -4.9655538e-001	 -1.0153701e+000	 -8.6024208e-001	  1.3889951e+000	
 -1.1595759e+000	  6.7326636e-001	 -4.7696255e-002	  1.5092161e+000	  9.6652080e-001	 -7.8161680e-001	  8.6280231e-001	 -3.9938547e-001	 -9.7807383e-001	 -3.6761258e-001	 -1.2069939e+000	
 -1.2627263e+000	 -1.2166660e+000	 -3.0985354e-002	  8.8384609e-001	 -6.6187213e-001	 -1.1391601e+000	  8.7414631e-002	 -9.6982998e-001	 -1.0153701e+000	 -1.2527216e+000	 -1.2080869e+000	
 -1.2627263e+000	 -6.8542852e-001	 -6.4260435e-001	  1.5720673e+000	 -8.2403574e-001	 -1.7946889e-001	  9.7280540e-001	 -1.2502338e-001	 -1.0152452e+000	 -1.1923610e+000	 -1.2080869e+000	
 -7.4097698e-001	 -9.3758270e-001	  8.0121754e-001	  7.1729027e-001	  1.1962526e+000	 -1.0043251e+000	  2.6449278e-001	 -1.0767169e+000	 -9.8739791e-001	 -1.2527216e+000	 -4.9118405e-001	
 -1.2627263e+000	  2.4484906e-001	  2.1280631e+000	 -3.1975545e-001	  1.2867547e-001	  7.8281533e-001	 -1.9698362e-001	  2.0078161e-001	 -9.9819421e-001	  8.8561521e-001	 -3.4509819e-001	
 -3.3017436e-001	 -1.1679488e+000	 -4.6546879e-001	 -3.1975545e-001	 -1.0267403e+000	 -9.1818048e-001	 -1.3775046e+000	 -1.0767169e+000	 -1.0153701e+000	 -1.2527216e+000	 -1.2080869e+000	
 -1.2627263e+000	 -1.2166660e+000	 -3.7188774e-001	 -9.9037834e-001	 -1.4453251e+000	 -1.1763262e+000	 -8.0602515e-001	 -5.4799827e-001	 -1.0153701e+000	 -1.1344364e+000	 -1.2080869e+000	
 -1.2627263e+000	 -1.2166660e+000	 -1.0470082e+000	 -1.0268321e+000	 -9.3214482e-001	  6.3876081e-001	 -9.4017526e-001	 -1.0767169e+000	 -1.0153701e+000	  1.1418989e-001	 -6.8055461e-001	
  2.0656775e-001	  8.2749659e-001	  8.4466589e-001	 -1.0268321e+000	  1.3617946e+000	  8.3467496e-001	  8.2255727e-001	  6.1518269e-001	 -9.3439789e-001	 -6.9869479e-002	  1.8218421e+000	
  4.0747122e-001	  6.2185628e-001	 -1.0470082e+000	 -1.0268321e+000	 -2.6731320e-002	  1.1919302e+000	  1.3859878e+000	 -5.1941888e-001	 -1.0153701e+000	 -1.2107669e+000	 -5.2926474e-002	
 -1.2627263e+000	 -1.2166660e+000	 -8.1171867e-001	 -1.0268321e+000	 -1.3980274e+000	 -1.0440841e+000	 -2.8552269e-001	 -9.7240213e-001	 -1.0153701e+000	  6.0140588e-001	 -8.6721988e-001	
  2.0057063e-001	  9.8417492e-001	  1.7203171e+000	 -1.0268321e+000	  1.5712559e+000	  4.0539248e-001	  2.0835684e+000	  3.8654761e-001	  1.1021768e+000	  1.6164392e+000	  8.2358868e-001	
 -4.1113546e-001	  1.1265172e-001	 -1.0470082e+000	 -1.0268321e+000	 -9.0849596e-001	  4.5148993e-001	 -4.7601586e-001	 -1.0767169e+000	 -1.0153701e+000	 -3.5678556e-001	 -1.1244294e-001	
  4.1046978e-001	  1.2559139e+000	  6.1405544e-001	 -1.0205469e+000	  2.0300046e-001	  1.4281796e+000	  2.2156475e-001	  7.3807404e-001	 -9.5230989e-002	  6.3388695e-001	 -1.7757656e-002	
 -1.5325637e-002	  2.7737352e+000	  4.9226974e-002	 -1.0232496e+000	 -1.4159721e-001	  1.7623861e+000	  5.4352503e-001	  8.8382890e-001	  6.9731553e-001	  6.4742072e-001	  1.3914938e-001	
 -3.5416284e-001	 -2.4966692e-001	 -2.5156925e-001	 -1.0268321e+000	 -7.5984598e-001	 -1.1763262e+000	 -9.4822427e-001	 -3.2507907e-001	 -4.3874961e-001	  7.9087877e-001	  3.1499347e-001	
 -1.2627263e+000	 -1.2166660e+000	 -9.0573086e-004	 -1.0268321e+000	 -5.8754714e-001	 -9.8963153e-001	 -1.3775046e+000	 -1.0767169e+000	 -1.0153701e+000	 -1.1173839e+000	 -3.2616114e-001	
  6.5335309e-001	  1.8609468e-001	  2.3620157e+000	 -1.0268321e+000	  1.1624685e+000	  1.6914306e-001	  6.4011311e-001	 -7.5662778e-001	 -8.4753676e-001	 -1.2527216e+000	 -1.2080869e+000	
 -3.5416284e-001	 -1.1348995e+000	 -1.0470082e+000	 -1.0268321e+000	 -9.1187437e-001	 -1.1763262e+000	 -1.2173294e+000	 -1.0767169e+000	 -9.9122569e-001	 -4.4069498e-001	 -1.2080869e+000	
  1.4359771e+000	  1.4517618e+000	  9.7501092e-001	 -1.0268321e+000	  1.3516594e+000	  1.9640624e+000	  2.1103984e+000	  1.0495893e+000	  5.0592659e-001	  6.0411264e-001	  6.7750282e-001	
 -1.2027521e-001	 -1.2038135e+000	 -9.6479053e-001	 -7.5845721e-001	  9.7665603e-001	 -1.0550323e+000	  2.0299083e+000	  7.1806847e-001	 -5.4671260e-001	  1.7103176e-001	 -1.0760685e+000	
  1.0041845e+000	 -1.1655007e+000	 -1.0470082e+000	  6.6779773e-002	 -5.0308693e-001	 -1.1763262e+000	 -1.1923775e+000	 -1.0767169e+000	  9.6157954e-002	  4.5794784e-001	  1.6349702e-001	
  1.2800520e+000	 -1.1967874e+000	  1.2724650e+000	  2.3357101e+000	  7.7999346e-002	  6.4452299e-001	 -3.5796376e-001	  2.2099123e+000	  2.0517604e+000	  7.6922472e-001	  1.4726526e-001	
 -1.2627263e+000	 -1.2166660e+000	  5.8063364e-001	 -1.5948475e-001	 -3.8146422e-001	  9.4234707e-002	 -5.8601896e-001	 -6.4231024e-001	 -3.5777736e-001	 -1.2527216e+000	  5.5285274e-002	
 -2.6420606e-001	 -1.2166660e+000	  1.6735266e+000	  9.0584403e-001	  1.0915219e+000	 -1.1763262e+000	  1.8668572e-001	 -1.0767169e+000	  5.1328770e-001	 -2.4039508e-001	 -4.2311875e-003	
 -3.2117868e-001	 -1.2046213e+000	  1.2275494e-001	  2.1133766e-001	 -9.7944254e-001	  4.1979793e-001	  1.1311025e+000	 -1.0767169e+000	 -5.1064310e-002	  1.5893716e+000	 -7.6982930e-001	
 -1.2627263e+000	 -1.1841063e+000	 -9.1833422e-001	 -1.0268321e+000	  1.3753082e+000	 -1.1763262e+000	 -4.1430681e-001	 -1.0767169e+000	 -8.9980066e-001	 -1.2527216e+000	 -1.2080869e+000	
 -1.2627263e+000	 -1.1909609e+000	 -1.0470082e+000	 -1.0268321e+000	 -1.3409323e+000	 -9.9049585e-001	  3.3754584e-002	 -1.0767169e+000	 -1.0153701e+000	 -1.2527216e+000	 -1.2080869e+000	
 -3.2717580e-001	 -1.2152461e+000	 -2.4300993e-002	 -2.9147238e-001	  1.8685559e+000	 -1.1763262e+000	  1.5201379e+000	 -4.6797599e-001	  9.5495450e-001	 -1.7813970e-001	 -1.0425229e+000	
 -1.2627263e+000	 -1.2138751e+000	 -6.8605269e-001	 -4.0146208e-001	 -3.5781536e-001	 -9.9452938e-001	  2.5376078e-001	 -1.3073925e-001	 -3.2342550e-001	  2.6576820e-001	  1.9866584e-001	
  5.8438622e-001	 -1.2166660e+000	  1.9208479e+000	 -5.8922738e-002	  1.2266583e+000	 -1.1763262e+000	  2.4034576e-001	 -7.6438422e-002	  6.0162106e-001	  7.4215717e-001	 -1.2080869e+000	
 -9.2688766e-001	 -1.1843511e+000	  5.2715876e-001	  8.5635150e-002	  7.4692424e-001	 -2.8318814e-001	  8.5743630e-001	  8.3810189e-001	  6.5314885e-001	  1.0453138e+000	  5.6117519e-001	
  6.5635164e-001	 -1.2166660e+000	 -4.7696255e-002	 -8.5273409e-001	 -1.4074869e+000	 -5.7129719e-001	 -7.7382912e-001	  1.7791810e-001	  8.4208409e-001	  1.8997905e-001	  7.1808223e-001	
 -1.1265917e+000	 -1.2082200e+000	 -9.1432361e-001	 -1.0268321e+000	 -1.0807948e+000	 -1.1763262e+000	 -1.3775046e+000	 -1.0767169e+000	 -8.1563860e-001	 -1.2527216e+000	 -1.2080869e+000	
  5.7239198e-001	  9.1562815e-001	 -7.5900915e-003	  1.0001209e+000	 -1.1595117e+000	  1.1728343e-001	  9.8622041e-001	  4.5228019e-001	  1.9290751e+000	  6.2847344e-001	  1.5242597e+000	
  6.5635164e-001	  1.2803949e+000	 -1.6467257e-001	 -1.0268321e+000	 -1.3889057e+000	 -2.3132852e-001	 -1.0957894e+000	  1.5219665e-001	  8.6907484e-001	  1.7517770e+000	  2.0382656e+000	
  1.0551600e+000	  1.5986477e+000	 -1.0470082e+000	 -1.0268321e+000	 -1.0199834e+000	  4.1403575e-001	  1.1740306e+000	  5.4373422e-001	  2.1008345e+000	  8.9914899e-001	  9.4532690e-001	
  1.2770534e+000	  8.2260039e-001	 -1.0470082e+000	 -1.0268321e+000	 -8.5781983e-001	  2.0504951e+000	  1.3001317e+000	  4.4942225e-001	  1.8309270e+000	 -7.0325026e-001	  1.5808643e-001	
  1.6698647e+000	  1.3783188e+000	  9.1150949e-001	  1.3678008e+000	  1.2469287e+000	  1.4742770e+000	  1.2089096e+000	  3.1224121e-001	  1.3990750e+000	  1.0696746e+000	  4.6378462e-001	
  2.0356919e-001	 -9.9633707e-001	  1.1588308e+000	  7.1100514e-001	 -3.9835626e-001	 -2.3709070e-001	  5.9986808e-001	 -5.7657765e-001	 -5.1481444e-001	 -1.2527216e+000	  1.9571067e+000	
  6.9233436e-001	  1.1384051e+000	  1.2524119e+000	  3.8103605e-001	 -8.7542674e-002	  6.7909607e-001	 -8.2748917e-001	 -1.1644956e-001	  3.0472283e-001	 -3.0265045e-001	  2.0382656e+000	
  5.5140207e-001	  1.3468461e-001	 -1.0470082e+000	 -1.0268321e+000	  2.7323217e-002	 -5.3672411e-001	  4.7376697e-001	  3.1509915e-001	  1.3450935e+000	  7.5839770e-001	 -2.3959174e-001	
 -6.3299587e-003	  6.4144107e-001	 -1.0470082e+000	 -1.0268321e+000	 -9.4565845e-001	 -7.5568698e-001	  3.4229985e-001	  3.3510472e-001	  1.4211583e+000	  3.3614384e-001	  2.3653995e-001	
  7.7629701e-002	 -4.8922808e-002	 -2.7830670e-001	  1.9240344e+000	  1.7187991e-002	 -9.3863623e-001	  9.2780635e-002	  3.0652533e-001	  1.3549083e+000	  1.6976419e+000	 -3.6944584e-001	
 -5.4906919e-001	  4.4559316e-001	 -3.0504414e-001	 -1.0268321e+000	 -1.4727915e+000	  7.2807461e-001	 -1.1381054e-001	 -1.3073925e-001	  2.3847281e-001	  1.7644527e-001	  2.8523524e-001	
  4.4645249e-001	  1.5007238e+000	 -1.0470082e+000	 -2.6004676e-001	 -1.4159721e-001	  1.4598716e+000	  1.2142756e+000	  6.2375650e-001	  2.6651865e+000	  7.7463823e-001	  1.0102539e+000	
  1.6758618e+000	 -2.7904410e-001	 -1.0470082e+000	 -4.4231540e-001	 -7.5984598e-001	  1.9795396e-001	  6.3743011e-001	  4.9514927e-001	  1.7818529e+000	  1.5081690e+000	 -7.8335577e-001	
  1.5109410e+000	  1.4762428e+000	 -8.7802419e-002	  6.0101544e-001	  3.3137999e-001	  2.1945497e+000	  5.2474401e-001	  5.6659773e-001	  2.2235197e+000	 -1.0315797e+000	  2.1464773e+000	
  3.3850436e-001	  1.0723065e+000	 -1.6467257e-001	 -1.0268321e+000	 -1.3889057e+000	  1.9326355e-002	 -6.4504501e-001	  1.7669319e+000	 -1.0153701e+000	  1.4811014e+000	  1.7406832e+000	
  7.1932139e-001	  1.4272808e+000	 -1.0470082e+000	 -1.0268321e+000	 -1.0199834e+000	  5.7825791e-001	  1.4128178e+000	  1.8098010e+000	 -3.6513847e-001	  5.9599237e-001	  6.4233401e-001	
  8.8424215e-001	  6.0716769e-001	 -1.0470082e+000	 -1.0268321e+000	 -8.5781983e-001	  2.2521715e+000	  1.4664778e+000	  1.7755057e+000	 -6.3504596e-001	 -1.0567525e+000	 -1.9360175e-001	
  1.7658186e+000	  1.4272808e+000	  9.1150949e-001	  1.3678008e+000	  1.2469287e+000	  1.7047643e+000	  1.3591577e+000	  1.7526422e+000	  5.2310252e-001	  1.1535840e+000	  5.4494343e-001	
  8.3026808e-001	 -5.5323118e-001	  1.1588308e+000	  7.1100514e-001	 -3.9835626e-001	  8.8077240e-001	  1.3054977e+000	  1.8098010e+000	 -1.0153701e+000	 -9.7121906e-001	  2.5252184e+000	
  8.1527529e-001	  1.2142962e+000	  1.2524119e+000	  3.8103605e-001	 -8.7542674e-002	  1.0507567e+000	 -5.0284588e-001	  1.7440684e+000	 -6.9884227e-001	 -1.9167348e-001	  2.1464773e+000	
  7.7629701e-002	 -1.9091254e-001	 -1.0470082e+000	 -1.0268321e+000	  2.7323217e-002	 -3.0623687e-001	  7.7962923e-001	  1.7697898e+000	 -1.0153701e+000	  3.3073033e-001	 -6.6702814e-001	
 -5.0109224e-001	  2.4240096e-001	 -1.0470082e+000	 -1.0268321e+000	 -9.4565845e-001	 -5.6265392e-001	  7.3938420e-001	  1.7697898e+000	 -1.0153701e+000	 -1.1317757e-001	 -2.0983351e-001	
  1.3160377e-001	 -1.2201325e-002	 -2.7830670e-001	  1.9240344e+000	  1.7187991e-002	 -5.9434591e-001	  4.7376697e-001	  1.7612160e+000	  3.2680617e-001	  1.7517770e+000	 -3.2075055e-001	
 -5.6106343e-001	  4.3335267e-001	 -3.0504414e-001	 -1.0268321e+000	 -1.4727915e+000	  1.1544760e+000	  3.5303186e-001	  1.7583581e+000	 -1.0153701e+000	  1.6561825e-001	  2.7441406e-001	
  3.1451589e-001	  1.4027998e+000	 -1.0470082e+000	 -2.6004676e-001	 -1.4159721e-001	  1.6212127e+000	  1.3591577e+000	  1.7669319e+000	  6.9486183e-001	  6.5283424e-001	  8.8851573e-001	
  1.4329785e+000	 -4.0144905e-001	 -1.0470082e+000	 -4.4231540e-001	 -7.5984598e-001	  4.7165756e-001	  9.0573034e-001	  1.8383803e+000	 -2.9152734e-001	  1.2835083e+000	 -1.0035667e+000	
  1.5049439e+000	  1.4517618e+000	 -8.7802419e-002	  6.0101544e-001	  3.3137999e-001	  2.3962260e+000	  6.4547912e-001	  1.8098010e+000	  9.6967672e-001	 -1.0369932e+000	  2.1464773e+000	
  9.4421334e-001	  1.9343898e-001	  7.0429431e-001	  1.4369371e+000	  1.8948683e-001	  1.4598716e+000	  8.5743630e-001	  1.7812216e+000	  4.4213028e-001	  1.1211029e+000	  1.5783656e+000	
