 -1.0131832e+000	 -3.1498112e-001	 -2.2774605e-001	  7.3172700e-001	 -6.4092992e-001	 -7.8403519e-003	  2.2031596e+000	 -1.0431387e+000	 -8.2731477e-001	 -2.7565432e-001	 -1.4763231e+000	
  2.6340489e-001	  7.8592364e-001	 -1.7492027e-001	  1.3518823e+000	  9.6166617e-001	  9.5785076e-001	  2.7179088e+000	  2.6556565e-001	  1.3703548e+000	  1.1236540e+000	  9.1100353e-001	
 -4.3944253e-001	 -1.2696143e-001	  6.4564029e-001	  4.6236664e-001	 -9.3441740e-001	 -1.3444982e+000	 -7.6236791e-001	 -1.0431387e+000	  1.1911042e+000	  2.5771431e-001	  8.9242511e-001	
 -6.6568097e-001	  5.2863354e-001	 -8.5672509e-001	  9.6037010e-001	 -4.9032451e-001	 -2.1982133e-001	  1.0907293e+000	 -1.0431387e+000	  3.5460127e-001	  7.2519624e-001	  3.4126540e-001	
 -1.2720000e+000	 -1.0838827e+000	  3.4277244e-001	  3.9659260e-001	  5.2143495e-001	 -1.3444982e+000	  6.2459528e-001	  2.0368225e-002	 -1.0196535e+000	 -8.1843535e-001	  1.1213159e-001	
  1.1442265e+000	 -2.0365368e-001	 -3.7573221e-002	  5.1874439e-001	  3.0518102e-001	 -6.1728566e-001	  3.2633671e-002	  1.5831325e+000	  3.0242995e-002	  8.2559504e-001	  8.7360363e-002	
 -4.1531043e-001	  1.0064135e-001	  3.8151135e-001	  7.7870846e-001	  1.8537136e+000	  1.0049576e+000	  4.9590798e-001	 -6.8257351e-002	 -4.1361570e-001	 -1.2325804e+000	 -1.5415906e-001	
  1.4700099e+000	 -7.9492612e-001	  4.7307605e-001	 -3.5511073e-001	 -5.4438799e-001	  7.4881397e-001	  5.6740092e-001	 -5.3501872e-001	  3.1476780e-001	  1.5252492e+000	  6.0445965e-001	
 -1.2720000e+000	 -8.6172259e-001	 -1.1750885e+000	 -1.1271727e+000	 -1.1960348e-001	 -4.0226334e-002	  1.7456047e+000	 -1.0431387e+000	 -1.0196535e+000	 -1.2325804e+000	 -5.8455906e-001	
 -1.2720000e+000	 -4.4610012e-001	 -5.7287453e-001	 -7.9486175e-002	 -1.9377198e+000	  2.3947079e-001	 -1.4572794e+000	 -1.0431387e+000	 -7.9687062e-001	 -1.2325804e+000	 -5.1024539e-001	
  1.4669934e+000	  2.4413006e-001	  7.8643510e-002	  1.1858811e+000	  1.2744620e+000	  3.5134964e-001	  1.4310357e+000	 -7.2704080e-001	  1.6036652e+000	  8.3500743e-001	  1.0410525e+000	
 -1.2720000e+000	 -1.0037269e+000	 -1.1750885e+000	 -1.0231871e+000	 -1.4634672e+000	  1.8057747e+000	  1.7561957e-001	 -3.9912617e-001	 -4.2499670e-001	 -2.1290507e-001	  8.4288267e-001	
 -1.2720000e+000	 -1.1882831e+000	 -7.8417768e-001	 -1.1788523e+000	  7.2610385e-001	 -1.3444982e+000	 -7.8238594e-001	 -1.0431387e+000	 -1.0196535e+000	  1.2907835e-001	 -1.4763231e+000	
  3.2071863e-001	  1.3846179e+000	 -3.7917998e-001	 -1.1788523e+000	  9.3849610e-001	 -8.8226188e-001	  3.7294010e-001	 -7.1817824e-001	  1.2337829e+000	 -4.7958939e-001	 -1.5415906e-001	
 -2.9464993e-001	 -1.1294033e+000	 -1.4322480e-001	 -1.0880215e+000	 -6.3320657e-001	 -4.4357903e-001	 -8.8819550e-001	  8.8594468e-001	 -1.0196535e+000	 -2.6950803e-003	 -4.3593173e-001	
 -2.7956736e-001	  1.0011567e+000	  2.2092836e+000	  4.3104567e-001	  1.7919268e+000	  1.9825226e-001	  4.7874967e-001	  5.7870935e-001	  5.5850228e-002	 -8.9700055e-003	  1.2547043e+000	
 -7.5617634e-001	  1.0630053e+000	  1.1351592e+000	  6.4402828e-001	  4.7895650e-001	 -1.3444982e+000	 -1.4572794e+000	 -7.9350998e-001	  4.5987545e-001	 -6.7411207e-001	 -1.4763231e+000	
  3.2976817e-001	  6.2264338e-001	 -1.1750885e+000	 -1.1788523e+000	 -9.2283237e-001	  1.4436405e+000	 -1.4186732e+000	 -6.7091127e-001	 -1.0196535e+000	 -3.5722835e-001	 -9.1587417e-001	
 -5.9630118e-001	 -7.1081205e-001	 -1.1750885e+000	 -4.8165203e-002	 -1.5522858e+000	 -1.0294709e+000	 -1.4572794e+000	 -1.0431387e+000	 -8.1394211e-001	 -1.2325804e+000	 -7.7653604e-001	
  1.3067834e-001	  1.1199060e+000	 -5.3765734e-001	  4.2665616e-002	  1.3130788e+000	  7.2526052e-001	 -1.4572794e+000	  2.5670309e-001	  8.1268621e-001	  1.3401389e+000	 -3.9877489e-001	
  1.6871988e+000	  2.2010192e+000	  1.3711144e+000	  1.1157175e-001	 -9.6531082e-001	  1.5996821e+000	 -1.4572794e+000	 -4.1094291e-001	  7.9845997e-001	  6.7185937e-001	 -3.6161806e-001	
  1.3855475e+000	  1.8794066e+000	 -1.1750885e+000	 -6.5892416e-001	 -1.1545330e+000	  1.2022177e+000	 -1.4509594e+000	  1.7398589e-001	  6.7895955e-001	 -1.2325804e+000	  4.2486828e-001	
 -5.3898744e-001	 -1.1882831e+000	 -7.1022157e-001	 -1.1788523e+000	 -1.2549366e+000	 -1.3444982e+000	 -1.4572794e+000	 -1.0431387e+000	 -6.4977129e-001	 -1.5329328e-001	 -1.4763231e+000	
  9.2402113e-001	  2.2504981e+000	  2.1951227e-001	  3.9032841e-001	  1.5911196e+000	  4.2789832e-001	 -1.4198171e+000	  2.1534449e-001	  1.0090083e+000	 -5.2037640e-001	  1.0131848e+000	
 -1.1615956e+000	 -4.2136068e-001	 -3.1226731e-001	 -3.4571444e-001	 -1.9199874e-002	  8.5186027e-001	 -1.4212469e+000	 -3.6663012e-001	 -8.2390047e-001	 -8.0588550e-001	 -7.7034324e-001	
  1.9858335e+000	  1.6567517e+000	  1.4309837e+000	  9.8229478e-001	 -1.0029510e-001	  1.6585657e+000	 -1.4186732e+000	 -6.0887336e-001	  3.6313702e-001	 -7.9333565e-001	  1.1277517e+000	
 -1.2720000e+000	 -1.1882831e+000	  2.9339442e-002	 -1.1788523e+000	  9.3849610e-001	 -1.3444982e+000	 -1.4572794e+000	 -1.0431387e+000	 -5.5587811e-001	  1.1236540e+000	 -4.5451014e-001	
 -1.2720000e+000	 -2.8034592e-001	  2.3712087e-001	 -4.1775267e-001	 -1.8716465e+000	 -1.3444982e+000	 -1.4543053e+000	 -5.0843104e-001	  1.2707712e+000	  1.2742522e+000	 -4.2664252e-001	
  2.4684755e+000	  4.8410256e-001	 -4.4257092e-001	  1.1295033e+000	  1.7185549e+000	 -5.1129517e-001	 -1.4572794e+000	  6.4665563e-001	  1.0829848e+000	  1.8076208e+000	  1.0162812e+000	
 -4.1262875e-002	 -2.8034592e-001	  5.1181496e-001	 -3.2065766e-001	  2.0863909e-001	 -7.9099229e-001	 -1.4572794e+000	 -1.0431387e+000	  8.7243642e-001	  6.0597266e-001	  5.7968842e-001	
 -2.5241875e-001	 -3.3724661e-001	  6.4556633e-002	 -5.3364027e-001	  3.6310618e-001	 -1.1074917e+000	 -1.6182715e-001	 -1.0431387e+000	 -9.6502478e-001	 -1.2325804e+000	 -8.2941796e-002	
 -3.3386459e-001	 -2.9766352e-001	 -9.9794603e-001	 -1.1788523e+000	 -3.5902748e-001	  7.5470233e-001	  1.1221862e+000	  6.4370144e-001	 -1.0196535e+000	 -5.0782655e-001	 -4.3593173e-001	
 -1.0976456e+000	  8.5797689e-002	 -4.8138379e-002	 -7.6228337e-001	 -2.6248555e-001	  1.3023198e+000	 -5.8220568e-001	  3.2169518e-001	 -9.7725934e-001	 -1.8382393e-002	 -1.4698207e+000	
 -1.2720000e+000	 -1.1882831e+000	 -1.1750885e+000	 -1.0354022e+000	 -1.0309593e+000	 -1.3444982e+000	 -4.8211556e-001	 -1.0431387e+000	 -1.0145036e+000	 -8.7804714e-001	 -1.4763231e+000	
 -6.8679656e-001	 -5.6732334e-001	  5.1181496e-001	  8.6514977e-002	 -2.9724064e-001	 -1.2829648e+000	  1.0984606e-001	 -1.0164624e+000	 -1.0196535e+000	 -1.2325804e+000	 -1.4763231e+000	
 -1.2720000e+000	 -1.0445470e+000	  4.3433714e-001	  1.0668614e+000	  9.6938952e-001	 -1.3444982e+000	 -2.1700969e-002	 -1.0431387e+000	 -9.9091654e-001	  6.8440922e-001	 -1.4763231e+000	
 -2.5543526e-001	 -1.1882831e+000	  3.1459869e-001	  1.5335439e+000	 -1.9199874e-002	 -1.1849236e+000	  9.6776143e-001	 -2.7209618e-001	 -1.0196535e+000	 -2.1604254e-001	 -7.2389719e-001	
 -2.6750131e-001	  3.3071807e-001	  2.2445008e+000	  9.6350220e-001	 -6.1389818e-001	  5.1033537e-001	  1.7561957e-001	 -8.0119086e-001	 -1.0102073e+000	 -1.2325804e+000	 -1.0614051e+000	
 -1.2720000e+000	 -9.1120145e-001	 -2.5944153e-001	  3.5900743e-001	 -1.4402971e+000	  1.1698317e+000	 -1.3557594e+000	 -1.0431387e+000	 -1.0143614e+000	  2.6085178e-001	 -1.4763231e+000	
 -1.0312823e+000	 -1.0470209e+000	  1.8782420e+000	  6.7848135e-001	  3.5152115e-001	 -1.3444982e+000	 -9.8542591e-001	 -1.0153693e+000	 -1.0196535e+000	  8.2016409e-002	 -4.2973892e-001	
 -3.0369946e-001	  3.7524905e-001	 -1.1750885e+000	 -1.1788523e+000	 -1.4904989e+000	  6.2819974e-002	 -1.1627284e+000	 -1.0431387e+000	 -1.0196535e+000	 -1.6584313e-001	 -9.6851302e-001	
  5.5265526e-002	 -3.5951210e-001	 -9.5075499e-001	 -1.1788523e+000	 -1.2732684e-001	 -4.8185337e-001	 -3.5628797e-001	 -1.0431387e+000	 -1.0196535e+000	 -1.2325804e+000	 -1.4763231e+000	
 -1.2720000e+000	 -1.1882831e+000	 -1.5731167e-001	  1.5492044e+000	 -1.4402971e+000	 -1.0000291e+000	  4.1011644e-001	 -1.0431387e+000	 -1.0196535e+000	  6.1538505e-001	 -1.3023053e+000	
 -1.0424434e+000	 -2.6797620e-001	 -1.1750885e+000	 -1.9850587e-001	 -7.3263356e-002	 -7.5566213e-001	 -1.4466884e-001	 -1.0431387e+000	 -1.0120283e+000	 -1.0637849e+000	 -1.4763231e+000	
 -3.7307925e-001	  1.6567517e+000	 -1.1750885e+000	 -1.1788523e+000	 -1.6430352e+000	 -4.8961717e-003	  1.4310357e+000	 -2.2187502e-001	 -1.0196535e+000	  5.0243639e-001	 -4.8237777e-001	
  3.4149938e-002	  3.5050962e-001	  8.4637828e-001	 -1.1788523e+000	  1.6760765e+000	  4.6911684e-001	  4.8446910e-001	  9.7177058e-002	 -6.6495439e-002	 -1.2325804e+000	 -1.4479910e+000	
 -1.2720000e+000	 -1.0160966e+000	 -2.2774605e-001	 -1.1770889e+000	  1.3555573e+000	  2.0708480e-001	 -8.9963437e-001	 -2.1892083e-001	 -1.0196535e+000	 -1.1899109e+000	 -2.7491878e-001	
 -5.8725164e-001	  3.7524905e-001	 -6.4330891e-001	 -1.1611873e+000	 -1.1892881e+000	 -2.2865387e-001	  1.5560154e-001	 -1.0431387e+000	 -6.8106902e-001	 -1.2325804e+000	 -1.4763231e+000	
  6.4315064e-002	  1.8475542e-001	 -7.7361252e-001	 -1.1589948e+000	  1.0852398e+000	  5.2800045e-001	 -4.7067668e-001	  6.9687679e-001	 -6.9814051e-001	  1.4781873e+000	  1.2020654e+000	
 -1.2720000e+000	 -7.6523880e-001	 -2.4535465e-001	 -1.1529812e+000	  1.2860471e+000	 -1.3444982e+000	  1.8991816e-001	 -1.0431387e+000	 -1.0196535e+000	 -4.2311506e-001	 -9.6851302e-001	
 -3.3084808e-001	 -1.1649043e+000	 -1.1750885e+000	 -1.1180896e+000	  1.5555222e-002	 -1.3444982e+000	  4.9590798e-001	  9.4222872e-002	 -6.8106902e-001	 -4.3482094e-002	  4.8679634e-001	
  7.4001387e-001	  1.6072728e+000	  6.1034914e-002	 -1.1666371e+000	 -1.7635195e+000	  1.5555193e+000	  2.3747427e+000	  1.3467977e+000	  2.3794610e-001	 -5.8312566e-001	  1.8058640e+000	
 -6.8981307e-001	  1.4053334e-002	  2.2303399e-001	 -1.1663865e+000	  4.4420141e-001	 -1.3444982e+000	 -1.1893138e-001	 -1.0431387e+000	 -1.0196535e+000	 -1.2325804e+000	 -1.4763231e+000	
 -1.2720000e+000	 -1.1882831e+000	 -1.1750885e+000	 -1.1788523e+000	  8.0719908e-001	 -1.3444982e+000	 -2.2760066e-001	 -7.6633147e-001	 -1.0196535e+000	 -1.2325804e+000	  1.6167403e-001	
 -1.2720000e+000	 -4.6341772e-001	 -2.6296325e-001	 -1.1340633e+000	 -9.1897069e-001	 -4.1413722e-001	  2.6999026e-001	 -1.0431387e+000	 -1.0196535e+000	 -1.2325804e+000	 -1.4763231e+000	
  1.0265826e+000	  7.9087152e-001	  2.0542540e-001	 -1.1783480e+000	 -2.0842206e-001	  4.1906578e-001	 -1.0168828e+000	  3.4828286e-001	  3.7451801e-001	  8.7579444e-001	  8.7384670e-001	
 -3.7609577e-001	  1.0135264e+000	  1.3464624e+000	 -1.1788523e+000	 -2.2386877e-001	 -2.4043059e-001	 -1.7612574e-001	 -2.8095873e-001	 -6.0709257e-001	 -8.2157281e-001	  1.6820079e+000	
  1.3369485e-001	 -2.5560648e-001	  1.0329554e-001	 -1.1617824e+000	 -1.1043312e+000	  1.2758222e+000	  1.6884104e+000	 -4.0798873e-001	 -1.0196535e+000	 -1.2325804e+000	  1.1587158e+000	
  6.3745244e-001	 -1.1882831e+000	 -1.0448588e-001	 -1.1788523e+000	 -9.1124734e-001	  1.7175464e-001	 -4.7353640e-001	  8.0618167e-001	  7.8992423e-001	  1.4468126e+000	 -3.5852165e-001	
  3.9848130e-003	 -1.1774967e+000	 -1.1310670e+000	 -8.8506158e-001	 -1.8110182e+000	 -1.1166186e+000	  5.4166346e-001	 -4.3162221e-001	 -3.3394876e-001	 -1.0744523e+000	  8.3359346e-001	
 -7.4712681e-001	 -1.1882831e+000	 -1.1750885e+000	  1.6794950e-001	  1.5447794e+000	 -4.2296976e-001	 -4.4578713e-002	  7.5005213e-001	 -2.2867458e-001	 -1.3446851e-001	  1.8025245e-001	
 -1.2720000e+000	 -1.1795996e+000	  1.0506380e+000	  3.7153582e-001	 -2.4317716e-001	 -6.7028090e-001	  1.6312160e+000	 -1.7460804e-001	  1.3675096e+000	 -1.6270567e-001	  1.6510438e+000	
 -4.4245904e-001	 -1.1593380e+000	 -1.5731167e-001	  1.0843966e-001	 -2.7020890e-001	 -5.7017878e-001	  1.5740216e+000	 -1.0431387e+000	 -5.2458038e-001	 -1.2325804e+000	 -1.3270765e+000	
  1.7746777e+000	 -1.1882831e+000	  6.7029232e-001	 -4.7726252e-001	  1.2754387e-001	  7.8119995e-001	  8.3335469e-001	  2.1534449e-001	  1.4443313e+000	 -1.6584313e-001	  1.7715605e-001	
 -1.2720000e+000	 -1.1546375e+000	 -5.3413562e-001	 -2.5801572e-001	 -1.4634672e+000	 -1.3444982e+000	 -1.4572794e+000	 -1.0431387e+000	 -1.0196535e+000	 -1.1252792e+000	 -7.5486122e-001	
 -2.0415455e-001	 -1.1863386e+000	  7.1959639e-001	  1.7684512e+000	 -3.0882567e-001	 -6.8794598e-001	 -3.4198938e-001	 -2.9572966e-001	  1.6520344e+000	  7.2833370e-001	 -1.6964108e-001	
 -4.4547555e-001	 -1.1840032e+000	 -1.1750885e+000	 -1.1788523e+000	 -1.9002229e+000	 -1.3444982e+000	 -1.2101997e+000	 -1.0431387e+000	 -6.1278307e-001	 -1.0085656e+000	  4.6821792e-001	
 -4.7564068e-001	 -1.1748991e+000	 -5.3061390e-001	 -1.7031699e-001	  1.4520992e+000	 -1.3444982e+000	  2.7856941e-001	 -6.2069011e-001	 -5.7864009e-001	 -1.2325804e+000	  2.1431288e-001	
  1.8497556e-001	 -1.1882831e+000	 -5.1652702e-001	  7.9123685e-001	  5.9094514e-001	 -2.1687715e-001	 -6.9087496e-001	  5.5507587e-001	 -3.9938946e-001	  7.8878946e-002	  7.1878348e-002	
  8.9385601e-001	 -1.1882831e+000	  5.3646700e-001	  4.7489503e-001	 -7.9539702e-001	 -1.0088616e+000	  8.6968312e-002	 -8.5982466e-002	  2.1802937e-001	 -9.4769881e-001	 -6.4363379e-002	
 -1.1157446e+000	 -1.1882831e+000	 -1.1750885e+000	  1.3518823e+000	  1.5833962e+000	 -1.3444982e+000	 -8.5959832e-001	 -7.2999498e-001	 -6.9245001e-001	 -1.2325804e+000	  2.8243374e-001	
 -4.8469022e-001	 -1.1882831e+000	 -6.5739579e-001	 -1.8284538e-001	 -1.0888845e+000	 -1.1657864e+000	 -4.7925584e-001	 -1.0431387e+000	  1.4016526e+000	  5.7146057e-001	  6.7567691e-001	
  1.3885641e+000	  1.7557094e+000	  6.7733576e-001	  1.7715833e+000	  4.5578644e-001	  6.9876290e-001	 -1.9900348e-001	  3.2184969e-002	  6.3628083e-001	  2.3441269e+000	 -2.8111158e-001	
  5.1980845e-001	 -3.9167336e-001	 -1.1750885e+000	  1.3236934e+000	 -3.5902748e-001	  5.6921897e-001	  4.4729277e-001	  2.6261147e-001	  1.2138662e+000	  1.2240528e+000	  3.2887979e-001	
  1.4274439e-001	  7.9087152e-001	  1.1386070e-001	  5.3753698e-001	  8.7284759e-001	 -4.9058875e-002	  7.8473949e-001	  4.7826703e-001	  1.9109520e+000	  5.5263579e-001	  6.5090569e-001	
 -2.0482120e-003	  7.1912717e-001	 -1.6442907e-002	  7.2859491e-001	  1.8933070e-001	 -5.4947236e-002	  1.3995788e+000	 -1.6869967e-001	  1.4689817e-001	  1.3535327e-001	  1.3046694e-002	
  1.3010852e+000	  3.4556173e-001	 -1.1750885e+000	 -7.7167966e-001	  8.8057094e-001	  4.2789832e-001	 -2.4189925e-001	  5.9052610e-001	  2.4800016e+000	  1.4750498e+000	  1.4342956e+000	
  2.2874848e+000	  1.6496387e-001	 -2.6648496e-001	 -4.0522429e-001	 -5.6755805e-001	  5.5744225e-001	 -2.7420405e-002	  4.1047526e-002	  6.9887629e-001	 -2.7794781e-002	  8.2430425e-001	
  1.8048428e+000	  2.2257586e+000	  5.3646700e-001	  2.3604176e+000	  8.8057094e-001	  1.1050598e+000	 -7.0316174e-002	  3.9259564e-001	  1.6235819e+000	 -1.0471564e+000	  1.1277517e+000	
  1.1502596e+000	  2.0949485e-001	 -7.2783017e-001	  5.3753698e-001	 -7.3747186e-001	  8.0485055e-002	  4.7017051e-001	  5.5507587e-001	  2.1954768e+000	  2.9536386e-001	 -4.3283532e-001	
  6.1030383e-001	  4.5688918e-001	  2.4874994e+000	  1.1232392e+000	 -1.1960348e-001	  8.4008355e-001	 -5.6504738e-001	  3.8668727e-001	  1.9394044e+000	  1.6727099e+000	  1.2949575e+000	
  5.4997358e-001	  1.0580574e+000	  2.4170650e+000	 -1.0580036e-002	  4.5578644e-001	  9.6079494e-001	  3.3862349e-001	  3.4828286e-001	  1.5865937e+000	  1.2679773e+000	  1.0100884e+000	
 -5.5407000e-001	  5.2615959e-001	  1.1879850e+000	  1.1263713e+000	  1.3787273e+000	  1.7763329e+000	  1.0126690e-001	 -1.4211200e-001	  2.0949362e-001	 -7.2431147e-001	 -5.9694468e-001	
  6.5856803e-001	  3.6535328e-001	  1.9803718e+000	  2.0472078e+000	  1.1740584e+000	  5.3683299e-001	  9.7062115e-001	  7.0589385e-002	  6.7042381e-001	  4.0203759e-001	 -4.4831734e-001	
  8.2447622e-001	  1.3351390e+000	  2.5120775e-001	 -6.3073528e-001	  5.8033673e-002	  7.4596694e-002	 -1.6754658e-001	  6.3779307e-001	  2.4800016e+000	  2.4068762e+000	  2.6728568e+000	
 -9.0398546e-001	 -4.1641280e-001	 -1.1750885e+000	 -2.2982684e-001	  5.2915831e-001	 -1.1778576e+000	 -2.0758263e-001	 -5.2911035e-001	 -4.2784194e-001	 -5.5488849e-001	 -9.2206698e-001	
  4.6551123e-001	 -4.2630857e-001	 -1.1750885e+000	  1.3236934e+000	 -3.5902748e-001	  9.9023674e-001	  7.3326456e-001	  1.9110472e+000	 -3.6809173e-001	  1.1675785e+000	  2.7314454e-001	
  1.5782695e-001	  8.0076730e-001	  1.1386070e-001	  5.3753698e-001	  8.7284759e-001	  2.1591735e-001	  1.0049378e+000	  1.9405890e+000	  5.5376864e-001	  5.6832311e-001	  6.6638770e-001	
  1.4274439e-001	  8.3292856e-001	 -1.6442907e-002	  7.2859491e-001	  1.8933070e-001	  4.1906578e-001	  1.8027991e+000	  1.9405890e+000	 -1.0196535e+000	  2.8595148e-001	  1.6477044e-001	
  1.0507147e+000	  2.1444274e-001	 -1.1750885e+000	 -7.7167966e-001	  8.8057094e-001	  6.5754438e-001	 -7.0316174e-002	  1.9110472e+000	 -2.9507214e-002	  1.2146404e+000	  1.1803906e+000	
  2.1668243e+000	  1.0064135e-001	 -2.6648496e-001	 -4.0522429e-001	 -5.6755805e-001	  9.7846002e-001	  3.1574575e-001	  1.8844595e+000	 -1.0196535e+000	 -1.7211806e-001	  6.8186972e-001	
  1.9255033e+000	  2.2752375e+000	  5.3646700e-001	  2.3604176e+000	  8.8057094e-001	  1.3258733e+000	  1.0412662e-001	  1.9110472e+000	  7.2163828e-001	 -9.2322660e-001	  1.2516078e+000	
  1.1050119e+000	  1.8475542e-001	 -7.2783017e-001	  5.3753698e-001	 -7.3747186e-001	  3.6018218e-001	  7.3326456e-001	  1.9405890e+000	  5.5376864e-001	  2.4830193e-001	 -4.7928137e-001	
  7.3699736e-001	  5.3358142e-001	  2.4874994e+000	  1.1232392e+000	 -1.1960348e-001	  1.1551108e+000	 -3.4484910e-001	  1.8371925e+000	  1.1228183e+000	  1.8044834e+000	  1.4250064e+000	
  6.4650198e-001	  1.1174320e+000	  2.4170650e+000	 -1.0580036e-002	  4.5578644e-001	  1.2434362e+000	  5.3880374e-001	  1.8903679e+000	  5.6230438e-001	  1.3683761e+000	  1.1122697e+000	
 -3.2481505e-001	  7.2902294e-001	  1.1879850e+000	  1.1263713e+000	  1.3787273e+000	  2.2768435e+000	  3.3004434e-001	  1.9110472e+000	 -7.7154791e-001	 -4.8586432e-001	 -3.6161806e-001	
  9.0592206e-001	  5.1626382e-001	  1.9803718e+000	  2.0472078e+000	  1.1740584e+000	  9.7846002e-001	  1.2308555e+000	  1.9110472e+000	 -6.6495439e-002	  6.5930952e-001	 -1.9441230e-001	
  7.6414597e-001	  1.2856602e+000	  2.5120775e-001	 -6.3073528e-001	  5.8033673e-002	  2.7774513e-001	  3.8353107e-002	  1.9701309e+000	  7.6716224e-001	  2.3441269e+000	  2.6109287e+000	
 -2.8258388e-001	  2.0702091e-001	 -1.1750885e+000	 -2.2982684e-001	  5.2915831e-001	 -2.0804461e-001	  5.6740092e-001	  1.9110472e+000	 -1.0196535e+000	  8.8291334e-002	 -2.8730439e-001	
  1.0054670e+000	  1.3846179e+000	 -2.3560301e-003	 -5.8688592e-001	 -3.9764425e-001	  1.8646583e+000	  1.0764307e+000	  1.9405890e+000	  4.4849446e-001	  6.5930952e-001	  5.6420641e-001	
