  6.8049755e-001	  9.0821581e-002	  4.3270060e-001	  1.1401616e+000	  1.3463602e+000	  2.4115935e+000	  7.2622258e-001	  3.5840822e-001	  1.1941387e+000	 -8.8417372e-003	  4.1971411e-001	
  2.2165375e-001	  4.3266997e-001	  4.0808257e-001	  1.3070218e+000	  3.7317857e-001	  6.8494230e-001	 -3.4078399e-001	  3.0210384e-001	  1.1045165e+000	 -1.0542223e+000	 -5.0153051e-001	
 -1.1567559e+000	 -1.1393147e+000	 -6.2235792e-001	  5.5570012e-002	 -1.3134257e+000	 -1.2924437e+000	  2.8359074e-001	 -1.0817986e+000	 -3.2701575e-001	 -4.5937612e-001	 -1.2164396e+000	
  1.3432719e+000	  1.4012404e+000	 -1.1076848e+000	  7.8342588e-001	 -1.2987914e+000	  2.4615635e-001	  9.7538621e-001	 -9.3540724e-001	  4.7958366e-001	 -1.4801181e+000	  1.0706882e+000	
  6.0655930e-002	 -1.1393147e+000	 -4.9575090e-001	 -3.5582678e-001	 -9.1098216e-001	 -1.2924437e+000	 -3.8768538e-001	  3.7915194e-001	 -4.6266009e-001	  7.2327663e-001	 -1.9112193e-002	
 -1.3319752e+000	 -9.5440577e-001	 -4.7816659e-001	 -1.1498514e+000	 -1.0390324e+000	 -1.2924437e+000	  8.6692675e-001	 -1.0817986e+000	 -1.1457263e+000	 -1.3333424e+000	 -1.2600316e+000	
  1.8074823e+000	  1.3313169e+000	  5.3820645e-001	 -6.6365515e-001	 -6.4024742e-001	 -5.2314368e-001	  5.4154837e-001	 -5.9429573e-002	  1.8093827e+000	  1.1702912e+000	  1.0765005e+000	
  1.3310495e-001	  6.6833818e-001	 -3.5507643e-001	  1.8790744e-001	 -2.3414531e-001	  1.5568157e+000	  7.6139862e-001	 -1.0465343e+000	 -6.0072666e-001	 -7.4096011e-001	 -6.4683723e-001	
 -9.3216399e-001	  5.4564934e-002	 -1.1076848e+000	 -9.7033276e-001	 -1.2365956e+000	  1.5397201e+000	 -3.2612730e-001	 -1.6018479e-001	 -4.6750453e-001	  7.5143503e-001	 -1.1879595e+000	
  8.6027846e-001	 -1.6038519e-001	  2.1137605e+000	  1.1085157e+000	  1.2036757e+000	  9.7271749e-001	  7.9657466e-001	  3.0506722e-001	  1.0318499e+000	  1.9882645e-001	  1.0910312e+000	
  4.9266676e-001	  2.6158381e+000	  2.9718748e+000	  5.1299722e-001	  4.0248012e-002	  6.4790192e-001	 -1.0627705e-001	 -1.0817986e+000	  6.9516128e-001	  7.7959343e-001	  1.0590637e+000	
  1.7603770e-001	 -1.5002615e-001	  2.4795141e+000	  2.4175055e+000	  8.5245223e-001	 -4.3481664e-001	  4.8585297e-001	  2.1912896e-001	  1.0415388e+000	  1.4201970e+000	  1.6112292e+000	
  9.8102682e-001	  1.3261374e+000	  6.6481347e-001	  1.6666344e+000	  1.8512439e+000	 -2.7525812e-001	  2.6014004e-001	  1.9838523e-001	 -5.0882616e-002	  4.7689064e-001	 -5.3931026e-001	
  3.1222979e+000	  5.5179896e-001	  1.5897481e+000	  4.8710511e-001	  1.4524590e+000	  9.6986823e-001	  1.2236722e-001	  1.2059374e+000	  3.0518379e-001	  1.4589148e+000	  2.2790923e-001	
  9.9176001e-001	  1.7887344e-001	 -7.9925606e-001	  3.9792119e-001	  4.3906589e-002	  4.0571488e-001	  1.3116123e-001	  7.7328262e-001	  4.2871703e-001	  4.3465304e-001	  6.3767419e-001	
  2.5773068e-002	  3.1095123e-001	 -1.1076848e+000	  4.0367499e-001	  3.9147146e-001	 -6.3426480e-001	  1.1357321e-001	 -1.0817986e+000	 -3.3927073e-002	 -1.4801181e+000	  3.5577915e-001	
  3.3166893e-001	  3.0836147e-001	 -1.1076848e+000	  5.7916593e-001	  2.6342124e-001	 -3.3071069e-002	 -1.4342635e+000	  2.8015876e-003	  4.7231700e-001	  1.1069348e+000	  4.9817974e-001	
 -2.6133972e-001	 -1.1393147e+000	  2.8147555e-001	  9.0425571e-001	  1.4451418e+000	 -4.9750035e-001	 -1.4083475e+000	 -2.7279355e-001	 -5.9588222e-001	 -3.9249992e-001	 -1.2600316e+000	
 -1.2729427e+000	  1.7996246e-004	  3.3774533e-001	  5.3313552e-001	  5.8540900e-002	 -3.5218812e-001	 -1.3940133e+000	 -2.6983016e-001	 -2.4223803e-001	 -2.1650993e-001	 -1.9057413e-001	
 -1.3319752e+000	 -3.9346364e-001	 -1.1076848e+000	 -1.1498514e+000	 -1.3423285e+000	  2.4115935e+000	 -1.4371039e+000	 -1.0231235e+000	 -1.1457263e+000	  1.7418785e-001	 -1.2600316e+000	
 -5.3771932e-001	  6.5020986e-001	 -3.6211015e-001	 -4.2487240e-001	  3.8049573e-001	 -1.4704144e-001	 -1.4054455e+000	 -5.0539407e-002	 -8.7928201e-001	 -1.4801181e+000	 -1.2600316e+000	
  9.0589451e-001	  3.6792596e-001	  2.6201886e+000	  7.6904138e-001	  1.0792840e+000	  1.3488197e+000	 -1.4243526e+000	  8.6514767e-001	  6.8305018e-001	  5.1560844e-001	  1.0358146e+000	
  1.1700517e-001	 -6.9743572e-002	 -1.1076848e+000	 -1.1498514e+000	 -1.3375723e+000	  7.5200788e-002	 -1.4170536e+000	 -3.6762199e-001	 -4.7719341e-001	  1.6714826e-001	 -4.6084463e-001	
 -1.1857356e+000	 -6.7833730e-001	 -1.1076848e+000	 -1.1498514e+000	 -1.4191586e+000	  1.0325519e+000	 -1.4160569e+000	 -1.0817986e+000	 -1.1457263e+000	 -7.5503931e-001	 -1.1414613e+000	
  2.1360386e-001	 -1.1393147e+000	 -9.4828660e-002	 -2.5801216e-001	  3.1464133e-001	 -8.7206997e-002	 -1.4371039e+000	  7.3179518e-001	  8.9136114e-001	  2.7084437e+000	  1.6228538e+000	
 -1.3319752e+000	 -1.1393147e+000	 -8.2563253e-001	 -1.1498514e+000	 -4.5000138e-001	 -1.2622416e+000	 -1.4371039e+000	 -1.0817986e+000	 -1.1457263e+000	  4.1001444e-001	 -1.2600316e+000	
  1.7067111e-001	 -2.1735992e-001	 -1.8978393e-001	  3.6339838e-001	 -1.1158625e+000	  1.2747390e+000	 -1.3992897e+000	 -5.0539407e-002	 -7.7512653e-001	 -4.4039736e-002	  1.8141108e-001	
 -6.0480174e-001	  1.8389099e+000	  5.2765587e-001	  1.7845873e+000	  1.8296546e-002	  2.1766376e-001	 -1.4371039e+000	  6.2511319e-001	  1.4218274e+000	  1.2970040e+000	  1.3351465e+000	
  1.0856754e+000	  1.0982384e+000	  2.1465517e-001	  2.9065786e+000	  1.8622196e+000	  1.3146286e+000	 -1.4371039e+000	  1.3022730e-001	  5.5467250e-001	  2.2508698e+000	 -3.1553791e-001	
  3.8801817e-001	  1.2354957e+000	  9.8133103e-001	  1.1948227e+000	 -8.2683487e-001	  6.8185626e-003	 -1.4371039e+000	 -1.5425801e-001	  4.7473922e-001	  6.1064304e-001	 -1.2600316e+000	
 -4.3307073e-001	 -8.3113317e-001	  1.0914932e-001	  1.3900013e-001	 -1.1451311e+000	  2.8034746e-001	 -2.5284389e-001	 -9.0280997e-001	 -1.1457263e+000	 -1.2319722e+000	 -1.4698211e-001	
  2.5117002e-001	 -1.1393147e+000	  2.4279007e-001	  6.9999576e-001	  1.8402682e+000	 -1.2924437e+000	 -5.1080152e-001	 -1.0817986e+000	 -1.1457263e+000	 -7.1984131e-001	 -1.2600316e+000	
 -4.6527030e-001	  7.9523645e-001	  8.4531288e-002	 -4.1048790e-001	  1.0207468e+000	 -1.2924437e+000	  2.9238475e-001	 -1.0817986e+000	 -1.1457263e+000	 -8.3599470e-001	 -1.1748819e+000	
 -1.3319752e+000	 -8.5444101e-001	  1.1817921e+000	  1.3616829e+000	  1.8914883e+000	 -1.1479863e+000	 -2.7922592e-001	 -1.0817986e+000	 -1.1396707e+000	 -1.4801181e+000	 -9.3745068e-001	
 -2.6938961e-001	  1.5297583e-001	  3.8812086e-002	 -1.1498514e+000	 -1.5263549e+000	 -1.2924437e+000	 -1.4371039e+000	 -1.0817986e+000	 -1.1057596e+000	 -1.4801181e+000	 -4.8409370e-001	
 -1.3319752e+000	 -1.1393147e+000	 -3.5507643e-001	 -7.6767419e-002	 -1.4297685e+000	 -1.0143560e+000	  3.0411009e-001	 -1.0296430e+000	 -1.1062441e+000	 -1.4801181e+000	 -1.2600316e+000	
 -9.3216399e-001	 -8.7774886e-001	 -1.1076848e+000	 -1.6307444e-001	 -1.3763532e+000	  4.9119266e-001	  1.5528595e+000	 -1.0817986e+000	 -1.1457263e+000	 -1.3287667e+000	 -1.2600316e+000	
 -3.0158917e-001	 -8.2077413e-001	 -1.1241297e-001	 -2.3499696e-001	 -1.0243981e+000	 -1.2924437e+000	  1.1650454e-001	 -6.1951002e-001	 -1.1457263e+000	  1.5306906e-001	 -3.2425631e-001	
  7.6755713e-002	 -2.9505274e-001	  1.1782753e+000	  2.3393785e-001	 -5.8171018e-001	  3.9146858e-001	 -6.3098633e-001	 -9.3155484e-001	 -1.1340996e+000	 -6.6352451e-001	 -1.2600316e+000	
 -9.3753058e-001	 -4.0382268e-001	  1.4490736e+000	  2.7709136e-001	  5.7440034e-001	  2.1481450e-001	  2.9892145e+000	 -1.0817986e+000	 -1.1457263e+000	 -2.7986633e-001	 -6.9042925e-001	
 -1.3319752e+000	 -9.3705438e-001	  1.1712416e+000	  2.8490406e+000	  1.8512439e+000	  1.5498005e-001	  1.7580531e+000	 -1.0817986e+000	 -1.1106041e+000	 -1.4801181e+000	 -9.1765554e-002	
 -1.3319752e+000	 -9.0209261e-001	 -1.1076848e+000	 -1.1498514e+000	 -9.7683655e-001	 -1.2924437e+000	 -1.4371039e+000	 -9.7244960e-001	 -1.1183552e+000	 -1.3854355e+000	 -1.2600316e+000	
 -1.3319752e+000	 -1.1393147e+000	  9.8484789e-001	  2.0516885e-001	 -9.4756793e-001	 -8.1661740e-001	 -1.1117255e+000	 -1.0817986e+000	 -1.1457263e+000	 -6.8678335e-002	 -1.2600316e+000	
 -1.3319752e+000	 -1.1393147e+000	 -9.9479357e-001	  9.8723522e-002	  3.6951999e-001	 -1.0046685e+000	  2.8065940e-001	 -1.0817986e+000	 -1.1264454e+000	  1.0731166e-001	 -8.9385866e-001	
  4.1216785e-001	 -2.7951418e-001	 -1.1076848e+000	 -1.1498514e+000	 -2.5975535e-001	  7.5902304e-001	  1.1747171e+000	  2.9025028e-001	 -1.9863806e-001	 -5.8960871e-001	  1.6751642e+000	
  1.7603770e-001	  9.4803232e-001	  8.4531288e-002	 -1.1492271e+000	  1.9024640e+000	 -1.7292155e-003	 -1.9421715e-001	 -1.0817986e+000	  4.5536146e-001	  2.2508698e+000	  3.1509327e-001	
 -7.0945033e-001	  6.7351770e-001	  9.4264555e-001	 -1.1202193e+000	  1.0683083e+000	  3.5727747e-001	  8.7865209e-001	 -2.4019628e-001	 -2.5434913e-001	  5.1560844e-001	 -6.2704210e-002	
 -1.2852859e+000	 -1.1393147e+000	 -8.9104615e-001	 -1.1196439e+000	 -1.1890341e+000	 -1.2924437e+000	 -1.3057800e+000	 -1.0817986e+000	 -1.1457263e+000	 -1.4801181e+000	 -4.3178328e-001	
 -3.2842214e-001	  1.1759312e+000	  1.0914932e-001	 -1.0606674e+000	 -9.1829931e-001	 -2.8950441e-001	  1.2450692e+000	 -4.1649241e-002	  4.0449483e-001	 -5.3219374e-003	 -5.5674706e-001	
  4.0948455e-001	  7.1236411e-001	  6.9646523e-001	 -1.1153286e+000	  5.9269323e-001	 -7.4823517e-001	 -5.4890890e-001	 -1.0817986e+000	  1.0221610e+000	  6.8103903e-001	 -1.2600316e+000	
 -9.9119652e-001	  1.1034180e+000	 -7.4544808e-001	 -1.1498514e+000	  1.1122112e+000	  3.8861932e-001	  1.6701130e+000	  6.0140608e-001	 -1.1457263e+000	  3.1146005e-001	  4.8364906e-001	
  1.8879812e+000	  1.0801101e+000	  7.0463842e-002	 -1.1498514e+000	 -9.8777936e-002	  7.5617378e-001	  4.1256955e-001	  7.9995312e-001	  6.5398353e-001	 -1.1140589e+000	 -7.8051942e-001	
 -7.6043297e-001	 -1.1279715e+000	 -3.5042010e-002	 -1.1463703e+000	  9.9147818e-001	 -4.8325405e-001	  5.3568570e-001	 -1.0817986e+000	 -1.1256218e+000	 -1.4801181e+000	 -1.2600316e+000	
 -1.3319752e+000	 -1.1393147e+000	 -1.1076848e+000	 -1.1338270e+000	 -1.6540393e+000	 -4.6330924e-001	  6.6173317e-001	 -1.0817986e+000	 -1.1457263e+000	 -1.0014253e+000	 -1.2600316e+000	
 -1.3319752e+000	 -6.1974290e-002	 -8.3583143e-001	 -1.1413645e+000	 -5.5610013e-001	 -1.2924437e+000	  7.6432996e-001	 -1.0817986e+000	 -1.1457263e+000	 -4.8401472e-001	 -1.2600316e+000	
 -1.3319752e+000	 -3.2095034e-001	 -7.5599866e-001	 -1.1498514e+000	 -5.2317293e-001	  9.8411453e-001	 -1.4371039e+000	 -6.6692423e-001	 -1.0901591e-001	 -7.5855910e-001	  2.8021965e-001	
 -1.2077386e+000	 -1.1393147e+000	  1.4244556e+000	 -1.1498514e+000	 -5.8533583e-002	 -1.2924437e+000	 -1.4371039e+000	 -1.0817986e+000	 -1.1457263e+000	 -1.4801181e+000	 -1.2433213e+000	
  2.4043683e-001	  6.5020986e-001	  1.4807254e+000	 -1.1398973e+000	 -7.1707755e-001	 -2.0402663e-001	  1.6994264e+000	 -5.2764497e-001	 -2.6888246e-001	  1.8474725e-001	 -1.5570051e-001	
  8.2002900e-001	 -1.1393147e+000	  1.1360729e+000	 -1.1416713e-001	  1.0463568e+000	  2.2051302e-001	  4.1550089e-001	 -4.1207282e-001	  7.8236122e-001	 -6.6704431e-001	 -1.2600316e+000	
 -8.7313145e-001	 -1.1393147e+000	 -9.8705648e-001	 -2.8390427e-001	 -8.7802203e-002	 -1.2924437e+000	  3.8325619e-001	 -3.4984166e-001	 -5.6439335e-001	  7.6551423e-001	 -5.9743295e-001	
 -1.3319752e+000	 -1.1175607e+000	  4.9248725e-001	 -6.5259816e-002	 -6.4756457e-001	 -3.2654479e-001	  5.0637233e-001	 -8.5065433e-001	  5.5225027e-001	 -5.1217312e-001	 -3.7366059e-001	
  2.1092057e-001	 -1.0828579e+000	 -3.1639095e-001	  9.7042442e-001	  4.2805723e-001	 -1.2924437e+000	 -1.4371039e+000	 -1.0817986e+000	  7.1696127e-001	 -7.6207890e-001	  6.9579688e-001	
 -1.3319752e+000	 -1.0973606e+000	 -1.1076848e+000	  3.7202908e-001	  1.5732249e-001	 -1.8408182e-001	 -5.4011489e-001	 -2.9946405e-001	 -8.0661539e-001	 -6.7760371e-001	 -4.6375076e-001	
  7.3148020e-001	 -1.1393147e+000	 -9.3782042e-001	 -1.1498514e+000	 -1.1487897e+000	 -9.1634148e-001	 -7.4823979e-001	 -1.0817986e+000	 -1.0708796e+000	 -1.4801181e+000	 -1.2600316e+000	
 -1.3319752e+000	 -1.1393147e+000	 -1.1076848e+000	  1.1171464e+000	  2.0488400e-001	 -1.2924437e+000	 -1.4371039e+000	 -1.0617661e+000	 -5.4017115e-001	 -1.1453851e+000	 -4.4631396e-001	
 -1.3319752e+000	 -1.1329698e+000	  1.8464790e+000	  3.0873727e-001	  1.5951435e+000	 -1.2924437e+000	 -1.0706868e+000	 -1.0817986e+000	 -2.9068244e-001	  4.0435461e-002	 -2.7485202e-001	
 -1.4864124e-001	 -1.1393147e+000	 -1.1076848e+000	  2.0722774e+000	  5.4147314e-001	 -5.4308850e-001	  3.3635480e-001	  4.4289028e-002	  2.3009496e-001	  1.6137860e+000	  5.8536377e-001	
 -9.8582993e-001	 -1.1393147e+000	 -5.1685207e-001	 -1.0152124e+000	  1.7561538e-001	  6.8185626e-003	  5.1223500e-001	 -2.5501322e-001	 -1.1457263e+000	  9.3798442e-001	 -4.1725261e-001	
  9.6732859e-003	 -1.1393147e+000	  7.4218443e-001	  6.7698056e-001	  1.5292891e+000	 -1.5273996e-001	 -1.5610977e-001	 -2.2241595e-001	  7.5087235e-001	  2.0396818e+000	  2.0820230e+000	
  1.7067111e-001	 -1.1393147e+000	  1.0798032e+000	  3.4613698e-001	  7.7928068e-001	 -1.2403023e+000	  6.0603778e-001	  7.1994163e-001	  1.4218274e+000	  1.1984496e+000	  2.7385958e-002	
  8.0929581e-001	 -1.1374475e+000	 -1.0236318e+000	 -2.6664286e-001	 -1.4641591e+000	 -9.7047741e-001	  6.8518387e-001	  7.9698973e-001	  5.8373914e-001	  5.8600444e-001	  8.0041772e-001	
  3.0751926e-001	 -1.1056478e+000	 -5.8015558e-001	 -4.2199550e-001	 -3.6219552e-001	 -1.2086755e+000	 -4.0820473e-001	 -3.7947554e-001	  4.6747256e-001	 -6.3888591e-001	  8.6435268e-001	
  5.6779908e-001	  3.0059218e-001	  7.3515071e-001	  1.1056388e+000	  1.1341956e-001	  9.8981305e-001	  7.8484932e-001	  3.7026177e-001	  1.1844498e+000	  1.5081920e+000	  1.6461028e+000	
  1.7723177e-002	  2.2548913e-001	 -3.1639095e-001	 -6.1187094e-001	  1.3390431e+000	  9.1573231e-001	  5.7379307e-001	  4.2952955e-001	  1.3007164e+000	  1.5680286e+000	  1.6461028e+000	
 -2.0230718e-001	 -1.2930806e-001	  4.9600411e-001	  5.8204283e-001	 -2.8902397e-001	  3.2593561e-001	  3.5980549e-001	  3.0803061e-001	  1.2328942e+000	  6.0008364e-001	  1.4455796e+000	
  9.6761034e-001	  2.2014764e+000	  4.2328948e-002	  3.5189078e-001	  1.0463568e+000	  2.1836527e+000	  1.6994264e+000	  4.4730988e-001	  1.3733830e+000	  6.9159843e-001	  2.8312579e-001	
  1.2505506e-001	  1.2966799e-001	 -4.9926776e-001	  6.9999576e-001	 -3.1097544e-001	  3.2878487e-001	 -7.6963682e-002	  5.8658914e-001	  1.8578271e+000	 -1.0739613e-001	  1.8495323e+000	
  6.5366458e-001	  2.0995057e-001	  1.1220055e+000	  1.4220978e+000	  1.3390431e+000	  7.3053045e-001	  5.3275436e-001	  7.6735585e-001	  2.8024931e+000	  6.6695983e-001	 -1.1129812e+000	
  1.7806494e+000	  1.3908814e+000	  1.8535127e+000	 -3.1842707e-001	  8.0492365e-002	 -5.6588257e-001	 -2.8215725e-001	  3.1395739e-001	  1.1214721e+000	  1.5645088e+000	  1.5734495e+000	
 -8.8118134e-001	  8.2113405e-001	 -1.8275020e-001	  9.2727091e-001	 -4.6463569e-001	  4.2281043e-001	  1.3007646e+000	 -1.5425801e-001	 -6.5415939e-002	  1.2491066e-001	 -3.6203606e-001	
  5.9731534e-001	  2.3584817e-001	 -1.1076848e+000	 -7.7585428e-001	  5.1586310e-001	  6.5360044e-001	  7.7605531e-001	  3.5840822e-001	  9.3738333e-001	 -4.7345532e-001	 -3.0736731e-002	
  1.1259249e+000	 -5.3331071e-001	 -1.1076848e+000	 -1.1498514e+000	 -2.6707250e-001	 -1.2779410e+000	 -1.2195987e+000	  4.2360277e-001	  1.4460496e+000	 -2.2920937e-002	  5.3595948e-001	
 -1.4595794e-001	  6.9682555e-001	 -4.7816659e-001	 -4.9679492e-001	  1.7195680e-001	  8.3880230e-001	  2.3962069e-001	  2.0431201e-001	  8.7925003e-001	 -3.8546032e-001	  6.0570671e-001	
  1.4318207e+000	  8.4962142e-001	 -9.7404409e-001	 -1.1498514e+000	 -8.4146918e-001	 -1.3564441e-001	 -8.5963059e-001	  4.7398037e-001	  1.4944940e+000	  1.8474725e-001	  6.4348646e-001	
  2.0758120e+000	  5.5697848e-001	 -1.5109845e-001	 -3.8747269e-001	 -1.4180610e+000	 -1.2924437e+000	  1.6633727e-001	  4.2656616e-001	  1.3249386e+000	 -1.4611393e-001	  8.4691587e-001	
  1.4318207e+000	  2.4863501e+000	 -1.1076848e+000	 -5.3419462e-001	 -1.2878156e+000	  1.4884334e+000	 -2.4199621e-002	  4.8287054e-001	  1.3007164e+000	 -5.3219374e-003	  9.3119377e-001	
 -1.0570849e-001	  1.2448847e-001	 -3.1639095e-001	 -6.1187094e-001	  1.3390431e+000	  1.1978090e+000	  7.4381060e-001	  1.9112238e+000	 -3.5366017e-001	  1.4025980e+000	  1.5124207e+000	
 -1.5669113e-001	 -9.0461656e-002	  4.9600411e-001	  5.8204283e-001	 -2.8902397e-001	  6.9349007e-001	  6.4707649e-001	  1.8045419e+000	  1.9376165e-001	  6.5992023e-001	  1.4949838e+000	
  9.7029364e-001	  2.2014764e+000	  4.2328948e-002	  3.5189078e-001	  1.0463568e+000	  2.3831009e+000	  1.8459932e+000	  1.9112238e+000	  1.7922833e-001	  6.9159843e-001	  2.8603192e-001	
  1.1700517e-001	  1.2189871e-001	 -4.9926776e-001	  6.9999576e-001	 -3.1097544e-001	  5.9946451e-001	  1.5461192e-001	  1.9112238e+000	  5.9585024e-001	 -1.2147533e-001	  1.8495323e+000	
  6.9928063e-001	  2.4102769e-001	  1.1220055e+000	  1.4220978e+000	  1.3390431e+000	  9.5562194e-001	  6.6173317e-001	  1.8815900e+000	  2.0273825e+000	  7.3031623e-001	 -1.0612520e+000	
  1.8343153e+000	  1.4167790e+000	  1.8535127e+000	 -3.1842707e-001	  8.0492365e-002	 -3.0659997e-001	  4.9083797e-002	  1.8460293e+000	  1.0171727e-001	  1.6313850e+000	  1.6286660e+000	
 -8.0604902e-001	  9.0918591e-001	 -1.8275020e-001	  9.2727091e-001	 -4.6463569e-001	  8.6444564e-001	  1.7287397e+000	  1.8815900e+000	 -1.1457263e+000	  2.2346505e-001	 -2.8066429e-001	
  2.4312013e-001	 -2.5717643e-002	 -1.1076848e+000	 -7.7585428e-001	  5.1586310e-001	  9.2428008e-001	  9.9883690e-001	  1.9408577e+000	 -1.1457263e+000	 -9.3806890e-001	 -4.1434648e-001	
  7.2343031e-001	 -7.8969700e-001	 -1.1076848e+000	 -1.1498514e+000	 -2.6707250e-001	 -1.0075178e+000	 -7.9220985e-001	  1.8578828e+000	 -9.8440638e-001	 -5.5089091e-001	  1.0003932e-001	
 -3.1232236e-001	  5.5179896e-001	 -4.7816659e-001	 -4.9679492e-001	  1.7195680e-001	  1.1322760e+000	  4.8585297e-001	  1.8193588e+000	 -7.9450429e-001	 -6.0368791e-001	  4.2552638e-001	
  1.0722589e+000	  6.4503034e-001	 -9.7404409e-001	 -1.1498514e+000	 -8.4146918e-001	  8.0899307e-002	 -5.5184023e-001	  1.8815900e+000	 -8.4537092e-001	 -2.7282673e-001	  2.6568898e-001	
  1.9953131e+000	  5.1813207e-001	 -1.5109845e-001	 -3.8747269e-001	 -1.4180610e+000	 -1.2924437e+000	  6.1190045e-001	  1.9112238e+000	 -1.8894918e-001	 -2.4818813e-001	  7.6263797e-001	
  1.1983739e+000	  2.3568620e+000	 -1.1076848e+000	 -5.3419462e-001	 -1.2878156e+000	  1.6707860e+000	  2.1030732e-001	  1.9704916e+000	 -6.8792659e-001	 -3.2210392e-001	  6.6964167e-001	
  2.5117002e-001	  4.1972117e-001	  1.9707086e-001	  1.3444215e+000	 -1.3170513e-001	 -2.7525812e-001	  8.5227006e-001	  1.8815900e+000	  1.6882717e+000	  6.5074060e-002	  1.6751642e+000	
