 -1.3533395e+000	 -1.2151577e+000	  1.0083424e+000	  1.6505881e+000	  6.7730615e-001	  8.4168582e-001	  2.1224875e-001	 -6.8833265e-001	 -7.4858642e-001	 -1.0549694e-001	 -1.4320933e+000	
  4.7254192e-001	  6.6527897e-002	  1.1309546e+000	  6.3706366e-001	  7.4906869e-002	 -4.8900292e-001	 -4.9175026e-001	 -8.2274806e-001	  2.7169108e-001	 -3.4301479e-001	 -7.2134804e-001	
 -3.8315363e-001	 -4.2511105e-001	  1.0801791e-001	  3.9456395e-001	  8.4847971e-001	 -9.0688067e-001	  2.3037748e-001	 -1.2379423e+000	 -1.6789657e-001	 -6.4500177e-001	 -2.8646280e-001	
  1.3699787e+000	  1.4754037e+000	 -7.7652107e-002	  1.5573190e+000	  5.7855217e-001	 -9.3059005e-001	  1.0189772e+000	  1.0471196e+000	  5.0233892e-001	  2.8810406e-001	  1.1772181e+000	
  3.5029970e-001	 -1.0928595e+000	 -1.1969060e-001	 -2.9251858e-001	  1.6483869e+000	 -1.3692135e+000	 -1.8960476e-001	 -5.3599518e-001	 -3.5784185e-001	  9.8029893e-001	  4.2103706e-001	
  1.3938309e+000	  1.4509440e+000	  1.2570701e+000	  1.1624797e+000	  1.2171612e+000	  1.3010550e+000	 -4.0412807e-001	  3.2725044e-001	  2.0653172e+000	  1.2110305e+000	  1.9755895e+000	
 -7.0094286e-002	 -4.4223280e-001	  2.0961094e-001	  9.0443515e-001	 -1.0212623e+000	 -1.3692135e+000	 -4.2829971e-001	 -6.4352751e-001	 -1.2451577e+000	 -1.4355969e+000	 -3.3189857e-001	
 -9.8542019e-001	 -1.4627105e-001	  8.8222687e-001	  1.2122232e+000	  1.6516787e+000	  9.4541434e-001	  1.6323326e+000	  4.4673081e-001	  1.0070507e+000	  1.9405496e+000	  7.7023368e-002	
 -4.9943282e-001	  5.9485632e-001	  6.1247986e-001	  2.2412926e+000	  1.6088854e+000	 -4.1488445e-002	  7.5611065e-001	 -8.4956811e-002	  1.1562934e+000	 -1.0046716e+000	  1.3297525e+000	
 -6.7112769e-002	 -6.5013982e-001	 -1.0970856e+000	 -1.2718444e+000	 -1.1693933e+000	 -7.5869707e-001	  1.2486078e+000	  3.9595165e-001	 -1.2451577e+000	  1.6934513e-001	  1.3544079e-001	
 -8.3932583e-001	  1.6955405e+000	  1.9209490e-001	 -6.9046683e-001	  1.7695265e-001	  3.7638931e-001	  1.2788224e+000	 -1.5067101e-001	  3.4766919e-001	 -3.7694591e-001	 -8.3818288e-001	
  9.3467715e-001	 -7.3330263e-001	 -1.0970856e+000	 -1.0116235e+000	 -6.4270539e-001	 -1.8967205e-001	  3.1195677e-001	 -5.5093023e-001	  3.8329736e-002	  8.8529179e-001	 -1.1796002e+000	
 -9.5262350e-001	 -1.2151577e+000	 -1.0970856e+000	 -4.6351197e-001	 -1.0903901e+000	 -1.3303894e+000	 -1.1708984e-001	 -1.2379423e+000	 -1.2451577e+000	 -1.4355969e+000	 -1.2915670e+000	
  7.0510029e-001	  1.5487826e+000	  1.4042048e+000	  1.6568061e+000	  1.1743678e+000	  1.0402518e+000	  1.0340845e+000	  6.2296434e-001	  4.4806884e-001	  4.9169078e-001	  1.8133189e+000	
  1.2686071e+000	  3.3069211e-001	  8.0865950e-001	  4.9405101e-001	  1.3060398e+000	 -7.1424199e-001	  8.9207613e-001	 -3.2391754e-001	 -4.3075384e-002	  1.9309692e-001	  1.6218396e+000	
  6.0074717e-001	  3.4292193e-001	  3.1067639e+000	  2.7387279e+000	 -4.7482362e-001	 -2.5783650e-001	  1.0522132e+000	 -1.8054110e-001	  1.0341857e+000	  1.2890721e+000	 -7.4406593e-001	
  1.4147015e+000	  1.6710809e+000	 -2.2829005e-001	  2.6087821e-001	 -1.1167245e+000	 -1.4818064e-001	 -1.5099806e+000	  1.8984803e-001	  7.2484625e-001	  5.2901502e-001	  4.9243613e-001	
  4.8744951e-001	  1.5732423e+000	 -2.4230288e-001	  6.2462778e-001	 -1.1930929e-001	  3.4675259e-001	 -1.5099806e+000	  1.1695870e+000	 -7.0210424e-002	  7.8010531e-001	  1.6153488e+000	
 -7.7373244e-001	 -6.9905912e-001	 -6.9771991e-001	 -7.1844756e-001	 -1.5314912e+000	 -9.6319044e-001	 -1.4731188e+000	 -8.0482600e-001	 -1.2451577e+000	 -9.6056119e-001	 -1.1075521e+000	
 -6.6043477e-001	  7.0981667e-001	 -5.6459801e-001	  2.8574997e-001	 -1.0212623e+000	 -1.3692135e+000	 -1.4791618e+000	 -1.2379423e+000	  5.4575498e-001	 -3.2604923e-001	 -1.0913250e+000	
 -4.6663613e-001	  6.1931597e-001	 -1.0970856e+000	  3.1683968e-001	  1.4541708e+000	  1.6537320e+000	 -1.5099806e+000	 -3.5677464e-001	  9.0393751e-001	  6.1044971e-001	  1.1350278e+000	
  2.7444583e+000	  1.4998633e+000	 -7.7584145e-001	  6.8122025e-002	 -4.9457442e-001	  7.9426707e-001	 -1.4746296e+000	  1.4891970e+000	  4.7791738e-001	  1.8631070e-001	  6.5470675e-001	
 -2.8178204e-001	  4.9457176e-001	 -5.8153252e-004	 -8.4591536e-001	 -9.4884272e-001	 -7.9722481e-001	 -1.5099806e+000	  4.9750996e-001	 -2.4930169e-001	 -2.2425587e-001	 -4.2277011e-001	
 -1.4123735e+000	 -6.3546403e-001	 -2.3879967e-001	 -6.0341565e-001	 -1.4969273e+000	 -1.3692135e+000	 -1.5099806e+000	 -1.2379423e+000	 -1.2451577e+000	 -1.4355969e+000	 -1.4320933e+000	
  1.0241227e+000	  1.0473598e+000	 -9.1386784e-001	  6.7748028e-001	  1.9011985e-001	  4.3269908e-001	 -1.4510622e+000	 -1.4170998e-001	  4.1043240e-002	  1.4180104e+000	  2.8342185e-002	
  1.6114816e+000	  1.5977019e+000	  4.8986758e-001	 -4.9149270e-001	 -9.5871812e-001	  1.7130054e+000	 -1.5099806e+000	  1.2502363e+000	  9.3107255e-001	  1.1228096e+000	 -7.9923793e-001	
 -3.8315363e-001	  1.8638018e-001	  9.0674932e-001	 -2.0235843e-001	  6.8718154e-001	 -6.2234149e-002	 -1.4731188e+000	 -9.2729338e-001	  6.5158164e-001	 -2.4122143e-001	 -2.7997198e-001	
  4.6184900e-002	  1.3531054e+000	 -1.3720664e-001	  1.4671588e+000	  2.8821678e-002	 -8.8909864e-001	 -1.5099806e+000	 -1.2379423e+000	 -3.8226338e-001	 -8.5537472e-001	 -6.4670356e-001	
 -4.4576550e-001	  7.3916825e-001	  1.0101150e-001	 -8.6767816e-001	  1.6549705e+000	 -3.7341971e-001	 -1.4951453e+000	  3.0335437e-001	 -9.6838025e-001	  2.6834427e-002	  8.3644983e-001	
 -9.8840171e-001	 -7.6020824e-001	  4.4432587e-001	  1.3583449e+000	  1.6286362e+000	 -1.3692135e+000	 -1.5099806e+000	 -1.2379423e+000	  6.1359259e-001	 -2.6836633e-001	  8.8513101e-001	
 -1.4892967e+000	 -1.1713749e+000	 -1.0070532e+000	  7.3033279e-001	  1.2895808e+000	 -1.3692135e+000	  5.8690917e-001	 -1.1268256e+000	 -1.2134097e+000	 -1.1943466e+000	 -1.4320933e+000	
 -4.6961764e-001	 -1.2151577e+000	 -1.0970856e+000	 -1.2718444e+000	 -9.9821971e-001	 -3.3489197e-001	  1.0347637e-001	 -1.2379423e+000	 -1.2451577e+000	 -1.4355969e+000	 -1.1292964e+000	
 -1.4823497e+000	 -7.9200579e-001	 -6.2415254e-001	  7.0235205e-001	 -5.3736781e-001	 -1.3692135e+000	 -6.4886592e-001	 -1.2379423e+000	 -1.2451577e+000	 -1.4355969e+000	  2.6525728e-001	
 -1.4892967e+000	 -1.1141394e+000	  3.6672772e+000	  1.1686977e+000	  1.5726756e+000	 -1.6299900e-001	  1.3150798e+000	 -1.1169685e+000	 -1.2451577e+000	 -1.4355969e+000	 -1.3610188e+000	
 -7.4988030e-001	 -2.9058298e-001	  5.9846702e-001	  8.6401853e-001	 -1.8185348e-001	 -2.9636424e-001	  8.8301176e-001	 -9.0339730e-001	 -1.2106962e+000	 -1.4174437e+000	 -1.4320933e+000	
 -1.4892967e+000	  4.7500404e-001	  7.7713063e-001	  1.1562618e+000	  8.2214532e-001	  3.8528033e-001	  1.0945136e+000	 -6.1963144e-001	 -1.2441672e+000	 -1.4355969e+000	 -1.5015549e-001	
 -1.5059526e-001	 -1.2151577e+000	  5.4241570e-001	  1.2091143e+000	  1.3389578e+000	 -2.4894549e-001	  8.1049684e-001	 -9.3326739e-001	 -1.2272485e+000	 -1.4355969e+000	  1.6672754e+000	
 -1.4892967e+000	 -1.2151577e+000	 -1.0970856e+000	  5.9353807e-001	  1.2797054e+000	 -1.1724257e+000	  3.6634296e-001	 -1.2379423e+000	 -1.2451577e+000	 -1.4355969e+000	 -9.7449019e-001	
 -1.4892967e+000	 -1.1505842e+000	 -2.5281250e-001	 -4.0755049e-001	  1.8024445e-001	  1.1262250e-001	 -5.2960063e-003	 -7.7794292e-001	 -1.2451577e+000	 -5.4999463e-001	 -1.4366466e-001	
 -8.7510404e-001	 -4.2755701e-001	  9.9280913e-003	  6.5571749e-001	  1.1440846e-001	 -1.1558025e-001	 -3.7089206e-001	 -1.2184969e+000	 -1.1895308e+000	 -1.4355969e+000	 -6.7266686e-001	
 -2.5196686e-001	  3.1601632e-001	 -1.0970856e+000	  5.1270484e-001	 -1.1364753e+000	  6.2240076e-002	  5.5367317e-001	 -3.5378763e-001	 -1.2451577e+000	  4.6454589e-001	 -2.3453621e-001	
 -1.3581099e+000	 -1.2151577e+000	 -7.5482220e-001	  5.7799322e-001	 -1.1661015e+000	 -1.3692135e+000	 -1.2649406e+000	 -1.2379423e+000	 -1.2291480e+000	 -1.4355969e+000	 -2.7672656e-001	
 -1.2746274e+000	 -1.2151577e+000	 -2.8083817e-001	 -7.8995389e-001	 -5.6699400e-001	 -4.1787479e-001	  1.8136199e+000	 -8.2872208e-001	 -1.2188909e+000	 -1.4355969e+000	 -1.4320933e+000	
 -8.7212252e-001	 -9.8768298e-001	 -1.0970856e+000	  8.3292882e-001	 -6.8220698e-001	 -1.3692135e+000	  5.9295208e-001	 -4.4937192e-001	 -1.2451577e+000	 -5.9749820e-001	 -9.3554525e-001	
 -7.2006512e-001	  1.6681246e-001	  1.5355962e-001	 -1.2437393e+000	  8.6493871e-001	  5.9273737e-001	 -8.3174613e-003	 -7.1521573e-001	 -1.2176700e-001	 -7.4679513e-001	  6.5470675e-001	
  6.1092488e-002	 -6.8000173e-002	 -5.6632859e-002	 -1.2301841e+000	  1.2928726e+000	  4.2380806e-001	  1.3392515e+000	  1.6534825e+000	  7.6826231e-001	  2.0932397e+000	  1.5082502e+000	
 -8.3038127e-001	  2.8421877e-001	 -7.3975841e-001	 -1.2158829e+000	 -1.2615637e+000	 -1.3274257e+000	 -1.8658331e-001	 -1.2379423e+000	 -1.2451577e+000	 -4.5838060e-001	 -1.3006541e+000	
  1.8201879e+000	  1.0449139e+000	  5.3891249e-001	 -1.2706132e+000	  2.7241483e-001	 -1.2447126e-001	  1.0099129e+000	  1.0142625e+000	  5.2404695e-001	  6.7551772e-002	  2.0729519e+000	
 -9.0491921e-001	 -7.4308649e-001	  4.5833871e-001	 -1.2718444e+000	 -1.2944817e+000	  7.4981198e-001	 -5.7030809e-001	 -1.2379423e+000	 -5.9120319e-001	 -1.0080648e+000	 -1.4320933e+000	
  1.3729602e+000	  1.0791574e+000	  1.2903716e-001	 -1.2718444e+000	 -1.4482087e+000	  7.4092097e-001	  1.2486078e+000	  1.0889378e+000	  1.1345854e+000	  2.2968264e+000	  2.9446599e-001	
  1.2000322e+000	  9.7398088e-001	 -2.1427722e-001	 -1.2718444e+000	 -6.3612179e-001	  2.6910172e+000	  4.4792224e-001	  7.9919788e-001	  3.3681518e-001	  8.1403643e-001	  3.9831918e-001	
  2.3402051e-001	  1.8178388e+000	  6.2298948e-001	 -1.2718444e+000	 -1.2220621e+000	  1.0935979e+000	  2.0016293e-001	 -5.8677434e-001	  6.9499771e-001	  2.5417294e-001	 -1.4320933e+000	
 -1.4892967e+000	 -1.2151577e+000	  6.2476210e-002	 -1.2468171e+000	 -1.9502068e-001	 -3.3489197e-001	 -6.5490883e-001	 -1.2379423e+000	  2.2556151e-001	 -6.9589845e-001	 -1.1117711e+000	
  4.1887460e-001	  2.0350193e-001	 -7.9616005e-001	 -1.1916329e+000	 -3.5631884e-001	 -4.2676581e-001	 -1.5099806e+000	 -5.6586528e-001	 -4.0361880e-002	  8.7910445e-002	  2.3788872e-003	
  8.0050885e-001	  9.2750755e-001	  2.6863790e+000	 -1.2495841e+000	  1.2566628e+000	  9.1876796e-002	  1.8136199e+000	  7.6341680e-002	  1.4303573e+000	 -2.7854566e-001	  1.0311746e+000	
 -2.2390005e-002	 -2.6367737e-001	 -4.9803706e-001	 -1.2509832e+000	 -8.6983954e-001	  5.6312732e-002	  5.8993063e-001	  6.1406634e-002	 -3.2527980e-001	  8.9207801e-001	  1.3200163e+000	
  1.7903727e+000	  1.1623202e+000	  2.5812827e+000	 -1.2718444e+000	  1.3027480e+000	  1.1143436e+000	  7.7121793e-001	  8.5595105e-001	 -4.3110646e-001	 -1.0657477e+000	 -1.7287337e-001	
 -1.4892967e+000	 -1.2151577e+000	 -6.4517179e-001	 -1.2718444e+000	  1.9011985e-001	 -8.5649825e-001	  6.4431682e-001	  5.0348398e-001	 -1.2451577e+000	 -9.0287829e-001	 -1.3152585e+000	
  1.8500030e+000	 -1.2151577e+000	 -4.5599856e-001	 -5.6236803e-002	 -7.3224101e-002	 -1.2050261e+000	  6.5640264e-001	 -4.0456678e-001	 -1.3533452e-001	  3.2203518e-001	  7.8776865e-001	
 -5.4415558e-001	 -1.1855615e+000	  2.7967510e-001	  5.9042910e-001	  2.6912303e-001	 -3.1414627e-001	 -4.5247135e-001	 -3.2690455e-001	 -1.6518306e-001	  5.1544257e-001	 -6.2398567e-001	
  1.0092151e+000	 -1.2151577e+000	 -4.0847404e-003	 -1.2718444e+000	 -1.2813145e+000	  1.6596860e-001	 -6.1260846e-001	 -4.3742388e-001	  6.5972215e-001	 -2.1068342e-001	  1.2843167e+000	
  9.7641839e-001	 -1.2146049e+000	 -1.3720664e-001	  5.8732013e-001	 -6.4270539e-001	  5.9570104e-001	 -1.1957493e+000	  3.0036736e-001	  1.2919686e+000	  2.7379310e+000	 -2.6049950e-001	
 -1.4838405e+000	 -1.1996503e+000	 -1.0970856e+000	 -8.3658845e-001	  5.4234237e-001	 -1.2731905e+000	 -1.0144620e+000	 -1.2379423e+000	 -4.9080354e-001	  2.7453161e-001	 -1.2282814e+000	
 -5.6502621e-001	 -1.2151577e+000	 -7.0645691e-002	 -9.0498581e-001	  4.9954898e-001	 -5.1271230e-001	 -1.5099806e+000	 -1.2379423e+000	 -3.0899878e-001	  5.4258747e-001	 -2.7348115e-001	
  9.0907664e-002	 -1.1598789e+000	 -1.0970856e+000	 -1.2718444e+000	 -1.6044046e+000	 -1.0778846e+000	 -9.9935470e-001	 -6.7638461e-001	 -4.5281449e-001	  3.0846273e-001	 -8.4467370e-001	
  1.8500030e+000	 -1.2151577e+000	 -1.0970856e+000	  5.5686142e-002	 -8.1387895e-001	 -1.3692135e+000	  1.0522132e+000	 -1.2379423e+000	  8.4424043e-001	 -1.3772354e+000	 -1.1257264e+000	
 -1.1374776e+000	 -1.2096788e+000	 -5.8561726e-001	 -1.2718444e+000	  1.8946280e-002	  4.3269908e-001	  3.7842878e-001	 -5.7781331e-001	 -1.2451577e+000	 -4.5498749e-001	 -1.4320933e+000	
 -1.3628803e+000	 -1.1997971e+000	 -1.0970856e+000	 -4.2931329e-001	 -1.1792687e+000	 -1.3692135e+000	 -1.3857988e+000	 -1.2379423e+000	 -1.2451577e+000	 -1.0793201e+000	 -1.4320933e+000	
 -1.4761374e-001	 -1.2019006e+000	 -1.0918098e-001	 -1.2718444e+000	 -6.6574798e-001	  5.2457291e-001	  5.5669462e-001	  1.5699093e-001	 -3.5784185e-001	 -1.1261451e+000	 -9.4983480e-002	
 -5.7993380e-001	 -1.2015337e+000	  1.5373267e+000	  1.2495309e+000	  1.3883348e+000	 -4.7122089e-001	  1.1488998e+000	 -1.9547615e-001	 -2.9000425e-001	 -1.1800955e+000	 -3.1567151e-001	
 -4.0998729e-001	 -1.1569438e+000	  1.2850958e+000	 -4.0133255e-001	  1.2632464e+000	 -1.1164123e+000	  6.9266010e-001	 -5.5391724e-001	  1.2539795e+000	  1.7505354e+000	  2.3650390e+000	
  6.9615574e-001	 -1.2080155e+000	 -1.0161615e+000	 -8.1482566e-001	 -1.5947267e+000	 -9.0984435e-001	 -1.5099806e+000	 -5.0612509e-001	 -2.0588562e-001	  7.4278108e-001	 -4.4873341e-001	
  8.3926858e-001	  1.3775651e+000	  6.9482626e-002	 -6.8424889e-001	 -2.7731566e-001	  1.6537320e+000	  9.8876269e-001	  3.8699063e-001	  1.8753719e+000	  6.9867062e-001	  7.9425947e-001	
  1.0406689e-002	  4.9406143e-002	 -1.0970856e+000	  1.3651938e-001	 -9.0604933e-001	 -7.4387871e-001	 -1.3326212e+000	 -3.5976165e-001	 -1.3262102e-001	 -1.5639363e-001	  1.1272290e-001	
  1.6711120e+000	  7.1419827e-002	 -5.2255951e-001	  4.6359230e-002	 -3.4973525e-001	  1.0343245e+000	 -1.4804610e+000	  2.9439334e-001	  1.4954814e+000	 -4.6516683e-001	  2.7499351e-001	
  7.1106333e-001	  1.9616404e-001	 -1.0970856e+000	 -2.1479431e-001	 -4.6494822e-001	  8.8939797e-003	 -3.5578479e-001	  4.0491268e-001	  2.0110471e+000	  1.9439428e+000	  1.6088579e+000	
 -3.0563418e-001	  1.2033913e-001	 -8.6762550e-001	 -1.1823060e+000	 -6.3612179e-001	  4.2973541e-001	  6.7453137e-001	 -1.9846316e-001	  2.7983159e-001	  3.2882140e-001	  9.2083055e-001	
  3.8011487e-001	  8.5902053e-001	 -1.0263208e+000	 -1.8992254e-001	 -1.2023113e+000	 -6.5197821e-002	  1.1368140e+000	  4.4075679e-001	  2.1738574e+000	 -8.1745160e-002	 -7.4406593e-001	
  5.1726468e-001	  1.4020247e+000	  1.4812754e+000	  1.0350119e+000	  1.3455414e+000	  4.6826314e-001	 -2.6211968e-001	  1.5699093e-001	  1.1508664e+000	 -8.1745160e-002	  1.3914153e+000	
 -8.9597466e-001	  1.7689195e+000	  5.6343494e-001	  1.5697549e+000	  1.6385116e+000	  1.6833687e+000	  6.5640264e-001	  2.2569213e-001	  1.2159905e+000	  1.0413749e+000	  4.1130083e-001	
  1.1475981e-001	 -3.1310699e-002	 -1.0970856e+000	 -6.8113992e-001	  6.8059795e-001	 -1.5707165e-001	  2.4918544e-002	  3.1530241e-001	  1.6311566e+000	  7.5974664e-001	  4.6322742e-001	
 -3.4737542e-001	  2.4946494e-002	  1.3376439e+000	  1.2402040e+000	  6.5097175e-001	  8.5949452e-002	 -1.9866913e-001	  5.5432616e-002	  8.4695393e-001	 -2.1746964e-001	 -8.9660030e-001	
  9.0907664e-002	 -1.2151577e+000	 -1.0396330e+000	 -1.7437769e-001	 -1.0508885e+000	 -5.5420370e-001	  9.6761250e-001	 -2.8203639e-002	  6.0816558e-001	 -6.6536044e-001	  2.8797516e-001	
 -1.2972464e-001	  5.4349106e-001	  3.6375209e-001	 -7.0912065e-001	 -1.2260109e-001	 -1.0849974e+000	 -5.6426518e-001	  6.1406634e-002	  9.2293204e-001	  2.8471095e-001	  3.8078422e-002	
  1.8929775e-001	  1.0106704e+000	  3.0069435e-001	  6.3706366e-001	 -3.1681725e-001	  2.1871929e+000	  5.0230843e-001	  9.7250743e-002	  9.2293204e-001	  8.2082266e-001	  9.0784890e-001	
  1.0360487e+000	  6.2909983e-001	  8.1916912e-001	  4.2565366e-001	  1.2467874e+000	  1.6537320e+000	  6.8963864e-001	  5.4530211e-001	  2.7979633e+000	  1.5537349e+000	 -3.7733434e-001	
  1.5650105e-001	  1.5458263e-001	 -1.0970856e+000	  1.3651938e-001	 -9.0604933e-001	 -1.8374470e-001	 -6.3073719e-001	  1.7490668e+000	 -1.2451577e+000	  9.8688665e-003	  2.7174810e-001	
  1.6114816e+000	  3.4730354e-002	 -5.2255951e-001	  4.6359230e-002	 -3.4973525e-001	  1.3425464e+000	 -1.2504376e+000	  1.7789369e+000	 -1.5161554e-001	 -5.4999463e-001	  1.9385821e-001	
  5.6198745e-001	  1.1055527e-001	 -1.0970856e+000	 -2.1479431e-001	 -4.6494822e-001	  2.6376977e-001	 -8.9896746e-002	  1.7490668e+000	 -1.3226840e-002	  1.7742872e+000	  1.4465873e+000	
 -3.8911667e-001	  5.1852108e-002	 -8.6762550e-001	 -1.1823060e+000	 -6.3612179e-001	  8.7132254e-001	  1.0824278e+000	  1.7162097e+000	 -1.2451577e+000	  2.3381426e-001	  8.2995901e-001	
  2.5489113e-001	  7.8319562e-001	 -1.0263208e+000	 -1.8992254e-001	 -1.2023113e+000	  1.4818656e-001	  1.4450024e+000	  1.7490668e+000	  2.0928049e-001	 -2.2425587e-001	 -8.8037324e-001	
  6.3652539e-001	  1.4754037e+000	  1.4812754e+000	  1.0350119e+000	  1.3455414e+000	  7.3795730e-001	 -5.6660741e-002	  1.7430928e+000	  2.5269655e-001	  5.3979324e-002	  1.5212318e+000	
 -8.0056610e-001	  1.8422984e+000	  5.6343494e-001	  1.5697549e+000	  1.6385116e+000	  1.9204624e+000	  8.0143248e-001	  1.7789369e+000	  2.5541006e-001	  1.1499545e+000	  5.1839943e-001	
 -1.5357678e-001	 -2.1475807e-001	 -1.0970856e+000	 -6.8113992e-001	  6.8059795e-001	  1.0669516e-001	  2.6361349e-001	  1.7789369e+000	 -6.4275977e-001	  4.5775966e-001	  1.7438574e-001	
 -2.0426258e-001	  1.3012299e-001	  1.3376439e+000	  1.2402040e+000	  6.5097175e-001	  5.0086354e-001	  8.8369099e-002	  1.7430928e+000	 -3.7648376e-002	 -5.4600263e-002	 -7.4082051e-001	
 -1.3866919e-001	 -1.2151577e+000	 -1.0396330e+000	 -1.7437769e-001	 -1.0508885e+000	  7.4094764e-002	  1.5416890e+000	  1.7460798e+000	 -1.2451577e+000	 -9.2663007e-001	  3.8078422e-002	
 -2.2215168e-001	  4.7745000e-001	  3.6375209e-001	 -7.0912065e-001	 -1.2260109e-001	 -7.6462442e-001	 -1.0802548e-001	  1.7221837e+000	 -6.9702985e-001	  1.8291758e-001	 -6.2529357e-002	
  2.3700203e-001	  1.0400219e+000	  3.0069435e-001	  6.3706366e-001	 -3.1681725e-001	  2.4835601e+000	  7.1381028e-001	  1.7490668e+000	 -2.7915023e-001	  8.7511245e-001	  9.5977549e-001	
  1.0658639e+000	  6.4377562e-001	  8.1916912e-001	  4.2565366e-001	  1.2467874e+000	  1.8908257e+000	  8.0445393e-001	  1.7460798e+000	  1.6582916e+000	  1.5876660e+000	 -3.4488022e-001	
  2.0885245e+000	  7.5873597e-001	  5.1088683e-001	  1.6008446e+000	 -6.1966279e-001	  1.3425464e+000	  6.7218914e-002	  1.7341317e+000	 -1.8417759e-001	  3.0167651e-001	  6.5470675e-001	
