 -9.8633308e-001	 -1.8480312e-001	  5.2474966e-001	  2.8929221e-001	 -1.1766814e-001	 -4.3230251e-001	  4.9968991e-001	 -5.0387553e-001	 -3.9092170e-001	 -3.9213436e-001	 -2.0954900e-001	
 -2.8572076e-001	  3.9870987e-001	  1.0295108e+000	  1.5189021e+000	  1.5469290e+000	 -1.4468144e-002	  7.1804709e-001	  3.7795840e-001	  3.2644686e-001	  6.7823965e-001	  1.6102032e+000	
 -5.1311248e-001	 -5.3582266e-001	 -1.7696191e+000	 -1.4342195e+000	 -1.7088272e+000	 -8.9544422e-001	 -9.5132877e-001	 -7.3455394e-001	 -1.1800271e+000	 -1.2091348e+000	 -1.4316113e+000	
 -1.3059106e+000	 -1.0965422e+000	 -1.7696191e+000	 -1.4342195e+000	 -1.5682457e+000	 -1.7613178e+000	 -1.2189924e+000	 -1.5302485e+000	 -9.2171010e-001	 -1.2608437e+000	 -1.3622366e+000	
  9.0654932e-001	  2.5739032e-001	  1.0008312e+000	  2.3784410e-001	  8.2303909e-001	  6.1480048e-001	  7.0395953e-001	  5.9695690e-001	  2.7819337e-001	  1.0298601e+000	  7.6169704e-001	
 -7.9581570e-001	  3.7135770e-001	 -1.9224057e-001	  9.3239360e-001	  4.6633969e-001	 -5.7325868e-001	  4.0459888e-001	 -5.7118603e-002	  7.0282409e-001	  6.4204343e-001	  1.6315493e+000	
 -1.4656994e+000	 -2.5318355e-001	  7.7713022e-001	  1.2359375e+000	  1.4979703e+000	 -1.3938250e+000	  4.5038345e-001	 -1.4741849e+000	  4.3903834e-001	 -5.8862814e-001	 -2.0421249e-001	
 -2.0582638e-001	 -4.0817919e-001	 -2.1518426e-001	  1.4523750e-001	 -1.4564456e-001	 -4.5243911e-001	  4.5038345e-001	 -2.2355746e-001	 -1.9147394e-001	  5.3345476e-001	 -1.9887597e-001	
  3.3856783e-002	  3.2577075e-001	 -5.1345219e-001	  7.0602191e-001	  3.6202191e-002	  4.8894676e-001	  1.1228201e-001	  7.6923571e-001	  1.8812019e-001	 -5.4726103e-001	  6.7949868e-002	
 -3.3488654e-001	  3.6224031e-001	 -1.5241216e+000	  7.4203559e-001	 -2.7503552e-001	 -1.0817077e+000	 -2.4342888e-001	 -3.2575675e-001	 -2.3651053e-001	  7.5063209e-001	  1.7468020e-001	
  3.4728861e-001	 -4.5376614e-001	 -1.6929688e-001	 -9.3105698e-001	 -3.0301194e-001	  5.1915165e-001	  6.6521874e-001	  6.0571684e-001	 -1.7538944e-001	  9.8332210e-001	 -3.6964451e-001	
 -7.7123281e-001	 -2.1215530e-001	 -8.3258053e-002	  4.0762287e-001	 -4.0092942e-001	 -8.0482954e-001	  3.4800429e-002	 -2.3523738e-001	 -2.5259503e-001	  2.6973942e-001	 -9.5666135e-001	
 -3.2874082e-001	  3.0753596e-001	  6.6814771e-001	  1.1073172e+000	  1.2356913e+000	 -5.4305379e-001	  5.6308393e-001	  3.6043852e-001	  3.7791725e-001	  8.9541698e-001	  1.1299167e+000	
  5.5624316e-001	  1.3605946e+000	  7.6565838e-001	  1.4828884e+000	  1.1202886e+000	  1.3548204e+000	  5.0321180e-001	  1.2043127e+000	  3.4574826e-001	  1.3401134e+000	  2.1203582e-001	
 -1.7509777e-001	  1.3886424e-001	  2.8248543e+000	  5.9283607e-001	  1.4385204e+000	 -4.7760985e-001	  5.3843070e-001	 -6.4111459e-001	  5.9344951e-001	  1.0091765e+000	 -3.8780467e-002	
 -3.2259510e-001	  3.8503378e-001	  6.9109140e-001	  1.4005714e+000	  1.1657503e+000	  5.2921995e-001	  1.0913674e+000	  1.4436001e-001	  1.1734840e-001	  1.6141705e+000	  8.6842738e-001	
  1.8345533e+000	  3.4014249e-002	 -6.2817063e-001	  6.0312569e-001	 -1.1213223e+000	 -1.0508283e-001	 -2.0293793e+000	  3.0480794e-002	  1.0448081e-001	 -8.7051915e-002	 -4.0700012e-001	
  6.7915760e-001	  3.3944683e-001	 -1.6929688e-001	 -2.3547852e-001	 -1.4564456e-001	  4.7384431e-001	 -2.0458970e+000	 -1.3887804e-001	  1.3343290e-001	  3.2144831e-001	 -3.3443950e-002	
  2.2954825e+000	  8.7281418e-001	  3.7561570e-001	 -4.5120508e-002	  6.8665403e-001	  1.4555034e+000	 -2.0047261e+000	  1.1283932e+000	  6.1275091e-001	  2.8525209e-001	  1.4927998e+000	
 -9.4331303e-001	 -5.7229222e-001	 -1.2361783e+000	 -1.4342195e+000	 -1.5664971e+000	 -1.8922057e+000	 -2.0022607e+000	 -1.6475441e+000	 -1.0040627e+000	 -2.4403235e+000	 -2.6750197e+000	
 -6.9133842e-001	  8.4546201e-001	  1.1614370e+000	  7.8319408e-001	  1.4350233e+000	  1.0578056e+000	 -2.0548707e+000	  1.3852005e-001	  7.1890859e-001	  2.7491031e-001	  5.6958244e-001	
 -4.6394670e-001	  9.7310547e-001	  2.8384095e-001	 -1.3258230e-001	 -2.2653909e-003	  3.7316133e-001	 -2.0572022e+000	 -9.5355244e-001	 -1.9790774e-001	  1.5080898e-001	 -1.0815518e-001	
  1.4447978e-001	  6.5399680e-001	  1.0753982e+000	  1.5086124e+000	  6.5518055e-001	  7.7085910e-001	 -2.0289215e+000	  1.0466338e+000	  6.1596781e-001	  9.0575876e-001	  1.4714538e+000	
 -1.0749482e-001	  5.1267725e-001	 -1.7534438e+000	 -9.9330919e-001	 -1.4790708e+000	  9.8229336e-001	 -2.0438895e+000	  1.1167133e+000	 -8.4450451e-001	 -1.0902044e+000	  1.1064200e-001	
  5.9926321e-001	 -1.2554009e-001	  3.1460384e-002	  2.4298891e-001	 -2.0159740e-001	  1.4303326e+000	 -1.9860601e+000	  1.1838729e+000	  1.3664980e-001	 -4.3350147e-001	  8.2573524e-001	
  1.0760545e-001	  1.4973554e+000	  3.1460384e-002	 -9.1423808e-002	 -4.8835574e-001	  1.4353668e+000	 -2.0572022e+000	 -4.0167623e-001	 -9.4966955e-002	 -6.8687503e-001	  2.7607402e-001	
 -6.2373548e-001	  2.2092075e-001	  1.0180389e+000	  5.6711201e-001	  5.8523949e-001	  3.0771739e-001	 -2.0572022e+000	 -1.1287512e+000	  6.3526921e-001	 -4.0764703e-001	 -3.1627934e-001	
 -9.0643869e-001	  3.1665336e-001	 -1.7696191e+000	 -1.0596773e+000	 -1.4594873e+000	  1.1685569e+000	 -1.9776075e+000	  9.5027447e-001	 -8.5093831e-001	 -5.1106481e-001	 -6.9517203e-001	
 -2.1294374e+000	 -4.9479440e-001	  1.1901166e+000	  3.2530589e-001	  7.7408035e-001	 -6.0849773e-001	 -2.0572022e+000	 -1.5334604e+000	 -5.9581062e-002	 -9.6093215e-001	 -9.8334393e-001	
  2.9812283e-001	  8.6825548e-001	  8.3448944e-001	  5.3109833e-001	  1.5859904e-001	  1.1641973e-001	 -2.0572022e+000	 -1.1871508e+000	  6.0310021e-001	 -5.2657748e-001	 -6.7613667e-003	
 -2.8572076e-001	 -6.5434874e-001	 -1.7696191e+000	 -5.4931199e-001	 -1.6934402e+000	 -3.9202932e-001	 -2.0116620e-001	 -8.3967322e-001	 -1.2661757e+000	 -1.4263122e+000	 -5.2974001e-001	
 -1.6881745e+000	 -8.6860741e-001	 -1.1673473e+000	 -6.3162897e-001	 -1.1947604e+000	 -6.5883922e-001	 -4.4769850e-001	 -1.1725509e+000	 -1.2507346e+000	 -1.8606668e+000	 -2.6750197e+000	
 -2.9186649e-001	 -2.3039008e-001	  3.0678463e-001	  1.0198554e+000	  1.1313735e-001	 -9.3571741e-001	  1.7190979e-002	 -1.0791116e+000	 -1.2737225e+000	 -5.6794459e-001	 -1.8105040e+000	
 -1.9954606e+000	 -1.6071160e+000	 -9.4729897e-002	  5.8254645e-001	 -2.6104730e-001	 -1.6505666e+000	 -1.4833785e-001	 -1.3953454e+000	 -1.2742083e+000	 -2.4941007e+000	 -1.7144467e+000	
 -1.6531439e+000	 -1.1238943e+000	 -3.7005415e-001	 -5.2358794e-001	 -3.3448541e-001	 -1.7109764e+000	 -1.1943392e+000	 -1.5588643e+000	 -1.2755690e+000	 -1.9899390e+000	 -2.2763819e+000	
  5.2293949e-002	 -5.4494005e-001	  3.1252055e-001	  4.9508466e-001	  1.1517621e+000	  7.1548346e-001	  4.2220833e-001	 -5.2431539e-001	 -1.2693282e+000	 -1.2866982e+000	 -8.4993101e-001	
 -2.0003772e+000	 -1.2875515e+000	 -1.1444036e+000	 -5.3387756e-001	 -1.0828547e+000	 -1.2579029e+000	  4.5366099e-002	 -9.9151217e-001	 -1.2607713e+000	  1.7666342e-001	 -8.1257539e-001	
 -3.3488654e-001	 -1.1754076e+000	  1.9759379e+000	 -1.9432003e-001	  6.2021002e-001	 -1.4038933e+000	  9.4672559e-002	 -1.3419098e+000	 -1.2755690e+000	 -1.7003693e+000	 -2.6750197e+000	
 -7.4050420e-001	 -1.3009878e-001	  6.2226033e-001	  1.2565167e+000	  1.4525086e+000	 -8.3000028e-001	  8.2018190e-001	 -4.0751619e-001	 -1.2755690e+000	 -1.1677677e+000	 -6.5247989e-001	
 -1.2874735e+000	 -1.4439148e+000	 -1.2292952e+000	 -1.4342195e+000	 -1.5962221e+000	 -2.2299971e+000	 -6.3083678e-001	 -8.4843316e-001	 -1.2314975e+000	 -1.4728502e+000	 -1.4156018e+000	
  9.4342365e-001	  1.1151207e-001	  1.1671729e+000	  1.6217983e+000	  1.3231176e+000	  1.2145388e-001	  1.1477177e+000	  8.2471533e-001	 -1.2755690e+000	 -2.6803303e-001	 -9.2464225e-001	
 -1.9026602e+000	 -1.6071160e+000	 -8.6910688e-003	  9.1695917e-001	 -2.8202962e-001	 -2.3347074e+000	 -9.4428499e-001	 -1.5702522e+000	 -1.2755690e+000	 -2.3565551e+000	 -2.6750197e+000	
  8.9425787e-001	  3.4014249e-002	 -5.4578444e-002	  2.1762036e-002	 -1.6312982e-001	  3.5805888e-001	  1.8271981e-001	  1.1955528e+000	 -1.2712262e+000	  2.5939764e-001	 -1.9887597e-001	
  1.7300761e+000	  3.3488814e-001	  3.6414385e-001	  8.2435257e-001	  3.9989569e-001	  1.0074641e+000	  1.7112201e+000	  1.1167133e+000	 -1.2755690e+000	  9.9366387e-001	  5.9092851e-001	
  2.0066336e+000	 -2.6230094e-001	 -6.7979393e-001	 -1.4342195e+000	  1.5510199e-001	  4.0840037e-001	  8.6244458e-001	  1.1488331e+000	 -1.2260288e+000	 -3.0422925e-001	  2.8674705e-001	
  6.4842899e-001	  3.8503378e-001	  6.9682732e-001	 -1.3900256e+000	  6.1321592e-001	  5.2921995e-001	  5.7717149e-001	  8.6267507e-001	  1.5400262e-003	 -2.4734947e-001	 -5.3507652e-001	
 -2.6113788e-001	 -1.5289226e-001	  8.1728168e-001	 -1.4342195e+000	  2.2213979e-002	 -2.1583410e-001	  8.9414159e-001	  4.7139776e-001	 -5.2924837e-001	  6.1618898e-001	 -6.5463051e-002	
  2.9812283e-001	  4.3062074e-001	  3.4693609e-001	 -1.4342195e+000	  1.1412709e+000	  4.1846867e-001	  6.1943417e-001	 -5.8855495e-001	 -3.4588511e-001	 -1.0281537e+000	 -4.4435574e-001	
 -1.9353493e-001	  5.0811856e-001	  1.1327574e+000	 -1.4081868e+000	  1.0993063e+000	 -6.9843783e-002	  8.4131324e-001	  7.6631573e-001	 -2.7833022e-001	  1.0427098e-001	  3.4011222e-001	
  9.9258942e-001	  9.3277287e-002	 -1.1971741e+000	 -1.3817424e+000	 -9.8843430e-001	  1.0578056e+000	  9.1150669e-002	 -1.8267774e-001	 -8.0590172e-001	 -3.9730525e-001	  7.1900491e-001	
  1.3736242e+000	  1.3430554e-001	 -9.8953371e-001	 -1.4342195e+000	 -1.4378056e+000	  1.0527714e+000	  7.9905056e-001	  9.9991412e-001	 -7.5764823e-001	 -5.7828637e-001	 -1.7219339e-001	
 -1.6715811e+000	 -1.0737487e+000	 -6.3390655e-001	 -1.4342195e+000	 -1.7362098e-001	 -1.3736884e+000	  1.8624170e-001	 -1.2747502e+000	 -4.7456108e-001	 -1.2453310e+000	 -8.2858494e-001	
 -1.1364055e-001	 -1.2857280e+000	 -1.1193766e-001	 -1.4342195e+000	  9.2095657e-001	 -1.2075615e+000	  5.1377747e-001	 -4.3963597e-001	 -1.2205601e+000	 -7.9546370e-001	  6.7949868e-002	
 -2.2426354e-001	 -1.4833356e-001	 -1.6356096e-001	 -1.4342195e+000	 -8.3806103e-001	  7.1112389e-002	  4.5742723e-001	  1.0174340e+000	 -5.0994698e-001	  6.8074753e-002	  8.9295935e-002	
  1.0479009e+000	  1.7070554e+000	  1.0753982e+000	 -1.4342195e+000	  1.5399349e+000	  8.6147378e-001	  5.2434314e-001	  9.1231473e-001	 -5.3147263e-002	  7.3511943e-001	  8.1506221e-001	
 -5.8071542e-001	 -3.8994441e-001	 -1.1193766e-001	 -1.4342195e+000	 -1.3515340e-001	  7.6079080e-001	  7.8496300e-001	  5.6483712e-001	 -5.8071876e-001	  5.3862565e-001	  8.1506221e-001	
 -1.3980965e+000	 -1.4833356e-001	  2.4368949e-001	 -1.4251646e+000	 -4.7727078e-002	 -1.2025273e+000	 -3.2443235e-001	 -1.3769495e+000	 -2.7833022e-001	 -1.3022108e+000	 -2.4156810e-001	
 -7.5894136e-001	  3.8959248e-001	  1.2990991e+000	 -1.4342195e+000	  7.8806856e-001	  7.9602985e-001	  3.0246407e-001	 -5.5643517e-001	  1.5595120e-001	 -3.3008370e-001	  2.5472795e-001	
  9.5571509e-001	 -1.6071160e+000	 -7.1420946e-001	 -3.3837474e-001	  8.2257678e-003	 -1.1471517e+000	  4.1164266e-001	  4.3051804e-001	 -1.6252184e-001	 -8.1881026e-002	  5.6958244e-001	
  7.6876837e-002	 -1.5419267e+000	  9.6067972e-001	  8.1406294e-001	  6.0272476e-001	  8.5643963e-001	  1.0314953e+000	  5.3855730e-001	 -1.4544471e-002	  8.5404987e-001	 -1.6685687e-001	
 -6.9133842e-001	 -1.6071160e+000	 -1.3342626e+000	 -7.5989374e-002	 -1.0933459e+000	 -2.0125219e+000	 -6.7662135e-001	 -1.2075907e+000	 -4.4239209e-001	 -1.2763564e+000	 -3.1627934e-001	
  1.6255988e+000	 -1.6071160e+000	 -1.1788191e+000	 -1.0035988e+000	 -1.4161239e+000	 -1.9502293e-002	  4.5038345e-001	  2.2903943e-001	 -3.1371611e-001	 -1.0256458e-001	 -1.1882822e-001	
 -4.4550954e-001	 -1.6071160e+000	 -1.8076872e-001	 -3.3322993e-001	 -9.0100798e-001	 -7.1421486e-001	  6.4760929e-001	 -4.7175575e-001	 -5.7428496e-001	 -1.4469957e+000	 -2.3089507e-001	
  6.1770038e-001	 -1.6071160e+000	 -1.8650465e-001	  1.5754950e+000	  1.1167915e+000	 -1.9502293e-002	  1.0737580e+000	  4.3343802e-001	  4.5190594e-001	  1.1074234e+000	  2.0136279e-001	
 -1.8124349e-001	 -1.6071160e+000	 -3.2990269e-001	 -1.2222533e+000	 -3.6945594e-001	 -3.5175613e-001	  5.3490881e-001	  4.6263782e-001	 -7.8660032e-001	  3.9384076e-001	 -4.9772091e-001	
 -1.3822343e-001	 -1.6071160e+000	 -1.0641007e+000	 -8.2198698e-001	 -1.0059196e+000	 -1.2025273e+000	 -9.4780688e-001	 -9.9735213e-001	 -4.0700620e-001	 -1.1625968e+000	 -7.0799568e-002	
 -8.1425286e-001	 -1.5971781e+000	 -1.5837752e+000	 -1.4198140e+000	 -1.4689294e+000	 -2.0593395e+000	 -9.4428499e-001	 -1.1316712e+000	 -1.0497427e+000	 -1.0746917e+000	 -1.8638692e+000	
  7.9592632e-001	 -1.5432943e+000	 -7.5436091e-001	 -8.6314547e-001	 -1.1912634e+000	  2.7751250e-001	  1.0147199e-002	  8.7727497e-001	 -8.0590172e-001	  1.7149253e-001	  5.6424592e-001	
  1.1400868e+000	 -1.6071160e+000	  1.4080816e+000	  9.3239360e-001	  1.6553377e+000	  4.0840037e-001	  1.0385391e+000	  1.1838729e+000	  7.6716208e-001	  5.7482187e-001	  1.7276066e+000	
  1.2604261e-001	 -1.5938047e+000	  4.2723899e-001	  1.0713035e+000	 -6.8709395e-002	  1.9696611e-001	  7.8144111e-001	  1.0612337e+000	  5.9988331e-001	  1.6658794e+000	  3.9347739e-001	
  2.9812283e-001	 -1.5826814e+000	  1.6375185e+000	  1.6732464e+000	  1.5749055e+000	 -2.2823523e+000	  3.0246407e-001	 -1.3874615e+000	  3.2644686e-001	 -1.2091348e+000	 -5.7776866e-001	
 -5.8071542e-001	 -1.6071160e+000	 -9.7232594e-001	 -1.1200305e-001	 -1.3486307e+000	 -7.3938560e-001	 -7.8579994e-001	 -9.5939240e-001	 -7.2448660e-002	 -4.9038125e-001	 -1.0367091e+000	
  1.3218834e-001	  7.0870115e-001	 -7.4862499e-001	 -4.0525728e-001	 -1.1248194e+000	  1.5736750e-002	 -2.2229754e-001	 -1.0820316e+000	  1.9413304e+000	  1.1022525e+000	  7.5102401e-001	
  1.3218834e-001	  1.2694207e+000	 -2.4959979e-001	  1.4009269e-001	  1.6209609e-001	 -1.7052676e-001	 -4.1952338e-001	 -1.1258313e+000	  1.9252459e+000	 -5.6026582e-002	  1.0498689e+000	
 -3.0175495e-003	  1.3560359e+000	  1.2704195e+000	  1.3336889e+000	  1.6553377e+000	  5.6445899e-001	  6.7226252e-001	 -1.1988307e+000	  1.9734994e+000	  1.7331010e+000	  3.6679481e-001	
 -8.9057658e-002	  1.1235424e+000	 -4.3106600e-002	  6.7515305e-001	 -1.3865045e-001	  7.2555176e-001	 -3.2115481e-002	 -1.2951901e+000	  1.9091614e+000	  3.9384076e-001	  5.7276834e-002	
  2.4281133e-001	  1.5930880e+000	  3.7561570e-001	  7.3689078e-001	  2.6001357e-001	  1.2340008e+000	  1.1124988e+000	  1.9399967e-001	  1.9734994e+000	  1.1436197e+000	  7.9371614e-001	
 -8.6341864e-001	  1.0688381e+000	  9.2626419e-001	  7.9348370e-001	 -2.2957383e-001	  1.9085768e+000	 -2.1549811e-002	  1.0203540e+000	  1.9413304e+000	  1.7227592e+000	  1.1886184e+000	
 -1.5664892e+000	  1.4426511e+000	  2.2074581e-001	  1.2980307e-001	 -7.9959345e-001	 -6.1856602e-001	 -5.2518008e-001	 -1.1404311e+000	  1.9734994e+000	  2.8008120e-001	  1.6400717e-001	
 -4.5780098e-001	  1.0870729e+000	 -3.9873375e-001	  1.5038231e-001	 -2.7153846e-001	  2.7247835e-001	  6.9339386e-001	 -1.5347794e-001	  1.9252459e+000	  1.0246892e+000	  2.6540099e-001	
 -1.2751820e+000	  1.2466272e+000	 -1.4965892e+000	 -4.9271907e-001	 -1.6427329e+000	  2.6744420e-001	  1.0171634e-001	 -9.9443215e-001	  1.9734994e+000	  7.7648654e-001	  1.0285229e+000	
  4.2718299e-001	  1.2055989e+000	 -1.5986886e+000	 -1.1003213e+000	 -1.4507447e+000	  1.4252985e+000	 -4.6203041e-002	  4.9183762e-001	  2.0056683e+000	  1.0402019e+000	  1.3540504e+000	
 -1.2321620e+000	  1.1645707e+000	  1.6375185e+000	  5.7775714e-002	  1.3720764e+000	 -4.0713177e-001	 -2.0820998e-001	 -1.4978367e+000	  1.9734994e+000	  4.0935342e-001	  1.4266110e-001	
 -2.4884643e-001	  9.4575330e-001	 -2.0371241e-001	  3.3045070e-001	 -3.6945594e-001	  7.5575665e-001	  2.1793871e-001	 -3.0823688e-001	  1.9734994e+000	  6.1101809e-001	  1.1085706e+000	
 -9.1258441e-001	  5.9929246e-001	 -1.1157240e+000	  8.0377332e-001	 -2.1558562e-001	  8.6650793e-001	  1.4750091e-001	 -1.2747502e+000	  1.9381135e+000	  1.0427098e-001	 -6.0126534e-002	
  7.8978060e-001	  1.0551620e+000	  1.2704195e+000	  1.2307926e+000	  1.3406029e+000	  6.9534687e-001	  1.1301082e+000	  1.0553937e+000	  1.9220290e+000	  1.3142590e+000	  1.4180886e+000	
  7.4676054e-001	  8.4159897e-002	  5.4195743e-001	  1.6578120e+000	  6.7266581e-001	  1.4662462e-001	  9.2583860e-001	  1.2276726e+000	  3.7148346e-001	  9.7298032e-001	  9.1645603e-001	
  1.9021563e+000	  1.4198576e+000	  1.2704195e+000	  1.5552712e-001	  6.8315697e-001	  6.7521027e-001	  7.6735355e-001	  1.3065120e+000	  3.8756795e-001	  9.9883476e-001	  1.0925611e+000	
  1.3244584e+000	  1.1873642e+000	 -1.3488135e-001	  1.9047629e+000	  8.1663878e-002	  6.7017612e-001	  6.2999984e-001	  1.2305925e+000	  3.2322996e-001	  1.0608854e+000	  7.5636053e-001	
  1.1708154e+000	  5.6738159e-001	 -1.7696191e+000	 -1.1039226e+000	 -1.7522606e+000	  7.1112389e-002	  4.1516455e-001	  1.2481124e+000	 -1.2755690e+000	 -1.9830359e-002	 -1.7752990e-001	
  1.5641416e+000	  3.6224031e-001	  1.9780212e-001	  1.0558691e+000	  7.7058329e-001	  1.8186367e-001	  4.1868644e-001	  1.2773122e+000	  2.1063849e-001	  1.5597987e-001	  8.8443693e-001	
  2.0865280e+000	  1.2511859e+000	 -3.2416677e-001	  5.1051909e-001	  8.1254793e-001	  1.9236792e+000	  7.1804709e-001	  1.2393525e+000	  5.9444215e-002	  1.4176768e+000	  5.1088076e-001	
  5.8082605e-001	  9.5487069e-001	  8.2301760e-001	  5.7225682e-001	  1.3650823e+000	 -4.7760985e-001	  6.5817496e-001	  1.2773122e+000	  4.5190594e-001	  5.7732975e-002	  1.9464038e+000	
  7.2217765e-001	  3.2121205e-001	 -2.4959979e-001	 -5.3902237e-001	 -6.1424964e-001	  5.0404920e-001	  6.0534661e-001	  1.2393525e+000	 -4.3274139e-001	  6.9892320e-001	  3.1342964e-001	
  9.6186081e-001	  1.6569098e+000	  7.7347759e-002	  5.0022947e-001	  2.5711032e-002	  1.0376690e+000	  1.2251992e+000	  1.3065120e+000	  5.8701571e-001	  3.7315720e-001	  1.3967425e+000	
  8.3894637e-001	  6.4032072e-001	  6.1652441e-001	 -5.0265319e-002	 -5.3731448e-001	  1.2541374e+000	  6.7226252e-001	  1.2481124e+000	  2.2028918e-001	  7.8682832e-001	  7.8837963e-001	
  9.5571509e-001	 -1.6656834e-001	 -8.1172013e-001	 -1.3349246e+000	 -1.4248665e+000	  1.1484203e+000	  5.0321180e-001	  1.2393525e+000	 -1.0918841e+000	 -6.1197471e-002	 -5.9911472e-001	
  9.9873515e-001	  1.2648620e+000	  2.0562408e+000	  9.6326247e-001	  1.4595027e+000	  1.7179537e-001	  1.0561485e+000	  1.2422725e+000	  1.1734840e-001	  1.5934870e+000	 -2.9493327e-001	
  6.9144904e-001	  9.8678156e-001	 -1.2178234e+000	  1.1436864e-001	 -9.1149914e-001	  1.0326348e+000	  7.2861276e-001	  1.2773122e+000	 -3.3945131e-001	  2.4905587e-001	  2.2270885e-001	
  5.4395171e-001	 -7.7287481e-001	 -1.8076872e-001	  8.3978700e-001	  9.7341236e-001	  2.0703441e-001	  1.2815495e+000	  1.2189126e+000	 -3.2980061e-001	  9.7815121e-001	  3.5078525e-001	
