 -1.2803817e+000	 -5.9806762e-001	  4.6343792e-001	 -6.7720459e-001	 -1.0504337e+000	 -9.7216110e-001	 -4.8682320e-003	 -1.4723126e+000	 -1.5032292e-001	 -1.1398781e+000	 -1.2343404e+000	
  9.2631073e-001	  1.6227180e+000	  5.5157622e-001	  1.6930929e+000	  8.8218751e-001	  1.3960572e+000	  5.3608497e-001	  9.6273562e-001	  1.4545413e+000	  1.2666678e+000	 -2.2573486e-002	
  3.5664828e-001	  3.2342020e-001	  5.1089700e-001	 -1.4740712e+000	 -1.1957181e+000	  1.3965508e-001	 -5.0767730e-001	  4.8426329e-002	 -1.2417442e-001	 -3.8264600e-001	  5.3714741e-001	
 -1.9999554e+000	  1.4721782e-002	 -6.0778133e-001	 -1.0441693e+000	 -1.0808420e+000	 -6.0820334e-001	 -8.0242744e-001	 -1.7643318e+000	 -2.3530555e-001	 -6.7309120e-001	 -7.2078203e-001	
 -6.0278323e-001	  5.4918472e-001	  1.1685443e+000	 -4.8433242e-001	 -2.0913529e-001	 -4.3868876e-001	 -8.4624152e-002	 -1.0618064e+000	  1.1443064e-001	 -1.1658107e+000	  7.5064920e-001	
 -1.1107459e-001	 -3.2622871e-001	 -1.3589908e+000	 -7.0258251e-001	 -1.5251422e+000	 -1.1217328e+000	 -4.4872727e-001	 -1.4163345e+000	 -6.2099592e-001	 -1.7207686e+000	 -9.3428382e-001	
  1.7075842e-001	  9.2699473e-001	  2.5326199e-001	  5.8154010e-001	  2.4023292e-001	  5.8837013e-001	  1.0111528e+000	  9.3785645e-001	  1.6999620e-001	  2.1899050e-001	  1.2065044e+000	
 -1.7703550e-001	 -4.9670396e-001	 -1.4078058e+000	 -1.0781757e+000	 -1.1315227e+000	 -4.7358882e-001	  5.7076145e-001	  7.2638356e-001	 -1.0177994e+000	 -6.6268186e-002	 -2.7069718e-001	
  1.2561153e+000	  8.0259387e-001	  1.1956637e+000	  9.1145302e-001	  1.3822363e+000	  2.0945520e-001	  1.0492970e+000	  5.7088878e-001	 -2.6117547e-002	  6.1835266e-001	  2.0246894e-001	
 -1.2906393e-001	  1.1608544e-001	 -8.4507673e-001	  2.0594692e-001	 -7.3621379e-001	  4.6372706e-001	  8.2389981e-001	  7.1705387e-001	  2.1575608e-001	  9.4510351e-001	  1.1949637e+000	
  6.4447773e-001	  8.4406082e-001	  4.3086065e-002	  7.0335410e-001	 -2.1589271e-001	  3.9891266e-001	  5.1527907e-001	  3.1898724e-001	  3.9253703e-002	  1.0280879e+000	  5.1406614e-001	
 -8.6063045e-001	  2.0362679e-001	  1.4058397e+000	  1.0281914e+000	  1.0274720e+000	  7.3295609e-001	  4.1124961e-001	  1.4172320e-001	  6.5402203e-002	  5.6130092e-001	  2.4286117e-001	
 -3.9117222e-002	  1.2990776e-001	  9.0545146e-002	  1.3488876e-001	 -7.6324346e-001	 -1.6945973e-001	  3.3149369e-001	 -6.5751996e-001	  5.5596516e-002	 -8.6499250e-001	  1.9092830e-001	
 -1.9238005e+000	  1.1147800e-001	  1.9346694e+000	  1.3073485e+000	  6.2202697e-001	 -2.3925985e-001	  1.0319587e+000	 -1.1706527e+000	  6.4393776e-001	 -2.2705035e-001	 -6.5153821e-001	
 -1.0824990e+000	 -1.2841153e+000	 -1.5949302e+000	 -6.3659993e-001	 -1.5248043e+000	 -9.1233242e-001	 -4.4179197e-001	 -9.4674024e-001	 -1.0145308e+000	 -7.7682163e-001	 -7.5540394e-001	
  4.3460209e-001	  6.0447399e-001	 -5.8611965e-002	  1.8056901e-001	  7.5717530e-001	  7.4840685e-002	  5.9850264e-001	 -3.0299187e-001	  1.1116208e-001	  1.5052478e+000	 -5.1425079e-002	
  8.2437114e-001	 -5.8997244e-002	 -4.0438527e-001	  1.3581044e+000	  1.5782014e+000	  3.0418393e-001	 -1.9747701e+000	  3.9673463e-001	 -1.8300855e-001	 -1.4925253e-001	  6.0639124e-001	
 -5.1283653e-001	  2.6352349e-001	 -1.3522109e+000	 -1.4630064e+000	 -8.1730279e-001	  5.5845579e-001	 -1.9987662e+000	 -2.7189291e-001	 -6.7656148e-001	 -9.0129815e-001	 -6.1691630e-001	
  1.0222539e+000	  1.0099286e+000	 -1.3325493e+000	 -6.7212901e-001	 -1.5893377e+000	  8.6757061e-001	 -1.9987662e+000	  1.0498127e+000	 -3.2682530e-001	  4.0570527e-001	  1.0218542e+000	
  5.4853458e-001	  1.3785238e+000	 -2.5522816e-001	 -5.5539059e-001	 -1.2632923e+000	  1.8098722e+000	 -1.9294133e+000	  1.1648788e+000	 -1.7973998e-001	  6.9096396e-001	 -2.2573486e-002	
 -8.4863756e-001	  7.1965997e-001	  5.6513595e-001	  9.4284089e-002	 -1.9562046e-001	 -5.0350316e-001	 -1.9729669e+000	 -9.8094910e-001	  3.9552701e-001	  4.7835288e-002	 -6.0537566e-001	
  4.4659498e-001	  1.3912264e-001	  3.5496002e-001	  1.1458642e-001	  7.2676693e-001	 -9.9166026e-003	 -1.9987662e+000	  1.3239351e-001	  3.3015576e-001	  1.6716159e-002	  2.7171276e-001	
  3.6264472e-001	  5.8143679e-001	  8.9734952e-001	  5.5616218e-001	  4.1592576e-001	  3.4905544e-001	 -1.9987662e+000	 -3.0299187e-001	  2.7459020e-001	 -4.8637643e-001	  5.2440655e-002	
 -1.9999554e+000	  4.1556898e-001	  6.6005412e-001	  6.3229593e-001	  6.7946501e-001	  6.9854962e-002	 -1.9987662e+000	 -1.4953258e+000	  2.4844170e-001	 -1.0828264e+000	 -1.3901390e+000	
 -1.1844386e+000	 -4.2298493e-001	  1.1766462e-001	  6.2722035e-001	 -3.3442455e-002	 -3.5891720e-001	 -1.9987662e+000	 -1.4287741e+000	  3.3015576e-001	 -1.4251368e+000	 -9.2274318e-001	
  2.3072289e-001	  6.4133350e-001	 -1.1285091e-001	 -7.7871626e-001	  8.1799205e-001	  6.8309886e-001	 -1.9870456e+000	  4.8877917e-003	  1.7653333e-001	  1.2563311e-001	 -7.6694458e-001	
  2.6670157e-001	  5.6300704e-001	  7.0205540e-002	  9.5713327e-001	  1.4565679e+000	 -1.4902325e-002	 -1.9761918e+000	 -1.4438719e-001	  7.3872608e-001	  8.1544047e-001	  1.0276245e+000	
  3.1467315e-001	 -3.2622871e-001	 -1.1772903e+000	 -4.4372776e-001	 -8.1730279e-001	  7.2797037e-001	 -1.9987662e+000	  8.3212001e-001	 -4.2815073e-001	  6.7021787e-001	  5.1406614e-001	
 -3.8091470e-001	  3.7410203e-001	 -9.3999489e-001	  1.6575638e+000	 -3.8820683e-001	  1.2469791e-001	 -1.9844102e+000	 -1.1017834e-001	 -7.1877421e-002	 -9.7387315e-002	 -3.3994101e-001	
  1.4060265e+000	  1.4706725e+000	 -5.3320277e-001	  1.4291625e+000	  6.5581405e-001	  1.6004719e+000	 -1.9987662e+000	  4.0295442e-001	  2.3209889e-001	 -1.9074470e-001	  2.7171276e-001	
 -1.7864819e+000	 -1.5674728e+000	  5.9225543e-001	  5.5108660e-001	  1.1322119e+000	 -1.5804193e+000	 -9.8494747e-002	 -1.1893121e+000	 -1.2714399e+000	 -2.0853810e+000	 -1.6555736e+000	
 -5.8479389e-001	 -1.0864562e+000	 -2.4166842e-001	  9.0130186e-001	  4.2606188e-001	 -1.9937407e-001	  3.5229959e-001	 -3.5896999e-001	 -1.3204683e+000	 -1.4251368e+000	 -6.8616012e-001	
 -6.8673349e-001	 -7.5472055e-001	  1.4193994e+000	  7.2365644e-001	  1.1761351e+000	 -8.4253231e-001	  4.7713494e-001	 -9.7472930e-001	 -1.2730741e+000	 -2.0506313e+000	 -2.1806726e+000	
 -1.5688108e+000	 -1.4693344e+000	  8.6345018e-001	  8.5054602e-001	  1.4802189e+000	 -1.9144627e+000	  1.0262888e-001	 -1.7907037e+000	 -1.3112836e+000	 -2.5143063e+000	 -2.8846515e+000	
 -1.9655358e+000	 -1.4891463e+000	  1.6512370e-001	  1.0078891e+000	  1.4227808e+000	 -2.0525672e+000	  3.3842899e-001	 -1.4412136e+000	 -1.3193799e+000	 -2.1066458e+000	 -1.9383192e+000	
 -1.4105682e-001	 -1.1371380e+000	  9.1090926e-001	  7.5918552e-001	  1.2166796e+000	 -5.3341749e-001	  7.4414389e-001	 -6.3529910e-002	 -1.3129833e+000	 -1.3577120e+000	 -4.7842865e-001	
  1.4719874e+000	  8.9946426e-004	  1.7109338e+000	  1.5519109e-001	  4.0889129e-002	  1.4464080e-001	  5.2568202e-001	  9.7206531e-001	 -1.3204683e+000	 -7.9756772e-001	 -1.6683145e-001	
  3.8663051e-001	 -1.0265595e+000	  1.4193994e+000	  6.8812735e-001	  9.7003393e-001	  1.5461225e-001	  1.1429235e+000	  1.0000544e+000	 -1.3204683e+000	 -8.5980598e-001	 -5.9960534e-001	
  1.1661686e+000	 -2.4329481e-001	 -9.6711437e-001	 -9.8935298e-001	 -9.5582984e-001	  6.6315597e-001	  8.5164100e-001	  3.7496536e-001	 -1.3204683e+000	 -7.1458338e-001	  1.0507058e+000	
 -8.1092350e-002	 -4.7827420e-001	 -5.8611965e-002	 -7.0765810e-001	 -5.4700613e-001	 -7.6774646e-001	 -5.8049792e-001	 -1.0742460e+000	 -1.3204683e+000	 -1.5755460e+000	 -2.1922133e+000	
  6.2822376e-002	 -8.9755116e-001	 -4.5862422e-001	  4.5972610e-001	  5.1390830e-001	 -3.1903141e-001	  3.1068780e-001	 -1.5371688e-001	 -1.2897111e+000	 -8.4424641e-001	 -1.1189340e+000	
  5.0829482e-002	 -4.8748908e-001	 -7.1625923e-001	 -3.2698934e-001	 -1.1112504e+000	  1.1068853e+000	  5.9850264e-001	  7.0150439e-001	 -1.3204683e+000	 -1.0776036e-001	  5.0778803e-004	
 -1.4705327e-001	 -4.7366676e-001	 -1.2247494e+000	 -1.4630064e+000	 -1.1180078e+000	  9.7227078e-001	  3.3496134e-001	  3.7496536e-001	 -1.2884691e+000	 -9.6353641e-001	 -8.7658063e-001	
 -1.9999554e+000	 -8.7451397e-001	  4.9865934e-002	  1.0535694e+000	  8.1433629e-002	 -1.4856905e+000	 -2.7187718e-001	 -1.8006834e+000	 -1.3161211e+000	 -2.5143063e+000	 -2.8846515e+000	
  1.2561153e+000	 -3.5848079e-001	 -1.9976544e+000	 -1.4740712e+000	 -1.6065691e+000	  5.1857001e-001	  4.9447318e-001	  9.2541687e-001	 -1.3002359e+000	 -1.6481209e-001	 -5.1882088e-001	
 -3.3120775e-002	 -4.7827420e-001	 -1.8064960e-001	 -1.4740712e+000	  9.4948462e-002	 -2.2928840e-001	  6.6785562e-001	  9.7517520e-001	 -8.3998961e-001	 -2.1149079e-001	  5.0829582e-001	
  1.1361864e+000	  7.1044509e-001	  1.0410488e-001	 -1.4740712e+000	  3.8213867e-001	  9.2241356e-001	  8.9672043e-001	  1.0311533e+000	 -6.5695011e-001	  9.0879786e-001	  2.0246894e-001	
 -7.0472283e-001	 -8.0079494e-001	 -1.9461274e+000	 -1.4740712e+000	 -1.0571911e+000	 -1.2957395e-001	 -3.5510075e-001	  2.7855860e-001	 -1.3204683e+000	  4.7835288e-002	 -7.3809299e-001	
  4.0461985e-001	  1.9329221e-002	 -1.1908500e+000	 -1.4740712e+000	 -1.0132679e+000	  3.6401261e-001	 -1.9212126e-001	  2.4745964e-001	 -9.5112073e-001	 -2.9962535e-002	 -2.0145336e-001	
 -1.9190033e+000	 -1.2993199e+000	 -8.4507673e-001	 -1.4740712e+000	 -1.5521719e+000	 -2.1148888e+000	 -1.6069219e+000	 -1.5842688e+000	 -1.0073400e+000	 -1.8400585e+000	 -2.4161016e+000	
  8.6034982e-001	  3.0959788e-001	  1.0668462e+000	 -1.4245335e+000	  7.1297504e-002	  5.9883516e-002	  3.5576723e-001	  5.1536225e-002	 -5.1313336e-001	 -4.1376513e-001	 -2.4184559e-001	
  1.4959732e+000	  7.6112692e-001	  7.6985409e-002	 -1.4740712e+000	 -5.9430804e-001	  4.7369851e-001	  9.2446162e-001	  4.7759191e-001	 -7.4520129e-001	  5.9242005e-001	 -4.8419897e-001	
  2.6070512e-001	 -3.6308823e-001	 -1.5332334e+000	 -1.4740712e+000	 -1.5761607e+000	  3.6401261e-001	 -6.5331854e-001	 -1.8792573e-001	 -8.1057254e-001	  9.9700503e-002	  3.4672690e-001	
  1.5619341e+000	  3.0499045e-001	  8.4311057e-001	 -1.4740712e+000	  4.0916834e-001	  7.5289898e-001	  4.7019964e-001	  9.8450489e-001	 -2.3857411e-001	 -1.3369297e-001	  2.9359381e-002	
  3.7463762e-001	  7.8877155e-001	  7.8887162e-001	 -1.4505712e+000	  1.5106273e+000	  7.4292754e-001	  5.7769675e-001	  9.8450489e-001	 -2.2549986e-001	 -7.1454707e-002	  8.7759621e-001	
  4.6458432e-001	  3.5567228e-001	  7.0073333e-001	 -1.4740712e+000	 -1.0777404e-001	 -1.3111902e+000	  2.5867307e-001	 -3.9628873e-001	 -2.4511123e-001	 -7.0421033e-001	 -5.0728025e-001	
  7.0444220e-001	 -2.4329481e-001	 -8.9931568e-001	 -1.4740712e+000	 -3.8144942e-001	 -4.4816662e-002	 -3.8977724e-001	 -5.6733299e-001	 -1.0217217e+000	 -1.3887949e-001	 -1.6324924e+000	
  6.9844575e-001	  6.0447399e-001	  1.6092357e+000	 -1.4722998e+000	  1.5342782e+000	  4.6372706e-001	  1.3383772e-001	  6.3975807e-002	 -1.8300855e-001	  9.5029003e-001	  2.4286117e-001	
  1.5559377e+000	 -1.6531712e+000	  3.4818016e-001	 -4.7832248e-002	  1.0170588e-001	 -3.0407425e-001	  1.2608235e+000	  1.2426262e+000	  5.5596516e-002	  1.3600252e+000	  9.4684003e-001	
 -1.2306748e-001	 -1.6525952e+000	  8.7023004e-001	 -5.2493709e-001	 -7.8351571e-001	 -1.3660332e+000	 -5.2501554e-001	 -7.9124547e-001	 -3.8239086e-001	 -4.1895165e-001	  8.0258207e-001	
 -1.4326915e+000	 -1.6531712e+000	  1.0126073e+000	 -4.4372776e-001	 -1.8886304e-001	 -2.0141772e+000	 -7.5734800e-001	 -1.2732793e+000	  3.9879558e-001	 -4.5522099e-002	 -3.2840037e-001	
 -6.1477613e-001	 -1.6531712e+000	  1.2160033e+000	  7.8963902e-001	  2.9767096e-001	 -1.0918184e+000	  3.4189664e-001	 -1.2235209e+000	 -3.9546511e-001	 -6.7827773e-001	 -4.6111770e-001	
  7.0444220e-001	 -1.5835988e+000	  9.7325015e-002	  6.7797618e-001	  1.5511718e+000	 -1.8940262e-001	  1.0180881e+000	  7.4504293e-001	  1.9642328e-002	  2.2417702e-001	  4.6790359e-001	
  4.9456656e-001	 -1.6526782e+000	  1.7868344e-001	 -1.2904158e-001	 -3.2401137e-001	 -5.3840322e-001	  1.0735705e+000	  7.1705387e-001	 -1.5359148e-001	  1.2770409e+000	  3.1787531e-001	
 -1.9999554e+000	 -1.6531712e+000	  1.3855001e+000	 -2.7623350e-001	  1.1964074e+000	 -2.4529208e+000	 -7.0880092e-001	 -1.7593560e+000	  7.1939328e-002	 -4.5525730e-001	 -1.1535559e+000	
  3.0268025e-001	 -1.6488125e+000	 -4.8574369e-001	 -4.4880334e-001	 -6.6188221e-001	 -8.4751803e-001	  8.8284984e-001	 -7.8813557e-001	  6.5680783e-003	 -4.1895165e-001	 -2.8343805e-002	
 -1.1244741e+000	 -1.6230846e+000	 -2.1454894e-001	  1.5408254e+000	  1.4464318e+000	 -1.9802742e+000	 -6.0823911e-001	 -1.2608397e+000	  8.4658864e-001	  6.2353918e-001	  3.4095658e-001	
 -5.3082587e-001	 -1.6400400e+000	 -6.0100146e-001	 -2.7623350e-001	  1.5914392e-001	 -1.4308476e+000	 -2.0945951e-001	 -6.4508038e-001	 -1.9580422e-002	 -1.6999862e-001	  4.3905200e-001	
 -1.3883178e+000	 -1.6531712e+000	 -2.6200803e-001	 -1.7378747e-002	 -4.3213004e-001	 -2.4529208e+000	 -1.0867746e+000	 -1.7652648e+000	 -2.8760255e-001	 -7.6644859e-001	 -1.1073934e+000	
 -1.6533607e+000	 -1.6531712e+000	 -5.1964304e-001	 -6.8735576e-001	 -1.2801858e+000	 -1.5405335e+000	 -6.9839797e-001	 -1.5920436e+000	  1.1769920e-001	 -4.7081686e-001	  4.9675518e-001	
  1.4850800e-002	 -1.6444631e+000	 -1.5671327e+000	  1.8150337e-002	 -8.3757504e-001	 -1.2413901e+000	 -3.6897135e-001	 -9.4052045e-001	 -1.9281423e-001	 -1.0465208e+000	 -3.3417069e-001	
 -6.9099457e-002	 -1.6258491e+000	  4.0241911e-001	  1.0840229e+000	  7.7069013e-001	 -1.5006477e+000	 -4.7646846e-001	 -5.2690435e-001	  2.0268183e-001	 -5.5898773e-001	  5.2560678e-001	
 -1.0705061e+000	  4.6164338e-001	  1.6634747e+000	  1.5509765e+000	  1.4802189e+000	  6.4869239e-002	  9.9381460e-001	  1.4794299e-001	  1.9480942e+000	  1.6919626e+000	  1.7719956e+000	
  2.0074066e-001	  4.5242850e-001	 -1.9976544e+000	  1.9072017e-001	 -1.4646633e+000	  5.9834158e-001	  9.2446162e-001	  7.2327366e-001	  1.9415571e+000	  1.0592070e+000	  2.0662818e+000	
 -1.1724457e+000	  1.2264783e+000	 -1.9976544e+000	 -2.4578000e-001	 -1.2801858e+000	  1.1866569e+000	  7.1293505e-001	  1.0751434e-001	  1.9317514e+000	  7.9988091e-001	  1.3796139e+000	
 -8.0666243e-001	  5.0771777e-001	  6.3425672e-002	  1.1966201e-001	 -2.4292237e-001	  1.0819567e+000	  1.0631676e+000	 -5.1446476e-001	  1.9480942e+000	  1.0280879e+000	 -5.7195398e-002	
 -2.3699997e-001	  1.0467881e+000	  7.0205540e-002	  7.5410994e-001	  7.8082626e-001	  1.6902149e+000	  2.1706129e-001	  6.1442732e-001	  1.9350199e+000	  1.5622996e+000	  1.7938766e-001	
 -1.7211206e+000	  8.3023850e-001	  6.4649438e-001	  1.7133952e+000	  3.0104967e-001	 -6.8797490e-001	 -9.8494747e-002	 -1.5435292e+000	  1.9480942e+000	  7.1171004e-001	  2.8902372e-001	
 -5.6080811e-001	  9.6846168e-001	 -1.0077936e+000	 -7.7871626e-001	 -1.3173516e+000	  1.7455514e-001	 -1.0543004e-001	 -1.0555866e+000	  1.8990658e+000	  5.0424918e-001	  4.5636295e-001	
 -9.3858426e-001	  8.6709802e-001	 -1.5806925e+000	 -2.9653584e-001	 -7.5310734e-001	 -1.2957395e-001	 -4.2792138e-001	 -1.3727959e+000	  1.9480942e+000	  6.2353918e-001	 -4.5654760e-002	
  7.1043864e-001	  1.4891023e+000	  1.7868344e-001	  7.4903435e-001	 -3.7469200e-001	  3.9392694e-001	  1.9278774e-001	 -2.7811270e-001	  1.9186771e+000	  2.7604224e-001	  1.8470097e+000	
  1.0222539e+000	  1.0882551e+000	 -4.4506448e-001	  4.1404585e-001	  4.1930446e-001	  6.4321308e-001	  1.1013117e+000	  1.7593205e-001	  1.9219457e+000	  1.0488339e+000	  1.1834231e+000	
  2.7269802e-001	  1.2310857e+000	  6.6683398e-001	  1.4849940e+000	  1.0443655e+000	 -2.0435979e-001	  6.1237324e-001	  8.3522990e-001	  1.9807798e+000	  1.6660300e+000	  8.7759621e-001	
  7.4641733e-001	  1.2587303e+000	 -1.5806925e+000	 -2.1025092e-001	 -5.3687000e-001	  7.0304175e-001	  5.0834378e-001	  1.1306700e+000	  1.9807798e+000	  1.1214452e+000	  1.7316034e+000	
  9.1431784e-001	  1.4568502e+000	 -1.0755923e+000	 -1.1030460e+000	 -1.3443813e+000	  2.6928387e-001	 -2.4760364e-001	  6.6107575e-001	  1.9448256e+000	  1.7075222e+000	  1.0449354e+000	
 -5.7879745e-001	  2.0742471e+000	  1.4804182e+000	  8.1501694e-001	  1.2538454e+000	  4.6871278e-001	  4.9100553e-001	 -7.7880589e-001	  1.9382885e+000	  3.3309397e-001	 -1.2066890e-001	
  1.2021473e+000	  1.0375733e+000	 -1.1162715e+000	 -5.3508826e-001	 -1.1754459e+000	  4.6871278e-001	  4.8753789e-001	  1.3079340e+000	 -7.2558992e-001	  9.1917090e-001	  2.3589062e-002	
  1.1002077e+000	  2.0823422e-001	 -2.1454894e-001	 -1.4740712e+000	 -1.6265034e+000	  4.7369851e-001	  1.3730537e-001	  1.3079340e+000	 -1.2060686e+000	 -7.7682163e-001	 -1.0335795e-001	
 -3.3120775e-002	  8.8440807e-002	 -2.8234763e-001	 -3.6759400e-001	 -1.3004581e+000	  9.5232789e-001	  1.3648530e+000	  1.3079340e+000	 -4.1834505e-001	  7.4282917e-001	  7.1602729e-001	
  9.9227165e-001	  1.1608544e-001	  1.6634747e+000	  6.6274943e-001	  1.1254545e+000	  5.0361284e-001	  4.7366729e-001	  1.3390330e+000	  8.5013578e-002	  9.3991699e-001	  6.9871633e-001	
  1.1541757e+000	  4.2366416e-002	 -7.3659883e-001	 -9.5128610e-001	 -8.3081763e-001	  7.8281332e-001	  9.9728225e-001	  1.3017142e+000	 -1.7647142e-001	  1.1058857e+000	  2.3589062e-002	
  4.8857011e-001	  1.1112923e+000	  1.5414370e+000	  1.2473759e-001	  1.0713952e+000	  4.0389839e-001	  1.2261471e+000	  1.3017142e+000	  6.6354914e-001	  1.2511083e+000	 -2.8800814e-001	
  7.2243154e-001	  1.0283584e+000	 -4.2472487e-001	  8.3531927e-001	 -7.7337959e-001	  9.0745639e-001	  5.6035851e-001	  1.3390330e+000	 -6.2753304e-001	  5.2499527e-001	  7.0448665e-001	
  1.2878329e-001	  4.6164338e-001	  6.7361385e-001	  1.5560521e+000	  1.3214196e+000	  2.0142868e+000	  1.3891266e+000	  1.2923845e+000	  5.6549226e-001	  2.2936354e-001	  9.8723226e-001	
  9.9826810e-001	  7.7955667e-001	  1.6770344e+000	  1.3733311e+000	  1.0646378e+000	  1.3013285e+000	  9.0018808e-001	  1.2861648e+000	  5.1973239e-001	  1.3600252e+000	  2.9359381e-002	
  9.3830363e-001	  1.0513956e+000	  2.2746459e-002	  2.7700509e-001	 -9.7914968e-003	  1.6503291e+000	  9.8687930e-001	  1.2706153e+000	  6.2133641e-002	  7.8950787e-001	  5.7176933e-001	
  1.4959732e+000	  4.3399874e-001	  8.4311057e-001	  3.7851676e-001	  1.1423481e+000	  5.9335585e-001	  3.0028485e-001	  1.2830549e+000	  9.1550703e-002	  1.0695800e+000	  1.3796139e+000	
  1.2860976e+000	  1.0560030e+000	 -4.1116514e-001	  1.2261392e+000	  1.5173847e+000	  1.7954086e-001	  1.2122765e+000	  1.3079340e+000	  7.7468026e-001	  1.0747666e+000	  2.0085786e+000	
  1.4677263e-001	  1.1757964e+000	  1.3041416e+000	  1.3479532e+000	  8.3488559e-001	  1.9494724e+000	  9.1752633e-001	  1.3390330e+000	  4.6416683e-001	  1.0540205e+000	  2.2555021e-001	
  1.6458844e+000	  8.2102363e-001	  1.5156396e-001	  1.8656627e+000	  1.1119397e+000	  1.0620138e+000	  7.8575567e-001	  1.2830549e+000	  2.7785876e-001	  5.8723353e-001	  1.3392217e+000	
