 -1.6492641e-001	  5.3013152e-001	  1.3632549e+000	  2.3832608e+000	  1.2122659e+000	  3.0692804e-001	  1.1378039e+000	 -1.7521520e-001	  8.3724721e-001	  7.2324040e-001	 -3.5569333e-001	
  3.7989600e-001	  7.1252284e-001	  1.5332166e+000	  9.6133623e-001	  9.0485624e-001	  1.4585143e+000	  9.8423052e-001	  7.8119616e-001	  5.4948051e-001	  1.2616796e+000	 -2.5819440e-001	
 -5.7973438e-001	 -3.3289080e-001	  3.7181161e-001	  3.3890886e-001	 -2.4458847e-001	 -5.1130430e-001	 -3.9592212e-002	 -2.6158011e-001	  2.6796960e-001	  2.2365765e-001	  3.4400493e-001	
 -2.1445572e-001	  1.3130796e+000	 -5.0632383e-001	  9.9889651e-001	 -2.3122283e-001	  2.8268412e-001	  5.7104492e-001	  5.1250535e-001	 -2.2623843e-001	 -4.5910545e-001	  6.1929605e-001	
  1.0423505e+000	  1.4999195e+000	  1.9051913e-001	 -1.4937468e-001	 -9.3960155e-001	  1.4403314e+000	 -1.9316562e-001	  4.4853134e-001	 -3.2308694e-002	  7.0658764e-001	 -4.3598658e-001	
  6.8326302e-001	 -1.5049948e-001	 -1.6054095e+000	 -1.4425212e+000	 -1.6439706e+000	  7.1907470e-001	  9.0744382e-001	  8.4197147e-001	 -1.1990150e+000	  9.5986499e-002	 -3.7863426e-001	
 -9.3882188e-001	  9.6609125e-001	 -8.0092411e-001	 -1.0108290e-001	 -4.3170738e-001	 -1.0083047e+000	 -3.8330413e-001	 -1.7908787e+000	  3.6806237e-001	 -1.4138636e+000	 -1.6643069e-001	
 -1.6309940e+000	  6.8583143e-001	  1.0856507e+000	  1.2832814e+000	  1.1153650e+000	 -5.0524332e-001	  1.3592026e-001	 -1.6709274e+000	  7.9658452e-001	 -6.4228579e-001	 -8.2598233e-001	
  1.1367596e-001	  4.6340299e-001	 -7.2160865e-001	 -9.0594588e-001	 -7.3243419e-001	  7.4331862e-001	  4.6500613e-001	 -2.2319571e-001	 -1.5742465e-001	 -1.3639053e+000	 -5.3348552e-001	
  1.7558759e-001	  3.5218878e-001	 -3.8168525e-001	 -8.3082534e-001	 -7.3911701e-001	  7.0549811e-002	 -2.5898280e-001	 -8.9172405e-001	 -4.2016816e-001	 -9.3648452e-001	 -2.3525347e-001	
 -1.9325037e+000	 -2.2612515e-001	 -8.8590496e-001	  1.6720476e-001	 -5.9543642e-001	 -2.1114031e+000	 -7.8186369e-001	 -1.7816025e+000	  2.0865588e-002	 -8.0326245e-001	 -1.0668621e+000	
  9.6186539e-001	  4.5450586e-001	  5.5310409e-001	  2.6378832e-001	 -9.7566471e-002	  7.0549811e-002	  7.5387041e-001	  7.1402346e-001	  2.7735330e-001	  4.6789810e-001	  6.2503129e-001	
 -1.8476847e+000	 -9.7348468e-001	 -1.7583750e+000	 -1.1511608e+000	 -9.3291873e-001	 -2.3465691e+000	 -2.2607421e-001	 -1.6104720e+000	 -1.1990150e+000	 -2.3458630e+000	 -2.8390487e+000	
 -1.1988508e+000	  8.2818562e-001	  1.2726086e+000	  5.3744173e-001	  1.5263583e+000	  3.4935490e-001	  9.0013080e-001	 -8.3414745e-001	  8.4975880e-001	  1.4781654e+000	  1.1469374e+000	
 -8.3357209e-001	 -7.4873815e-002	 -2.2305433e-001	  3.0671434e-001	 -6.6560601e-001	 -5.7191410e-001	 -3.3576950e-001	 -7.3818644e-001	 -1.0737827e-001	  6.0112017e-001	 -9.8083359e-001	
  7.0183651e-001	  3.4329164e-001	 -7.3293943e-001	  5.4280748e-001	  9.1488047e-001	  1.1312214e+000	  8.3431362e-001	  7.8759356e-001	 -6.7040007e-001	 -6.0898027e-001	 -9.4642220e-001	
 -1.5306971e+000	 -2.6171370e-001	 -8.0658950e-001	  2.8525133e-001	 -5.1858401e-001	 -9.0526802e-001	 -2.1420853e+000	 -1.4706888e+000	 -3.5448228e-001	 -6.1453119e-001	 -9.2348127e-001	
 -1.5542236e+000	  1.0306893e-001	 -9.8221659e-001	 -3.6693864e-002	 -1.6433023e+000	 -1.4810611e+000	 -2.1299457e+000	 -1.7403392e+000	 -3.8888917e-001	 -1.9467519e+000	 -1.3937703e+000	
 -7.3451347e-001	  2.8101168e-001	  1.2442817e+000	  9.1304445e-001	  1.5764795e+000	  7.0089176e-001	 -2.1319568e+000	 -1.9440740e-001	  3.4303918e-001	  6.8993488e-001	  9.1752810e-001	
  1.2590412e+000	  1.0150255e+000	  8.8542114e-002	 -1.1181441e-001	 -5.8875360e-001	 -5.5979214e-001	 -2.1420853e+000	  6.1486375e-001	  1.5536524e-001	  3.4577788e-001	  7.2826546e-001	
  3.3036669e-001	  6.3244860e-001	 -8.4058184e-001	  7.7353487e-001	  4.9455527e-002	 -8.3253625e-001	 -2.1018637e+000	 -1.7841390e-001	  6.6834067e-001	  1.0063373e+000	  3.9562202e-001	
 -6.6641067e-001	  3.0770309e-001	  6.4375033e-001	  7.4670610e-001	 -2.5127129e-001	  3.6147686e-001	 -2.1420853e+000	 -1.0868448e+000	  2.7735330e-001	 -8.0881337e-001	  6.8713811e-002	
 -3.5066132e-001	  3.0325452e-001	  9.5534678e-001	  1.7179074e+000	  7.3444438e-001	  1.9176942e-001	 -2.1412553e+000	  4.8693813e-002	  4.5877144e-001	  3.0692144e-001	  1.0437032e+000	
  8.2720139e-002	  9.6609125e-001	  1.0346622e+000	  8.2719240e-001	  9.6500160e-001	 -8.5678017e-001	 -2.1420853e+000	 -1.0420630e+000	  6.9336386e-001	 -6.4228579e-001	 -5.8442011e-003	
 -1.7721525e+000	  1.1196607e-001	  1.4312395e+000	  1.4574174e-001	  8.6810074e-001	  7.6756254e-001	 -2.1420853e+000	 -2.6158011e-001	  3.8370186e-001	  1.4726145e+000	  5.2179712e-001	
  1.4463178e-001	  5.3013152e-001	 -4.4966993e-001	  7.3060885e-001	 -8.7277337e-001	  4.6305889e-002	 -2.0978416e+000	  1.6384702e-001	  1.3346995e-001	 -1.3160120e-001	  1.5426684e+000	
 -2.0207339e-001	 -5.3307639e-001	 -8.4058184e-001	 -5.1961165e-001	 -8.4938351e-001	 -7.7798743e-001	 -2.1072022e+000	 -1.0516591e+000	 -3.3258699e-001	 -6.1453119e-001	 -1.0152450e+000	
 -4.3733761e-001	  8.8601702e-001	 -1.6073505e-001	 -4.1766234e-001	 -2.4458847e-001	  1.3115961e-001	 -2.1193053e+000	 -8.8827905e-003	 -2.6052896e-002	 -3.1684648e-002	  4.7591526e-001	
  2.6999665e-002	  7.1928951e-002	  1.3953062e-001	 -1.6010619e-001	  5.6403252e-001	  1.6752550e-001	 -2.1033263e+000	  6.0526765e-001	 -4.1692390e-002	  2.7916684e-001	  2.1782984e-001	
 -9.7596886e-001	 -1.2380807e-001	  3.7181161e-001	  7.4134035e-001	  5.8073956e-001	 -6.8707273e-001	 -2.1018637e+000	 -9.3010845e-001	  3.1176019e-001	  9.3417534e-001	 -1.0334314e-001	
  1.1909384e+000	 -6.3539347e-001	 -3.6096466e-002	  4.1939516e-001	  7.9458974e-001	  1.2281970e+000	  8.2334409e-001	  1.3217765e+000	 -1.1990150e+000	  5.4561098e-001	 -7.3421863e-001	
  5.9658673e-001	 -4.1296503e-001	  1.6521897e+000	  4.0866365e-001	  1.6399662e+000	  1.0584896e+000	  1.0171391e+000	  7.9399096e-001	 -1.1870977e+000	 -4.5910545e-001	 -2.0084208e-001	
 -1.8619244e+000	 -4.7079643e-001	 -1.2674271e-001	  1.2510869e+000	  1.4127504e+000	 -2.7744743e+000	 -1.1621407e+000	 -1.6872408e+000	 -1.1990150e+000	 -2.8071444e+000	 -2.2689666e+000	
 -8.5833675e-001	 -1.2639762e+000	 -1.7235895e+000	 -1.4425212e+000	 -1.6242563e+000	 -3.4159685e-001	 -6.7216840e-001	 -8.9172405e-001	 -1.1890370e+000	 -1.1918268e+000	 -1.6174443e+000	
 -1.3397059e-001	 -8.2223335e-001	  8.8169671e-001	  1.9939928e-001	 -4.1500033e-001	  3.2511098e-001	  7.3924437e-001	  4.8371704e-001	 -1.1990150e+000	  5.1579144e-002	  9.1654738e-002	
 -1.4712620e+000	 -1.3823081e+000	 -2.2871972e-001	  2.5305681e-001	  5.0722857e-001	 -2.1598909e+000	  5.1985378e-001	 -1.4930797e+000	 -1.1433384e+000	 -2.2798070e+000	 -2.5993160e+000	
  2.8702854e-001	 -8.8896188e-001	 -1.7583750e+000	 -8.9521438e-001	 -1.5938494e+000	  4.8269647e-001	  3.0046320e-001	  1.1650402e+000	 -1.1990150e+000	  1.1819018e-001	  1.0092918e+000	
 -1.0301477e-001	 -3.5958221e-001	 -1.3807349e-001	  6.8231707e-001	  3.5686516e-001	  1.0584896e+000	  2.2001998e-001	 -3.5754111e-001	 -1.1861906e+000	 -7.4775326e-001	 -9.4642220e-001	
  9.3710073e-001	 -3.5068507e-001	 -7.0088806e-002	  9.1304445e-001	  6.2821163e-002	 -1.1355853e+000	  5.3447982e-001	  1.3313726e+000	 -1.1829689e+000	 -5.2016556e-001	 -4.4745704e-001	
 -5.7354322e-001	 -2.6616227e-001	  3.0382693e-001	  6.7158556e-001	  3.9362066e-001	 -7.9617037e-001	  5.1254076e-001	 -5.0148262e-001	 -1.1990150e+000	 -1.0141974e+000	 -1.7149432e+000	
  1.5624083e+000	 -8.3557906e-001	 -1.3606646e+000	 -9.2311630e-001	 -1.2236213e+000	  1.6146451e-001	 -2.6263931e-001	  7.6520266e-001	 -1.1990150e+000	  4.0683799e-001	 -3.3275241e-001	
 -1.6514248e+000	 -7.3326198e-001	 -2.6271206e-001	 -2.2449523e-001	 -1.8110170e-001	 -2.4296046e+000	  1.5255434e-002	 -1.6664492e+000	 -1.1695815e+000	 -2.3702870e+000	 -2.7260646e+000	
 -1.1539710e-001	  7.5185259e-004	  5.4177331e-001	 -5.0888015e-001	 -3.2144088e-001	 -1.2946254e-001	  5.7104492e-001	  1.4465482e-001	 -1.1990150e+000	 -3.9249441e-001	 -7.5142432e-001	
 -1.0147317e-002	 -7.8219623e-001	  1.3859164e+000	  9.1841021e-001	  1.3492636e+000	  7.0549811e-002	  3.6262386e-001	 -5.3666833e-001	 -1.1990150e+000	 -1.4083127e+000	 -1.6069546e-001	
 -1.9182640e+000	  7.1928951e-002	  7.2306579e-001	 -1.4425212e+000	  1.3626293e+000	 -8.6890213e-001	  2.2367649e-001	 -1.3939200e+000	  2.3993487e-002	 -6.1453119e-001	 -1.4568578e+000	
  1.5933641e+000	 -1.7274233e-001	  5.8143104e-001	 -1.4425212e+000	  1.6306343e-001	  2.0389138e-001	  7.0103080e-002	  8.8355457e-001	 -3.7324968e-001	  2.4586132e-001	  3.2106401e-001	
 -2.1275253e+000	 -1.1202875e+000	  2.6416920e-001	 -1.3867174e+000	 -1.9446733e-001	 -1.9780615e+000	 -3.5770856e-001	 -1.6459776e+000	 -1.6368045e-001	 -1.8634881e+000	 -6.7113108e-001	
  8.8911302e-002	  7.5185259e-004	  1.9411246e+000	 -1.3979318e+000	  8.4471088e-001	  4.7663549e-001	  4.0851002e-002	 -5.9424493e-001	  2.0865588e-002	 -1.5935580e-001	  8.0184274e-002	
 -4.2495529e-001	 -1.9053660e-001	  1.2669432e+000	 -1.4425212e+000	  6.2083647e-001	 -5.3554822e-001	  6.6245766e-001	 -9.5569806e-001	 -5.1400513e-001	 -1.4471691e+000	 -3.0407625e-001	
  4.6657229e-001	  9.7943696e-001	  5.4549774e-002	 -1.4059804e+000	  3.2345107e-001	  1.3312337e+000	  6.6611417e-001	  4.8691574e-001	 -3.5448228e-001	  5.3450914e-001	  5.7914943e-001	
  5.7182207e-001	 -7.4215911e-001	 -1.7583750e+000	 -1.3949270e+000	 -1.2804253e+000	 -1.7795038e-001	 -1.5660052e-001	 -1.7841390e-001	 -1.1990150e+000	  7.1717879e-003	 -1.0439211e+000	
  2.9321971e-001	  1.1196607e-001	  8.7036593e-001	 -1.4425212e+000	 -3.8158624e-001	  6.4028196e-001	  7.0999229e-001	 -2.1999700e-001	 -8.7371350e-001	 -9.9199372e-001	  9.1654738e-002	
 -2.1275253e+000	 -3.9961933e-001	  6.6074650e-001	 -1.4402515e+000	  5.7071534e-001	 -5.2948724e-001	  1.6882884e-001	 -1.2979590e+000	 -5.8907470e-001	 -1.0530538e+000	 -1.1242144e+000	
  1.2528501e+000	  1.4097559e-002	  4.6812324e-001	 -1.4243313e+000	  1.0050985e+000	  4.0390373e-001	  5.8201445e-001	  3.6856384e-001	 -3.5436592e-002	 -5.3888326e-002	 -6.2524922e-001	
  6.1516022e-001	 -3.7292792e-001	 -7.4427021e-001	 -1.4127413e+000	 -1.3686385e+000	  1.0948555e+000	  2.7852414e-001	  5.8289914e-002	 -1.0667049e+000	 -2.4817051e-001	  3.6121063e-001	
  2.6226389e-001	 -3.4623650e-001	 -8.0658950e-001	 -1.4425212e+000	 -7.6250687e-001	 -3.7796273e-001	  4.6866264e-001	 -1.8481130e-001	 -1.0520037e+000	  7.3989316e-001	 -3.1554671e-001	
 -5.3485463e-002	 -7.1991627e-001	 -1.6507326e+000	 -1.4023854e+000	 -1.5704596e+000	  4.6305889e-002	 -6.6836245e-003	  2.2142363e-001	 -1.1990150e+000	  2.2365765e-001	 -2.1049390e+000	
 -1.0069247e+000	 -6.3539347e-001	  3.7553604e-002	 -1.4425212e+000	 -1.7107747e-001	 -2.5068214e-001	  7.7946597e-001	  4.8693813e-002	 -4.1391236e-001	  6.0667109e-001	 -2.3525347e-001	
  9.7424772e-001	 -1.6381453e+000	  6.2108877e-001	  1.6749814e+000	  5.3730125e-001	  5.8573313e-001	  9.5132193e-001	  1.2801934e+000	  6.8710806e-001	  1.3393925e+000	  9.0032241e-001	
 -5.1782274e-001	 -1.6576790e+000	  1.1026469e+000	  9.0767870e-001	  1.0385126e+000	 -4.5675547e-001	  1.0171391e+000	 -1.8161260e-001	 -4.7948188e-002	 -3.9804533e-001	  4.8738573e-001	
 -6.2926369e-001	 -1.6367218e+000	 -4.2134298e-001	  4.0866365e-001	 -3.0473383e-001	 -2.5374900e+000	 -9.5737616e-001	 -1.3331447e+000	  4.5888780e-002	 -2.2596683e-001	 -1.3593589e+000	
 -1.2174242e+000	 -1.6441064e+000	 -1.7000215e+000	 -3.5863906e-001	 -1.2737425e+000	 -6.9313371e-001	 -1.7488307e-001	 -1.6561910e-001	 -6.7352797e-001	 -1.2251323e+000	  3.8988679e-001	
  1.5376436e+000	 -1.6377450e+000	 -1.1975014e+000	 -1.4425212e+000	 -1.1534517e+000	 -1.0083047e+000	  1.3592026e-001	  7.1082476e-001	 -8.4869031e-001	  7.2324040e-001	 -2.9834102e-001	
 -9.5739537e-001	 -1.6585643e+000	  4.8511941e-001	 -6.5375548e-001	 -5.3529106e-001	 -1.9477566e+000	 -8.4036785e-001	 -1.3491382e+000	 -2.5126162e-001	 -8.4766981e-001	 -1.1528905e+000	
  6.9564535e-001	 -1.6105197e+000	  2.3584225e-001	  1.1008458e+000	  7.8790693e-001	  5.8427850e-002	  6.4417511e-001	 -2.1679830e-001	  6.0891059e-001	  1.2450268e+000	  1.0886043e-001	
 -2.3302921e-001	 -1.6526477e+000	  1.3953062e-001	  3.6573763e-001	 -5.1190119e-001	 -1.0567925e+000	 -1.6025703e-001	  3.7815994e-001	 -3.9201707e-001	  5.9556925e-001	 -3.2128194e-001	
  1.0423505e+000	 -1.6265791e+000	 -1.7583750e+000	 -1.3898295e+000	 -1.3138394e+000	  2.3419628e-001	  9.9885656e-001	  1.1266558e+000	 -1.1990150e+000	 -2.0376315e-001	  5.6767897e-001	
  4.2942531e-001	 -1.6585643e+000	 -1.2399918e+000	 -1.0572601e+000	 -1.2871081e+000	 -1.1113413e+000	 -3.0271147e-003	  3.9097713e-002	 -7.7987654e-001	  1.6208685e-003	  8.0184274e-002	
  6.5230720e-001	 -1.6585643e+000	  1.0573238e+000	  9.5060473e-001	  7.0103029e-001	  3.6753784e-001	  6.5148813e-001	  1.3313726e+000	  1.1470256e-001	  1.2561287e+000	  6.7664837e-001	
  7.6993931e-001	 -1.6436616e+000	  7.0606962e-001	  1.0632855e+000	  8.2466242e-001	  1.3115961e-001	  2.0905045e-001	 -2.0400350e-001	  1.4598155e-001	  1.2929202e-001	  1.1354669e+000	
  6.1516022e-001	 -1.6585643e+000	 -9.0290113e-001	 -1.4425212e+000	 -1.3205222e+000	 -1.5976744e-001	  2.3098951e-001	  7.2361956e-001	 -1.1803727e+000	 -1.0197483e+000	 -5.6789691e-001	
  5.0991044e-001	 -1.6585643e+000	  1.3235971e+000	  1.6481526e+000	  1.4996271e+000	 -6.2646292e-001	  4.0650198e-001	  2.2462233e-001	  7.3402654e-001	 -1.9266131e-001	 -5.8442011e-003	
  1.2218943e+000	  1.3175282e+000	  2.1884608e-001	  4.4085817e-001	  7.3444438e-001	  8.8878215e-001	  3.6628037e-001	  1.8623792e-001	  1.9132444e+000	  9.2862442e-001	  1.5541388e+000	
  5.1610160e-001	  7.5255996e-001	 -9.7088581e-001	 -3.6400481e-001	 -1.6105324e-001	  7.0695274e-001	  4.9425821e-001	 -2.3279181e-001	  1.9038607e+000	  1.1395594e+000	  1.2731125e+000	
 -2.2529645e-002	  9.8388553e-001	  7.5705813e-001	  1.0096280e+000	  1.0351712e+000	  2.7662314e-001	  7.6849644e-001	  1.6706811e-002	  1.9601629e+000	  7.2879132e-001	  1.4509047e+000	
  3.7989600e-001	  1.5844423e+000	 -2.7970823e-001	  7.9499788e-001	  4.3705898e-001	  1.4524533e+000	  1.3023469e+000	  1.3505648e+000	  1.9288839e+000	  1.1728649e+000	  7.8561777e-001	
 -1.4217326e+000	  1.4242938e+000	  8.8736210e-001	 -1.7620345e-001	  1.1153650e+000	 -9.4769488e-001	 -4.4546480e-001	 -1.6523750e+000	  1.8976049e+000	 -1.1474195e+000	  4.4150387e-001	
  4.4799880e-001	  5.6127150e-001	 -1.5357252e+000	 -1.0644866e-001	 -1.0264782e+000	  1.0645506e+000	  3.1508923e-001	 -2.4558661e-001	  1.9288839e+000	  1.2561287e+000	  9.4620426e-001	
 -5.0544042e-001	  1.7757307e+000	  1.3235971e+000	 -1.5474044e-001	  1.0084399e+000	 -7.9617037e-001	  1.9808092e-001	 -1.5087533e+000	  1.9163723e+000	  6.7883304e-001	 -1.0896940e-004	
 -4.0019063e-001	  1.6111337e+000	  7.9105047e-001	  9.1841021e-001	  1.3960434e+000	  1.0085471e-001	  4.2478453e-001	 -8.2775005e-001	  1.9069886e+000	  6.8993488e-001	  1.0838498e+000	
 -7.9642511e-001	  8.0149421e-001	  1.0686546e+000	  1.0257253e+000	  7.9793115e-001	  1.0524286e+000	  1.0301167e-001	  6.5644686e-001	  1.9288839e+000	  1.2172722e+000	  7.2826546e-001	
  5.4705742e-001	  2.1538591e+000	 -6.5362397e-001	  3.3890886e-001	 -4.6512147e-001	  1.0463676e+000	  9.1110033e-001	  4.6772354e-001	  1.9601629e+000	  7.1213856e-001	  1.0609089e+000	
 -1.3845857e+000	  6.4579431e-001	 -1.6524322e+000	 -1.2434518e+000	 -1.6212490e+000	  5.8427850e-002	  1.2129422e-001	 -7.3498774e-001	  1.9601629e+000	  6.8438396e-001	  8.7164625e-001	
  6.4611604e-001	  6.3244860e-001	  1.3349279e+000	  1.2993787e+000	  1.3993848e+000	  7.4937960e-001	  7.2461833e-001	  8.8355457e-001	  1.9288839e+000	  1.9888500e+000	  9.3473380e-001	
  2.0035225e-001	  8.5042847e-001	 -1.1125206e+000	 -1.8156920e-001	 -1.3171808e+000	  7.4331862e-001	 -2.4435676e-001	 -7.5098124e-001	  1.9601629e+000	  2.1810673e-001	  7.9708824e-001	
 -7.2832231e-001	  9.8388553e-001	  6.5880554e-002	 -1.8693495e-001	 -1.3071565e+000	 -5.5979214e-001	 -7.1239001e-001	 -1.1220305e+000	  1.9226281e+000	  1.1007029e+000	  1.1928192e+000	
  1.4323938e+000	  1.0239226e+000	  7.1740040e-001	 -2.5668975e-001	  3.9362066e-001	  6.5240392e-001	  8.7453523e-001	  1.4049427e+000	  2.1792322e-001	  9.2862442e-001	  1.0953203e+000	
  4.9133694e-001	  1.4109481e+000	  1.4199088e+000	  1.1974294e+000	  1.5631138e+000	  1.2524410e+000	  9.1841334e-001	  1.3537635e+000	  6.4957327e-001	  1.7446096e+000	  1.3189943e+000	
  1.5500259e+000	  1.4287424e+000	  1.0006699e+000	  2.1418019e+000	  1.5731380e+000	  6.4634294e-001	  7.6849644e-001	  1.3633596e+000	  7.3089864e-001	  1.2339250e+000	  2.3570713e+000	
  8.6280677e-001	  1.0306893e-001	  3.4348466e-001	  2.4232530e-001	 -1.1033306e+000	  6.0997706e-001	  6.4783162e-001	  1.3505648e+000	 -1.4804095e-001	  1.5447765e+000	  5.9635513e-001	
  1.7790990e+000	  6.5469145e-001	  3.2648849e-001	  4.4622392e-001	  9.0819765e-001	 -3.2947489e-001	  1.6972499e+000	  1.3345713e+000	  4.6815513e-001	 -1.1494844e-001	  1.1698783e+000	
  1.8038637e+000	 -1.0601380e-001	 -1.7583750e+000	 -9.1775054e-001	 -1.2637182e+000	  5.6755019e-001	  5.4544935e-001	  1.3217765e+000	 -9.6974000e-001	  2.1255581e-001	 -5.1726055e-002	
  3.1798436e-001	 -6.5763631e-001	 -1.7583750e+000	 -1.4425212e+000	 -1.6606108e+000	  5.9179412e-001	  1.4323328e-001	  1.4049427e+000	 -1.1848769e+000	 -1.1585213e+000	 -4.9907413e-001	
  1.1909384e+000	  1.5888909e+000	  9.3835061e-001	  1.6052266e+000	  9.6500160e-001	  1.6221608e+000	  1.0939258e+000	  1.3153791e+000	  1.6162104e-001	  1.1118048e+000	 -6.8931750e-002	
  6.5849837e-001	 -3.1509652e-001	 -1.7583750e+000	 -3.9619933e-001	 -1.2503526e+000	  1.2888068e+000	  4.4306708e-001	  1.4049427e+000	 -1.0538805e+000	 -3.1478154e-001	  3.9562202e-001	
  6.4611604e-001	  1.5933394e+000	 -1.4373888e-001	 -3.5863906e-001	 -1.3505949e+000	  1.2403190e+000	  1.9808092e-001	  1.4369297e+000	 -4.4820289e-002	  4.6028224e-002	  6.7664837e-001	
  4.7895462e-001	 -5.9090778e-001	 -1.7773121e-001	  9.4523897e-001	  1.2189487e+000	  6.9483078e-001	  2.1636347e-001	  1.3601609e+000	 -8.3617872e-001	 -7.0541085e-002	 -5.8442011e-003	
  1.2961882e+000	  9.3050270e-001	  1.0063353e+000	  1.1706006e+000	  1.3927020e+000	  1.0706116e+000	  6.9170974e-001	  1.3729557e+000	  2.5545801e-001	  1.2722707e-002	  5.6767897e-001	
  1.5995553e+000	  1.3664624e+000	  3.5612641e-003	  1.9939928e-001	  1.8311189e-001	  1.4039655e+000	  1.1889951e+000	  1.3729557e+000	  2.1792322e-001	  1.2228231e+000	  1.6057559e+000	
 -9.6823610e-002	  5.7461721e-001	 -4.0434681e-001	 -4.0693084e-001	 -3.9161047e-001	  1.1918312e+000	  7.6118342e-001	  1.3089817e+000	 -2.4187792e-001	 -3.1684648e-002	  7.4547115e-001	
