 -1.6936550e+000	  2.9884519e-001	  1.3507565e+000	  8.7372191e-001	  1.4913397e+000	 -8.3945977e-001	  9.8238491e-002	 -1.5494925e+000	  2.8394765e-001	 -1.0979158e+000	 -9.5089012e-001	
 -1.2697683e-001	  1.1010675e+000	 -3.4168237e-002	 -5.8966006e-001	 -7.6474786e-001	  3.4449057e-001	  3.3647344e-001	 -1.1150096e-001	 -2.0778862e-001	  6.7907352e-001	  2.0242036e-002	
  1.3421228e+000	  3.1667235e-001	 -1.7377995e+000	 -1.0549001e+000	 -1.1448687e+000	  9.8275186e-001	  6.5649053e-001	  2.3798947e-001	 -1.0702430e+000	 -1.6548457e-001	 -7.1822304e-001	
  1.6575889e-001	 -6.6827837e-001	 -2.1380283e-001	 -1.5431704e-001	 -4.5853941e-001	  1.0087939e-001	  2.4402406e-001	 -4.6392827e-001	 -6.6120779e-001	 -4.5839489e-001	  4.2488043e-001	
 -9.8349984e-001	  3.4786989e-001	  1.0552286e+000	  8.8945720e-001	  9.2115843e-001	 -8.9137331e-002	 -1.9101109e-002	 -9.8082168e-001	  3.9889899e-001	 -4.4863121e-001	  4.5531936e-002	
  3.1279353e-003	  5.9745016e-001	 -1.5454166e+000	 -9.6311095e-001	 -1.5394200e+000	  7.7324625e-001	  7.3471693e-001	  1.0661937e+000	 -6.1331140e-001	  5.4238204e-001	 -8.5975544e-002	
  9.3012436e-001	  4.1917854e-001	  6.3944119e-003	  7.4259450e-001	  2.5594697e-001	  1.4309964e+000	  1.1294047e+000	  1.3363879e+000	 -7.6871823e-002	  1.4455222e+000	 -1.9219312e-001	
  1.5698061e+000	  9.6736378e-001	 -9.6710916e-001	  9.6813365e-001	  3.0522190e-001	  6.3682399e-001	  6.0315435e-001	  1.1454898e+000	 -7.3678730e-002	  1.6648046e-001	  5.9179377e-001	
  4.5307357e-001	  3.6569705e-001	  7.1913810e-001	  1.3562708e+000	  6.9942128e-001	 -7.8586531e-001	  7.9160886e-001	 -4.0519039e-001	  5.1385033e-001	  3.5687217e-001	  8.3963479e-001	
  1.6033786e-001	 -5.6131539e-001	  6.3801280e-001	  6.0622198e-001	  3.9673247e-001	  3.3961835e-001	  6.9204799e-001	  3.8189729e-001	 -4.8878078e-001	  9.6222016e-001	  6.0705876e-002	
  7.8375651e-001	  6.7321560e-001	  1.9761833e-001	 -4.5328755e-001	  7.5573548e-001	  2.0319609e-001	  3.8625387e-001	  2.3596184e-002	  6.8627733e-001	 -2.6800318e-001	  1.0621859e+000	
 -6.7992206e-001	  2.8547482e-001	  4.2361023e-001	  2.4955541e-001	  1.0373065e+000	 -5.5031766e-002	 -1.1155049e-001	 -9.4264205e-001	  2.5201673e-001	 -4.7792224e-001	 -2.6300484e-001	
 -6.7992206e-001	 -3.7413019e-001	  4.5258355e-001	  1.4873982e+000	  1.5018986e+000	 -8.3945977e-001	  6.1737733e-001	 -6.6657398e-001	  4.2763682e-001	  1.5143464e-002	 -2.1748302e-001	
 -1.3537563e+000	  7.1548871e-002	  9.2774601e-001	  1.5818100e+000	  1.7447536e+000	 -1.2438543e+000	  3.9336537e-001	 -1.5229724e+000	  5.5855363e-001	 -3.6075811e-001	 -7.4351294e-001	
 -1.6936550e+000	  4.4808127e-002	  1.3043992e+000	  1.8661425e-001	  1.5300557e+000	 -9.0767090e-001	 -6.0935486e-001	 -1.5489345e+000	  5.2023651e-001	 -6.2965955e-002	 -6.4235334e-001	
  1.0548081e+000	  1.3506478e+000	 -7.7588525e-001	 -4.6902284e-001	 -1.0287207e+000	  1.1727686e+000	  6.6715777e-001	  1.3393248e+000	 -6.5162851e-001	  3.1781746e-001	  2.1750325e-001	
 -1.6936550e+000	 -9.7134013e-001	 -3.8184809e-001	 -1.0239541e+000	 -9.9704393e-001	 -1.5215711e+000	 -2.0956565e+000	 -1.1100450e+000	 -5.9734593e-001	  3.4670818e-002	 -5.7659960e-001	
 -5.9318556e-001	  5.3721708e-002	  1.5705568e-001	  3.7543773e-001	 -5.6060889e-001	 -1.6709291e-001	 -2.0956565e+000	 -1.0953606e+000	  4.4465700e-002	 -3.4123076e-001	 -7.3845496e-001	
  4.8559976e-001	  7.3115388e-001	  8.2923672e-001	  1.3929865e+000	  6.1143035e-001	  1.2750853e+000	 -2.0067628e+000	  1.0876612e-001	  9.0340764e-001	  6.1560962e-001	  1.2341572e+000	
 -7.7207960e-001	  3.3895631e-001	  1.3217832e+000	  9.5239836e-001	  6.2198926e-001	 -8.1022643e-001	 -2.0302307e+000	 -6.9594293e-001	  4.9788486e-001	 -1.4595721e-001	  5.0589916e-002	
 -2.0829230e-001	 -6.6382158e-001	  2.6715430e-001	 -3.3789542e-001	  9.5723577e-003	  5.2157154e-002	 -2.0720463e+000	 -5.5699963e-002	 -3.2912615e-001	 -6.3902292e-001	  8.4469277e-001	
  7.9022380e-002	  3.7015384e-001	 -1.3993911e+000	 -6.9456200e-001	 -9.4072973e-001	  6.1246287e-001	 -2.0558321e+000	 -2.9358840e-001	 -5.0155315e-001	  6.3961850e-002	 -8.0420870e-001	
  4.3138944e-001	  4.3700570e-001	  1.2058899e+000	  6.5867295e-001	  1.1569741e+000	  1.4163798e+000	 -2.0895050e+000	  2.8497978e-001	  7.9484249e-001	  1.0305659e+000	  9.1044651e-001	
 -1.0431312e+000	 -1.3130151e-002	  1.2812205e+000	  7.6881998e-001	  1.2097687e+000	 -1.5702933e+000	 -2.0956565e+000	 -1.4072587e+000	  8.1719414e-001	 -2.1918479e-001	  4.5522831e-001	
  3.0233094e-002	  6.5984523e-001	 -3.2390144e-001	 -6.4211103e-001	 -1.0850349e+000	  5.9297397e-001	 -2.0956565e+000	 -5.8636857e-002	 -7.1229727e-001	  5.2285468e-001	 -4.2486020e-001	
 -1.5456608e+000	 -3.3401907e-001	  1.0842019e+000	  7.6357488e-001	  6.2550890e-001	 -9.8075425e-001	 -2.0956565e+000	 -6.0783610e-001	  1.6899632e-001	  2.9788980e-002	 -1.7196120e-001	
 -9.7265778e-001	  7.1778351e-001	  7.8287941e-001	  1.3405355e+000	  4.2488957e-001	 -7.7124864e-001	 -2.0956565e+000	 -1.5392721e+000	  7.5971847e-001	 -5.3162247e-001	 -9.6606406e-001	
 -1.4047140e+000	  1.6068468e-001	 -1.2585808e+000	 -1.0486060e+000	 -1.3173309e+000	  9.1134943e-002	 -2.0845625e+000	 -8.2222938e-001	 -5.7180119e-001	 -4.9256776e-001	 -1.9371962e+000	
 -1.6936550e+000	 -6.1479688e-001	  4.4678889e-001	  9.4190817e-001	 -3.2663291e-002	 -1.4631044e+000	 -2.0419647e+000	 -1.5021204e+000	  9.8748276e-002	 -5.3162247e-001	 -9.3571618e-001	
 -1.6334815e+000	 -1.1683303e+000	 -6.8317062e-001	 -1.4708363e+000	 -1.3792765e+000	 -1.4825933e+000	 -2.0956565e+000	 -1.4378024e+000	 -1.2305362e+000	 -2.3720756e+000	 -1.3049487e+000	
  2.0912714e-001	  1.0720320e-001	  8.5821004e-001	 -7.0395492e-002	 -2.4736117e-001	  3.9321281e-001	  6.2681037e-002	  2.0568363e-001	 -1.2822643e+000	 -8.1965095e-001	 -9.3065820e-001	
  2.4812062e-002	 -1.9585857e-001	 -4.9194670e-001	 -1.2699428e-002	 -9.8648501e-001	  3.7859614e-001	  5.9125291e-002	 -8.8390416e-001	 -1.2966332e+000	 -1.9400329e+000	  1.9221336e-001	
  1.0602291e+000	  9.3832823e-002	  4.2940489e-001	 -7.4543314e-003	  1.2168080e+000	  9.9249631e-001	  8.5916802e-001	  8.7529554e-001	 -1.2966332e+000	 -7.8547808e-001	  3.1866285e-001	
 -9.0760540e-001	 -1.0872167e+000	 -1.5006152e-001	  5.0132005e-001	 -1.6992915e-001	 -1.8558056e+000	 -4.0667737e-001	 -1.3588000e+000	 -1.2966332e+000	 -1.3273622e+000	 -2.4784001e+000	
 -9.0218437e-001	 -1.5551797e+000	  2.9573068e-002	 -2.5397388e-001	 -3.0015573e-001	 -1.3266821e+000	 -4.4579057e-001	 -8.7803038e-001	 -1.2369224e+000	 -1.9331983e+000	 -1.9371962e+000	
  8.1086167e-001	 -7.5295739e-001	  3.7725292e-001	  4.4886908e-001	  8.6132460e-001	  2.4704610e-001	  1.0440668e+000	 -1.3205922e-001	 -1.2950335e+000	 -2.0020323e+000	 -1.4920940e+000	
  1.1903339e+000	  3.1221556e-001	  1.1305593e+000	  1.8965158e+000	  4.7064485e-001	  9.0479629e-001	  7.7383013e-001	  1.2277229e+000	 -1.2683744e+000	 -1.1666618e-001	 -2.5288888e-001	
 -1.2962934e+000	 -1.3131760e+000	 -1.7029736e+000	 -4.7426794e-001	 -1.3708294e+000	 -2.3303602e+000	 -9.9693111e-001	 -1.3629116e+000	 -1.2966332e+000	 -1.3517714e+000	 -2.4784001e+000	
  1.0612754e-001	 -1.3755710e+000	 -1.0887971e+000	 -3.4314052e-001	 -1.2011829e+000	  3.7859614e-001	  1.0333996e+000	 -2.5834567e-001	 -1.2966332e+000	 -1.9965744e-001	 -1.0520497e+000	
 -1.4665138e+000	 -1.5551797e+000	 -9.7869849e-001	 -1.7944525e-002	 -3.6350920e-001	 -3.9608742e-001	  2.1557809e-001	 -9.4851584e-001	 -1.2966332e+000	 -5.7067718e-001	 -8.4973052e-001	
  7.2954619e-001	 -5.3903144e-001	  4.1162397e-002	 -7.4543314e-003	  3.1226117e-001	  8.1390495e-002	 -6.1770055e-002	  8.1068386e-001	 -1.2343679e+000	 -1.2443709e+000	 -1.0620746e-001	
  7.8375651e-001	 -6.6827837e-001	 -2.5436547e-001	  7.1636901e-001	  9.4579589e-001	  1.8370719e-001	  6.6004628e-001	 -8.2132012e-002	 -1.2966332e+000	 -1.4591718e+000	 -1.1228614e+000	
  1.4884906e+000	  6.2635289e-002	  1.2116846e+000	  4.8033966e-001	  1.7975481e+000	 -2.8889850e-001	  9.3739442e-001	  6.9320809e-001	 -1.2931528e+000	  1.0301656e-001	 -5.5130970e-001	
 -1.5408199e-001	 -1.4683387e-001	 -3.4168237e-002	  3.5445734e-001	  5.1808006e-002	 -9.9049870e-001	  1.9779936e-001	 -9.1033621e-001	 -1.2966332e+000	 -6.8784130e-001	 -1.4870360e+000	
 -1.6936550e+000	  2.8547482e-001	  3.3669027e-001	 -1.4708363e+000	  2.1723096e-001	 -4.1070409e-001	 -1.1866198e-001	 -1.3294310e+000	 -2.3014027e-001	 -2.2080459e+000	 -7.4351294e-001	
  1.8408577e+000	  3.3895631e-001	 -1.3431829e+000	 -1.4660633e+000	 -7.2251221e-001	  1.0217297e+000	  7.1693820e-001	  1.2629656e+000	 -9.2304139e-001	 -2.7288502e-001	 -1.3149736e-001	
 -1.6936550e+000	 -4.1869809e-001	 -1.7377995e+000	 -1.4359040e+000	 -1.2962131e+000	 -1.9488651e+000	 -1.0324886e+000	 -1.4304602e+000	 -1.0973843e+000	 -1.9439384e+000	 -2.2366286e+000	
  5.7233627e-001	 -6.1034009e-001	 -1.5006152e-001	 -1.4708363e+000	  2.7354516e-001	 -5.7635969e-001	  2.4757980e-001	  4.7091338e-002	 -4.6962223e-001	 -1.8501192e-001	 -7.2833900e-001	
  5.1812595e-001	  6.7767239e-001	  2.9612762e-001	 -1.4708363e+000	  1.6356448e+000	  7.5375735e-001	  8.3072206e-001	  9.4871790e-001	 -8.2405552e-001	  7.1324639e-001	 -2.4783090e-001	
 -1.2773198e+000	 -1.0337352e+000	 -1.7377995e+000	 -1.4708363e+000	 -1.1519080e+000	 -3.3762074e-001	 -9.1514897e-001	 -9.5438963e-001	 -1.2966332e+000	 -9.2216956e-001	 -1.2998907e+000	
 -1.3439985e+000	 -3.4738945e-001	  6.1483415e-001	 -1.4173363e+000	  2.4186842e-001	 -1.9654306e+000	 -6.3780082e-001	 -1.5441767e+000	 -3.8554711e-002	 -2.2148804e+000	 -7.4857092e-001	
 -8.3608573e-002	  6.4201807e-001	 -6.1363465e-001	 -1.4417260e+000	 -9.3721009e-001	  5.2476284e-001	 -7.5993037e-002	 -2.7890393e-001	 -3.5467089e-001	  8.8899258e-001	 -7.3845496e-001	
 -4.4139667e-001	 -2.4488326e-001	  9.3933534e-001	 -1.4404147e+000	  3.6857537e-001	  3.2012945e-001	  8.6272377e-001	 -9.6613721e-001	 -2.8975432e-002	 -2.4847582e-001	 -9.5594810e-001	
 -1.1515518e+000	 -7.8861171e-001	 -2.7174947e-001	 -1.4708363e+000	 -7.6826750e-001	 -7.9073753e-001	 -1.1071592e+000	 -1.3890500e+000	 -5.4944954e-001	 -1.8980491e+000	 -7.9409274e-001	
  1.0439660e+000	  8.0691932e-001	  5.4529818e-001	 -1.4534226e+000	  6.2902853e-001	  7.4401291e-001	  2.7247002e-001	  1.1131840e+000	 -5.7713267e-002	  9.7198384e-001	  1.1228817e+000	
  9.0301921e-001	 -8.8220432e-001	 -1.7377995e+000	 -1.4358515e+000	 -1.6351894e+000	  1.4960163e-001	  4.8937049e-001	  1.1631112e+000	 -1.2966332e+000	  8.3489205e-002	  6.7777943e-001	
  1.6033786e-001	 -9.4905618e-001	 -1.4387948e+000	 -1.4708363e+000	 -1.6200197e+000	 -5.8123192e-001	 -3.2489522e-001	  9.2228585e-001	 -8.8472428e-001	 -5.8044085e-001	  9.6111736e-002	
 -8.3713199e-001	 -7.2621665e-001	  8.5241538e-001	 -1.4708363e+000	  9.2467807e-001	 -5.4712635e-001	  3.6136366e-001	 -3.6701076e-001	 -7.1868346e-001	 -3.1193973e-001	 -6.0685644e-002	
 -1.0214471e+000	 -1.5447062e+000	  5.6268217e-001	  1.0100944e+000	 -1.4177205e-001	 -2.3303602e+000	 -1.6844242e-001	 -1.1364771e+000	 -4.8133989e-002	 -1.0783884e+000	 -1.4769200e+000	
  9.1928230e-001	 -1.5551797e+000	  4.5258355e-001	  6.2720237e-001	  5.3047869e-001	  6.1246287e-001	  6.0671009e-001	  1.3540093e+000	 -1.3115440e-001	  1.1379664e+000	  2.8831497e-001	
 -2.2997643e-001	 -1.5551797e+000	 -1.6740582e+000	 -1.4708363e+000	 -1.2821346e+000	  2.3730165e-001	  5.1070497e-001	  7.1964014e-001	 -1.1519861e+000	 -3.0705789e-001	  2.5300016e-002	
  1.2770704e+000	 -1.5307119e+000	 -1.3020408e+000	 -1.3333665e-001	 -1.3138113e+000	 -5.9097636e-001	  2.6891427e-001	  1.1836694e+000	 -6.5162851e-001	 -5.1697695e-001	  3.8441659e-001	
 -1.4594664e+000	 -1.5407843e+000	  7.4811142e-001	  8.2651604e-001	  1.1956901e+000	 -1.4192544e+000	 -1.0858248e+000	 -1.1041712e+000	  7.5333228e-001	 -5.8084116e-002	 -3.8439636e-001	
  7.4580928e-001	 -1.5551797e+000	  1.1247646e+000	  8.3176114e-001	  1.1428956e+000	 -9.9537092e-001	  1.0534998e-001	  5.1405754e-001	  4.9788486e-001	 -2.1430295e-001	  5.5638791e-001	
  2.3623230e-001	 -1.5424778e+000	  9.9728198e-001	  8.6847682e-001	  1.3751917e+000	 -4.9840411e-001	  2.7602577e-001	 -6.1370989e-001	  2.9991312e-001	 -1.2154802e-001	 -2.8829474e-001	
 -1.2697683e-001	 -1.5484054e+000	 -9.9028782e-001	 -1.4408868e+000	 -1.4415741e+000	  1.1549606e-001	  4.6092453e-001	  2.1155742e-001	 -1.2966332e+000	 -1.1418523e+000	 -1.4667130e-001	
 -1.5098820e+000	 -1.5551797e+000	 -4.0502674e-001	  4.9082985e-001	 -1.6288987e-001	 -1.9751751e+000	 -5.8446464e-001	 -8.6921969e-001	 -1.8863007e-001	 -3.4123076e-001	 -4.0453724e-002	
  5.7775730e-001	 -1.5551797e+000	  2.0461162e+000	  9.8911404e-001	  9.9155118e-001	 -9.0279867e-001	  5.6759689e-001	  1.4694575e-001	  1.9454106e-001	  7.9623765e-001	 -3.8945434e-001	
  1.0764922e+000	 -1.5187677e+000	  8.7559403e-001	  1.4559276e+000	  1.7799499e+000	 -2.6453738e-001	  9.8361911e-001	  9.5752858e-001	  2.0092724e-001	  6.7419168e-001	  8.2951883e-001	
 -1.4866095e-001	 -1.5551797e+000	  2.4977031e-001	 -8.0995413e-001	 -1.2891738e+000	 -6.7380416e-001	  6.9204799e-001	 -4.3952386e-002	 -1.7585770e-001	  5.4198173e-002	  8.0928691e-001	
 -1.1911254e+000	 -1.5551797e+000	 -1.6784245e-002	  1.0940160e+000	 -3.9518594e-001	 -1.2974488e+000	 -4.8845951e-001	 -1.4768631e+000	 -1.1199584e-001	 -1.5128720e+000	 -1.6792392e+000	
  6.8180316e-002	 -1.4544562e+000	  1.2754259e+000	  1.6563386e-001	  9.4931553e-001	 -1.5849100e+000	  2.7123582e-002	 -5.2763069e-002	  3.6696806e-001	  3.0805378e-001	 -2.4277292e-001	
 -1.7034508e-001	  1.0966107e+000	 -1.7377995e+000	 -1.4708363e+000	 -1.6519077e+000	  2.3730165e-001	 -1.8977689e-001	 -7.9579733e-001	  1.8900733e+000	  8.4017420e-001	  1.8866366e+000	
  1.0114398e+000	  8.1137611e-001	 -1.3698383e+000	 -7.8897374e-001	 -1.5992539e+000	  4.3706282e-001	 -1.2932922e-001	  7.0201877e-001	  1.8773009e+000	  1.5236316e+000	  1.0520700e+000	
 -3.3297603e-001	  7.9800574e-001	 -1.2108820e-001	  6.0731926e-002	 -7.6826750e-001	  1.2214908e+000	  1.1116260e+000	  1.0750044e+000	  1.8964595e+000	  1.1086753e+000	  1.4769403e+000	
 -2.0287127e-001	  1.0119317e+000	 -7.3532260e-001	  5.5901611e-001	 -3.1423428e-001	  9.7300742e-001	  3.9692111e-001	  1.4107196e-001	  1.8709147e+000	 -6.2965955e-002	  1.5730419e+000	
 -6.8534310e-001	  1.2927095e+000	 -1.6859952e+000	 -1.3454785e+000	 -1.0427992e+000	 -6.6405972e-001	  5.9125291e-002	 -7.1943808e-001	  1.8804940e+000	  8.8411075e-001	  1.9727134e-001	
 -1.1027625e+000	  6.7321560e-001	 -2.0800816e-001	 -4.7951303e-001	 -1.4177205e-001	 -4.0415095e-002	  6.9792528e-002	 -8.7803038e-001	  1.8868802e+000	  6.0584594e-001	  7.2330125e-001	
  3.3923190e-001	  1.3149934e+000	  3.2510094e-001	 -1.0711117e-001	 -4.3222203e-002	  7.0503512e-001	  1.0085093e+000	  8.0481008e-001	  1.8964595e+000	  4.2521791e-001	  9.5091035e-001	
  1.8202198e-001	  5.2168472e-001	  2.0341299e-001	 -1.5431704e-001	 -4.3390195e-001	 -5.1302079e-001	 -1.9333264e-001	 -3.2883114e-001	  1.8709147e+000	 -3.1682157e-001	  2.9337295e-001	
  1.1696960e-001	  1.5734873e+000	  1.5014178e+000	  3.2298676e-001	  9.7747263e-001	  1.1045575e+000	  1.3249707e+000	  2.1449432e-001	  1.8804940e+000	  1.6749686e+000	  1.4163356e-001	
  4.2054738e-001	  1.3372774e+000	 -3.0072279e-001	 -7.2603258e-001	 -1.1871043e+000	  5.7835730e-001	 -2.3955733e-001	 -7.0384435e-002	  1.8773009e+000	  4.5939078e-001	  1.3858966e+000	
 -1.1537202e+000	  1.7517589e+000	  3.7725292e-001	  1.4465347e-001	  4.4248775e-001	  3.2987390e-001	  9.9784210e-001	 -1.2833218e+000	  1.9283904e+000	  2.0065333e-001	  3.4901073e-001	
 -7.2766509e-002	  6.9549955e-001	  9.3354068e-001	  1.1517120e+000	  4.7416449e-001	  4.2412707e-002	  3.7914238e-001	  1.1463991e-001	  1.9283904e+000	  1.1916666e+000	  8.3457681e-001	
 -4.4139667e-001	  1.6314256e+000	 -1.5998865e+000	 -2.6446407e-001	 -1.2011829e+000	  7.8299070e-001	  3.3647344e-001	  2.4680015e-001	  1.8964595e+000	  9.7198384e-001	  1.9877962e+000	
  9.0301921e-001	  1.5289194e+000	 -1.0945918e+000	 -1.2284646e-001	 -2.1920407e-001	  8.9505184e-001	  6.4582329e-001	  5.1405754e-001	  1.8964595e+000	  2.0557520e+000	  1.6792595e+000	
  1.9113311e+000	  1.7562157e+000	  4.4099422e-001	  1.2146532e+000	  8.3668714e-001	  1.3920186e+000	  7.3827268e-001	  1.4039365e+000	  3.6696806e-001	  1.6310321e+000	  5.2098205e-001	
  6.4823071e-001	  1.2659687e+000	  5.7427150e-001	  3.4396715e-001	 -5.3781115e-002	  1.4845909e+000	  3.3291769e-001	  1.4333055e+000	  4.4998847e-001	  1.5578045e+000	  1.0571279e+000	
  5.8317833e-001	  6.7767239e-001	  1.0146660e+000	  3.3872205e-001	  1.3716720e+000	  9.0966851e-001	  6.6360202e-001	  1.4039365e+000	  3.7654734e-001	  2.6899907e-001	 -4.0453724e-002	
  6.9159897e-001	  5.3951188e-001	  7.1913810e-001	  8.6323172e-001	  3.8265392e-001	  1.4748464e+000	  8.6627951e-001	  1.3510724e+000	 -3.2593305e-001	  2.5923540e-001	  1.1987514e+000	
  8.8133508e-001	  1.3328206e+000	  5.7427150e-001	  8.9470230e-001	 -6.7859664e-002	  1.4212520e+000	  1.2787460e+000	  1.4333055e+000	  4.4998847e-001	  8.4993788e-001	  6.3731559e-001	
  1.0819133e+000	  6.4201807e-001	 -9.7909543e-002	  1.7811236e+000	  7.9445149e-001	  7.2939624e-001	  6.6360202e-001	  1.3217035e+000	  5.2023651e-001	  1.1574937e+000	  1.4163356e-001	
  1.5860692e+000	  2.0414503e+000	  2.5734306e+000	  2.0759463e-001	  5.3399832e-001	  1.4992076e+000	  8.8761399e-001	  1.3745676e+000	  3.1268549e-001	  1.3674128e+000	  7.9411297e-001	
  5.2354698e-001	  6.8212918e-001	 -7.8747458e-001	 -1.7529743e-001	 -3.6702884e-001	  1.5966520e+000	  1.5312039e+000	  1.3745676e+000	 -3.0677450e-001	  1.5480408e+000	  1.7298393e+000	
  9.3012436e-001	  1.1144379e+000	 -7.5270659e-001	 -7.4701297e-001	 -1.3201466e+000	  1.6697354e+000	  8.2716631e-001	  1.2923345e+000	 -2.5782340e-002	  7.7182846e-001	  2.0232021e+000	
  1.9763835e+000	  8.9159834e-001	  6.3801280e-001	  1.3982316e+000	  1.1182581e+000	  8.8043517e-001	  5.6759689e-001	  1.4039365e+000	  5.0746414e-001	  1.7042596e+000	  1.3606067e+000	
  1.0060188e+000	  4.6374644e-001	  7.5970075e-001	  2.2322020e+000	  1.8433034e+000	  9.6813519e-001	  6.7426926e-001	  1.3540093e+000	  5.9367765e-001	  6.3025514e-001	  1.3353168e+000	
  1.7432791e+000	  6.1973411e-001	 -1.7377995e+000	 -1.1267580e+000	 -1.4106013e+000	  9.8275186e-001	  5.1070497e-001	  1.3540093e+000	 -4.5046367e-001	  8.2064684e-001	  3.5406871e-001	
  5.8859936e-001	 -5.8359935e-001	 -1.6439259e+000	 -2.6446407e-001	 -1.1413491e+000	  9.8275186e-001	  4.8225900e-001	  1.2952714e+000	 -6.8675253e-001	  1.1526119e+000	  9.8125823e-001	
  9.1386127e-001	  1.0074749e+000	  2.3238631e-001	  1.6972021e+000	  1.0232279e+000	  2.6166277e-001	  1.1649621e+000	  1.3745676e+000	 -3.4306907e-003	  1.3332399e+000	  1.0621859e+000	
