 -2.4312860e+000	  9.5813748e-002	  3.9671740e-001	  8.3367697e-001	  8.2972897e-001	 -2.6318335e-001	  6.1602629e-001	 -2.0780272e+000	  1.0783328e+000	  8.8132418e-001	  1.4077909e+000	
  1.6930988e-001	  6.2879314e-001	  9.8004749e-002	  8.3367697e-001	  3.7211005e-001	  7.6760497e-001	  7.5376298e-001	 -1.0229801e-001	  3.6599415e-001	 -1.4067521e-001	  7.3301590e-002	
 -6.1333390e-001	 -4.6725319e-001	 -1.0451456e+000	 -1.0196867e+000	 -1.5176481e+000	 -1.0686628e+000	 -4.8949193e-001	 -1.0698032e+000	 -9.0854892e-001	 -6.0522039e-001	 -1.1777821e+000	
  6.7463894e-001	 -3.7431100e-002	 -1.7674558e+000	 -1.3426845e+000	 -1.4652992e+000	 -3.8710326e-001	  4.3331602e-002	 -2.0322482e-001	 -1.2298999e+000	  6.7003810e-002	 -4.8074976e-001	
  8.0405248e-001	  7.5344155e-001	  5.5756268e-001	 -1.2478819e-001	  4.8998159e-001	  1.1337320e+000	  1.1887210e+000	  9.4177235e-001	  4.3946405e-001	  1.1873775e+000	  1.0979987e+000	
 -5.6403350e-001	  2.6344436e-001	 -3.9862629e-002	  1.4097493e+000	  1.3220160e+000	 -4.0780915e-003	  1.6294505e-001	 -4.9208429e-001	  5.8001516e-001	 -3.1370462e-002	  1.3958758e+000	
 -4.3461996e-001	 -7.6383043e-001	 -8.3834453e-001	 -1.1485591e-001	 -2.3458170e-001	 -8.8278290e-001	  5.3990864e-001	 -7.8094375e-001	 -2.4412547e-001	  1.7630856e-001	 -1.4816167e+000	
 -1.8195544e-001	  5.9440737e-001	  6.3224084e-001	  1.6232933e+000	  7.3959191e-001	  2.4939445e-001	  4.2754449e-001	  5.4502561e-001	  5.7362647e-001	  8.8864759e-002	  1.2171495e+000	
  1.4326325e+000	  9.8493302e-003	 -1.7620560e+000	 -1.3613572e+000	 -1.4715395e+000	  2.7192534e-001	  2.3181340e-001	  8.6520719e-001	 -1.2426773e+000	 -2.5905225e-002	  3.0564571e-001	
  1.2847313e+000	  1.3449774e-001	 -1.4765556e+000	 -1.3613572e+000	 -1.6486935e+000	  1.3110726e-001	 -7.2657195e-002	 -4.5032147e-001	 -1.2292610e+000	 -1.4468669e+000	  9.1174214e-002	
 -1.5130661e+000	  1.7747995e-001	 -2.4091922e-001	 -7.0160643e-002	  4.6229911e-002	  5.7881863e-002	 -1.0527904e-001	 -8.7839032e-001	 -4.3578608e-001	 -1.4741931e+000	  2.4607029e-001	
  1.2415935e+000	  3.6660166e-001	  1.7294354e+000	  4.6121641e-001	  1.2977483e+000	 -8.8568938e-002	  6.1240164e-001	  1.0044166e+000	  4.6501879e-001	  6.9004087e-001	  3.0564571e-001	
 -7.9821038e-001	  2.1186571e-001	  1.3617890e+000	  9.3796592e-001	  1.0550716e+000	 -1.8432523e-001	  6.0877699e-001	 -1.2507754e+000	  4.5224142e-001	 -3.6474994e-001	 -6.1181567e-001	
  9.6427876e-001	  8.2221308e-001	  1.8500693e+000	  1.2061375e+000	  1.0550716e+000	  2.8319079e-001	 -9.4405094e-002	  4.4409881e-001	  5.2890567e-001	  3.8398758e-001	  1.7457979e-001	
 -5.0857056e-001	  5.3853050e-001	 -2.0070790e-001	  4.9597940e-001	 -1.0354148e+000	 -4.8285956e-001	  8.9149968e-001	  2.9792896e-001	 -2.1218203e-001	  3.7852234e-001	  3.8905129e-001	
  1.7161098e+000	  4.0528565e-001	  1.3445556e+000	 -2.6880627e-001	  7.6039277e-001	  5.4792877e-001	  4.6741564e-001	  9.4873282e-001	  4.3365449e-002	  7.0097134e-001	  4.1883899e-001	
  1.1384694e-001	  9.9414192e-001	  5.5756268e-001	  2.7746921e-001	  1.0065363e+000	  2.7755806e-001	 -2.1028236e+000	  6.5639312e-001	  1.9030525e-001	  4.3317471e-001	  8.4778198e-001	
 -1.1001753e+000	 -2.3085104e-001	  3.3352819e-001	  9.4789820e-001	  1.5577591e+000	 -4.1526688e-001	 -2.1159086e+000	 -1.2472952e+000	  3.0588075e-002	 -6.3801181e-001	 -3.1393860e-001	
  8.7184052e-001	  1.6431733e+000	  1.0515874e+000	  1.5190044e+000	  1.5126905e+000	  7.9576859e-001	 -2.1138063e+000	  1.0461794e+000	  8.7070042e-001	  2.0363474e-001	  4.6649932e-001	
  8.0405248e-001	  1.1660708e+000	 -3.0410844e-001	 -3.8799365e-001	 -5.0152607e-001	  2.1025604e+000	 -2.1205844e+000	  1.2341121e+000	 -1.2274041e-001	  3.2386997e-001	  2.6394292e-001	
  4.0348676e-001	  4.0098743e-001	  2.5310555e-001	  1.5488012e+000	  1.3705513e+000	 -8.8568938e-002	 -2.0502662e+000	 -1.3362013e-001	  7.1098325e-001	  1.3021475e+000	  8.4778198e-001	
  1.8779753e-001	  5.7721449e-001	  3.6225056e-001	  1.0025257e+000	  1.1001402e+000	  4.5780520e-001	 -2.1205844e+000	 -4.4336100e-001	  8.1000790e-001	 -1.4614045e-001	 -6.5947601e-001	
 -2.6823113e-001	  1.1445796e+000	  4.9437346e-001	  1.6878532e+000	  5.5585098e-001	  3.3951802e-001	 -2.0892674e+000	 -1.3710036e-001	  5.5126607e-001	  7.0643658e-001	  5.2011720e-001	
 -2.1893073e-001	  1.2528884e-003	 -9.0153374e-001	 -3.6812908e-001	 -1.2919587e+000	  4.2400886e-001	 -2.1205844e+000	 -8.5750891e-001	 -3.6551052e-001	 -7.4731656e-001	  1.8053734e-001	
 -1.1741259e+000	  5.2133762e-001	  8.5053085e-001	 -1.3968661e-001	  7.1879105e-001	  3.5350970e-002	 -2.1205844e+000	 -1.5083128e+000	  3.2766202e-001	  2.9107854e-001	 -4.9862239e-001	
  3.1721107e-001	  4.6975897e-001	  8.3329743e-001	  1.2955281e+000	  8.4359621e-001	  3.7331436e-001	 -2.1205844e+000	  6.1463031e-001	  9.2819861e-001	  9.3597655e-001	  2.2819767e-001	
  1.8163498e-001	 -5.9619982e-001	 -1.3519005e+000	 -9.8442715e-001	 -1.6140254e+000	  3.7331436e-001	 -2.0922034e+000	  5.9026866e-001	 -8.1591296e-001	 -5.4510277e-001	 -3.5564139e-001	
 -4.4078251e-001	 -8.1540908e-001	 -2.1794133e-001	  8.9823679e-001	  3.5130919e-001	 -2.0976261e-002	 -2.0825256e+000	 -8.8535079e-001	  5.4168304e-001	 -5.2324182e-001	  6.2735294e-001	
 -6.3798410e-001	  9.5813748e-002	 -7.9238873e-001	 -3.4329838e-001	  2.1962241e-002	 -1.5023824e+000	 -2.1205844e+000	  1.4827887e-001	 -3.7828790e-001	  1.2712142e-001	 -4.5849239e-002	
  5.0208755e-001	  8.5659885e-001	  6.3537904e-002	 -3.5323066e-001	 -3.4205281e-001	  5.3666333e-001	 -2.1205844e+000	  1.0461794e+000	  2.1266566e-001	  7.8294990e-001	  2.8181554e-001	
 -7.4274744e-001	 -4.1567454e-001	 -4.9942056e-001	 -5.2704559e-001	 -8.3433983e-001	 -7.9829205e-001	  5.5078259e-001	 -9.2363337e-001	 -1.2228723e+000	 -1.1462789e+000	 -1.6305553e+000	
 -2.0492079e+000	 -1.7868070e+000	  8.3329743e-001	  1.0720517e+000	  1.4780224e+000	 -2.6824379e+000	  7.2328802e-002	 -1.9280291e+000	 -1.2631211e+000	 -1.6928026e+000	 -1.1122492e+000	
  7.9788993e-001	  4.5686430e-001	  1.2813664e+000	  1.5686658e+000	  7.2225786e-001	  2.9445623e-001	  8.6612713e-001	  1.1853888e+000	 -1.2187197e+000	  7.7934285e-002	  1.2052345e+000	
  1.0197417e+000	  1.6028706e-001	  8.1606401e-001	  1.2955281e+000	  7.3265829e-001	  5.0849971e-001	  1.0002392e+000	  9.7309446e-001	 -1.2631211e+000	 -6.9266418e-001	 -1.1733974e-001	
 -1.3881759e-001	  1.1300663e-001	 -1.0796124e+000	 -7.0086051e-001	 -1.1914213e+000	  3.3388529e-001	  2.9343245e-001	 -6.2781343e-001	 -1.2631211e+000	 -1.4304712e+000	 -2.1131161e+000	
 -1.8195544e-001	 -5.5751583e-001	  4.6565109e-001	  1.2061375e+000	  7.2572467e-001	 -8.3208839e-001	  2.6081060e-001	 -2.8327021e-001	 -1.2631211e+000	 -1.8130378e+000	 -1.3684234e+000	
 -8.4751078e-001	 -5.5751583e-001	 -1.8091606e+000	 -1.3613572e+000	 -1.4590590e+000	  6.5495051e-001	 -2.5536746e-002	 -5.1992616e-001	 -1.2631211e+000	 -2.3377006e+000	 -1.2329728e-001	
  2.6174813e-001	 -6.7786601e-001	 -8.6706690e-001	 -1.3613572e+000	 -1.5329020e+000	  7.3944136e-001	  8.3202751e-002	  1.2236714e+000	 -1.2631211e+000	  6.4631897e-001	 -1.8152390e+000	
 -9.0913627e-001	 -9.8303970e-001	  3.1055029e-001	  1.2806296e+000	  1.0169887e-001	 -2.8998610e+000	 -4.5687008e-001	 -2.1462398e+000	 -1.2339886e+000	 -2.8459677e+000	 -2.9144054e+000	
 -1.5069036e+000	 -1.3608533e+000	  6.4947426e-001	  4.0658886e-001	  5.3851693e-001	 -1.5812406e+000	 -5.8010818e-001	 -1.3308208e+000	 -1.2396107e+000	 -1.5671022e+000	 -2.4050356e+000	
 -1.7718932e+000	 -1.4352125e+000	 -1.7518882e+000	 -9.3923527e-001	 -9.0714284e-001	 -1.3615644e+000	 -2.6476364e-001	 -1.0976451e+000	 -1.2631211e+000	 -2.2666525e+000	 -1.6484279e+000	
 -2.4312860e+000	 -1.3569849e+000	 -1.8091606e+000	  2.3774008e-001	 -1.2295562e+000	 -2.2290037e+000	 -1.8628718e+000	 -1.8076130e+000	 -1.2631211e+000	 -2.9170158e+000	 -9.6926816e-001	
  2.9210484e-003	 -3.5120123e-001	 -6.4877688e-001	 -8.7864835e-001	 -8.8980879e-001	 -4.7159411e-001	 -4.4962079e-001	  3.6057318e-001	 -1.2521006e+000	 -4.0300660e-001	 -6.1181567e-001	
  1.1245051e+000	  6.9756467e-001	  4.4841767e-001	  1.5190044e+000	  1.3150824e+000	  6.1552145e-001	  8.5525318e-001	 -4.6614262e-002	 -1.2631211e+000	 -6.7080323e-001	 -2.0535407e+000	
  1.3648445e+000	  9.5975615e-001	 -1.6884733e-002	 -1.3394069e+000	 -3.4551962e-001	  8.6336127e-001	  1.3844521e+000	  8.9304907e-001	 -7.2327700e-001	  5.0968804e-001	  3.1598800e-002	
  7.9172738e-001	  6.4598602e-001	  4.4267319e-001	 -1.3077229e+000	 -4.3907149e-002	  7.2254319e-001	  7.4288903e-001	  6.2159077e-001	  3.3782419e-002	  1.0526047e-001	 -3.9734418e-001	
  2.0628518e-001	  5.4712694e-001	  6.5521873e-001	 -1.2992805e+000	  7.9159406e-001	 -9.8417191e-001	  3.8404869e-001	 -3.1807256e-001	 -3.3995577e-001	 -6.9627124e-002	  1.9840996e-001	
  9.5359290e-002	  5.2133762e-001	  7.8159716e-001	 -1.2982872e+000	  2.9237342e-001	  5.1413243e-001	  1.1524745e+000	  1.1993097e+000	  1.9030525e-001	  6.1352755e-001	  6.9884344e-001	
  9.8892896e-001	 -2.0076349e-001	 -1.8091606e+000	 -1.3613572e+000	 -9.4527775e-001	  6.3241962e-001	  5.6528119e-001	 -2.7630974e-001	 -1.1193756e+000	 -5.1231135e-001	 -8.9777766e-001	
  3.4802382e-001	 -5.6181405e-001	 -1.2502233e+000	 -1.3613572e+000	 -9.3141051e-001	  1.9869994e-001	  4.8553889e-001	  1.2271516e+000	 -1.1743183e+000	  2.6921759e-001	 -1.0884190e+000	
  8.2254013e-001	  6.2879314e-001	  3.8522845e-001	 -1.3613572e+000	 -4.8419202e-001	  1.1055684e+000	  7.8276018e-001	  1.0635806e+000	  1.0725232e-001	  1.0616770e+000	  1.3482155e+000	
 -1.5069036e+000	 -5.9619982e-001	  9.6542033e-001	 -1.3613572e+000	  5.1078245e-001	 -1.0404991e+000	 -4.2062359e-001	 -1.6370815e+000	 -5.0606164e-001	 -1.2665141e+000	 -5.1053747e-001	
 -2.9904388e-001	 -5.3172650e-001	  6.6670768e-001	 -1.3017635e+000	  5.1424926e-001	 -5.2228862e-001	  5.2903469e-001	 -9.3755431e-001	 -1.6426688e-001	 -2.7184091e-001	 -9.3509570e-002	
  4.5894971e-001	 -5.4462117e-001	 -1.2421811e+000	 -1.3275875e+000	 -1.5342888e+000	 -1.2094808e+000	 -8.0483648e-001	 -1.0175997e+000	 -1.2631211e+000	 -1.3375622e+000	 -1.0765039e+000	
  7.4858953e-001	  5.7129760e-002	  1.8041135e+000	 -1.3042466e+000	  1.7276328e+000	  6.0988873e-001	  9.9298988e-001	  6.1463031e-001	 -4.2881826e-002	  1.4351713e-001	  8.3586689e-001	
  8.7800307e-001	  3.2361946e-001	 -1.1485461e+000	 -1.2853753e+000	 -3.6978729e-001	  6.9437957e-001	  3.2967894e-001	  4.3017787e-001	 -3.9106527e-001	  1.8723903e-001	 -1.7691515e-001	
  4.8976246e-001	 -2.7383325e-001	 -3.2708633e-001	 -1.3613572e+000	 -6.7833338e-001	  9.5911756e-001	  7.2114113e-001	 -1.1811916e-002	 -8.7979983e-001	 -1.0788379e-001	  3.4734850e-001	
  9.0835979e-003	  8.8238817e-001	  4.6304482e-002	 -1.3151721e+000	 -8.5514069e-001	  1.6237789e+000	  5.0003749e-001	  2.5964638e-001	 -4.0064830e-001	  2.8014807e-001	 -3.3934156e-002	
 -1.5808542e+000	 -1.7094390e+000	  4.6565109e-001	 -4.5329939e-002	 -1.0284292e-001	 -1.5812406e+000	  1.0857530e-001	 -1.4769907e+000	 -2.8565193e-001	 -7.9650369e-001	 -7.3692404e-001	
 -2.3659630e+000	 -1.7017022e+000	  9.8265376e-001	 -9.2036393e-001	 -6.3326485e-001	 -1.1756845e+000	 -4.1699894e-001	 -1.3517022e+000	  1.8391656e-001	  7.8841514e-001	 -5.1649501e-001	
 -9.0297372e-001	 -1.7244828e+000	 -1.6529109e+000	 -1.3613572e+000	 -1.4181506e+000	 -1.8403458e+000	 -9.2082527e-001	 -1.6823245e+000	 -1.2631211e+000	 -1.8622250e+000	 -2.5772086e+000	
 -8.3354644e-002	 -1.7620493e+000	 -1.0164232e+000	 -3.0853540e-001	 -5.8126270e-001	 -2.1445129e+000	 -5.7648353e-001	 -1.0837242e+000	 -3.2398406e-001	 -1.3539579e+000	  1.5670717e-001	
 -5.8704446e-002	 -1.7868070e+000	 -4.4197581e-001	  4.2645343e-001	 -1.0804833e+000	  2.6629262e-001	 -1.6419664e-004	  5.6590702e-001	  7.5308885e-002	 -4.7405469e-001	  6.4522557e-001	
 -3.1136897e-001	 -1.7696141e+000	  7.9883059e-001	 -2.7377241e-001	  8.8519793e-001	 -1.8403458e+000	  1.4334403e-002	 -2.5542834e-001	 -6.2047887e-002	  1.4551741e+000	 -3.7351402e-001	
 -4.9008291e-001	 -1.7012724e+000	  6.3537904e-002	  3.2713061e-001	  8.8519793e-001	 -4.9412500e-001	  5.5803189e-001	  1.6916028e-001	  4.5863011e-001	  9.1958084e-001	  7.2863115e-001	
 -2.9288133e-001	 -1.7868070e+000	 -6.9473267e-001	 -1.3613572e+000	 -1.0111471e+000	 -4.6596139e-001	  5.0003749e-001	  3.5361271e-001	 -1.0583636e+000	  3.4212386e-002	 -7.5479667e-001	
 -1.8211936e+000	 -1.7586107e+000	  9.4244244e-001	  1.4395461e+000	  9.5800094e-001	 -1.7952840e+000	  5.4715794e-001	 -1.4909116e+000	  7.1737193e-001	 -7.0359466e-001	 -6.8330617e-001	
  9.5195367e-001	 -1.7868070e+000	  1.5054009e+000	  2.3277394e-001	 -4.2872306e-001	 -1.8628767e+000	  5.8340444e-001	  6.0418960e-001	  3.3724505e-001	  3.1840473e-001	 -2.6627827e-001	
 -2.5590603e-001	 -1.7868070e+000	  1.6432683e+000	  1.5190044e+000	  1.1244078e+000	 -8.9968107e-001	  3.4055289e-001	 -1.1254870e+000	  4.9057354e-001	 -1.2391879e+000	 -2.7976615e-002	
 -5.2705821e-001	 -1.7726659e+000	 -1.1370572e+000	 -5.6180857e-001	 -4.1832263e-001	 -1.0461319e+000	  1.0582336e+000	 -6.1041226e-001	 -5.0286729e-001	 -3.1370462e-002	 -2.0670286e-001	
 -4.4078251e-001	 -1.7868070e+000	  4.2543977e-001	  3.8175816e-001	 -1.4444464e-001	 -6.1241219e-001	  7.9363413e-001	 -1.0489218e+000	 -5.3800507e-001	 -6.6533800e-001	 -2.5436319e-001	
 -2.7891699e-002	 -1.7862010e+000	  2.9071060e-002	  3.9665658e-001	 -4.0445539e-001	 -6.2367763e-001	  9.5311873e-001	  1.9004169e-001	  2.1005045e-002	  3.0747425e-001	  8.4182443e-001	
 -9.4611157e-001	 -7.4663755e-001	  4.8288451e-001	  2.4270622e-001	 -2.1378084e-001	 -3.2514331e-001	 -2.3576644e-001	 -5.9649132e-001	 -1.2631211e+000	 -1.4067521e-001	 -1.7437485e+000	
 -2.0044308e-001	 -4.6027541e-002	  1.8098580e+000	  1.6282595e+000	  1.6929647e+000	  1.1280993e+000	  3.6230079e-001	  8.5824672e-001	 -1.2631211e+000	  7.2469047e-002	 -1.0586313e+000	
 -1.3097020e+000	  2.3335682e-001	 -5.1351577e-002	  2.7746921e-001	  4.5531349e-001	 -5.1665589e-001	  2.8980780e-001	 -1.4804709e+000	  1.9631659e+000	  7.6655419e-001	  1.1992769e+000	
  1.2415935e+000	  1.5658053e+000	  1.4077448e+000	  3.4202904e-001	  3.8597729e-001	  5.7045967e-001	  4.2029519e-001	  5.7792775e-002	  1.9631659e+000	  1.2310994e+000	  8.1799427e-001	
 -8.9064862e-001	  8.4370418e-001	 -1.7773001e-001	 -2.0921258e-001	 -1.1567532e+000	  5.7045967e-001	 -5.4533945e-002	 -4.2247959e-001	  1.9312225e+000	  3.4026568e-001	  1.7414132e+000	
 -2.6823113e-001	  1.9526452e+000	  2.9331687e-001	 -3.4826452e-001	 -9.2442489e-002	  3.2261985e-001	  3.9854729e-001	 -5.4776804e-001	  1.8992790e+000	  5.8620136e-001	  9.6097526e-001	
 -5.1473311e-001	  8.2651130e-001	  5.4032925e-001	  6.3999748e-001	  1.1868104e+000	  1.5363816e-001	  6.7402069e-001	  4.5105928e-001	  1.9312225e+000	  1.1053989e+000	  5.6777753e-001	
 -5.8252115e-001	  1.2821227e+000	 -1.8091606e+000	 -8.3991245e-001	 -1.4919937e+000	  3.6768163e-001	 -3.9525104e-001	 -5.5472851e-001	  1.9312225e+000	  6.0806231e-001	  9.9672051e-001	
 -1.0077371e+000	  1.0199312e+000	 -1.2462022e+000	 -8.0092924e-002	 -7.1993510e-001	  9.0279033e-001	  5.0366214e-001	  5.1022327e-001	  1.9120564e+000	  8.9225465e-001	  1.5805596e+000	
 -6.3182155e-001	  7.8782731e-001	 -1.6049658e-001	  1.2359344e+000	  4.6224711e-001	  2.3249628e-001	 -9.4405094e-002	 -9.8627759e-001	  1.9280281e+000	  1.2693560e+000	  5.5586245e-001	
 -1.7842183e+000	  4.6975897e-001	 -1.0279122e+000	 -2.9860311e-001	 -1.0319480e+000	 -6.0114674e-001	 -7.4134965e-003	 -1.4665500e+000	  1.9312225e+000	 -7.8010798e-001	 -5.8202797e-001	
  6.3150109e-001	  1.6517697e+000	 -8.5818422e-002	  1.2260021e+000	  1.3150824e+000	  1.4322663e+000	  4.0579659e-001	  5.6938726e-001	  1.9631659e+000	  1.3895913e+000	  8.4182443e-001	
  2.9872342e-001	  7.2765222e-001	 -1.4943635e+000	 -6.5616525e-001	 -1.2052885e+000	  9.0279033e-001	  3.8404869e-001	  9.9049564e-001	  1.8896960e+000	  9.5783750e-001	  1.2111920e+000	
  4.8976246e-001	  1.0844046e+000	  9.8004749e-002	  9.4789820e-001	  1.2665470e+000	  1.3703063e+000	  9.6036803e-001	  4.8238139e-001	  1.9631659e+000	  1.2529603e+000	  4.7245687e-001	
  1.4387951e+000	  9.6405437e-001	  8.0771327e-002	  6.3999748e-001	 -1.7217912e-001	  1.3759391e+000	  1.0364857e+000	  1.2445528e+000	  5.5446041e-001	  8.1574133e-001	  1.8053734e-001	
  1.6852971e+000	  1.2778245e+000	  8.2180848e-001	  8.0884626e-001	  1.0308040e+000	  8.6045478e-002	  2.9705710e-001	  1.2793551e+000	  8.0042486e-001	  1.9816951e-001	  5.4990490e-001	
  1.1368301e+000	  2.8923369e-001	 -1.6624106e-001	  1.2905619e+000	  2.1610360e-001	  1.6125134e+000	  1.0618582e+000	  1.2027899e+000	  2.2224869e-001	 -4.9045040e-001	  1.3124702e+000	
  1.6175090e+000	  1.1101939e+000	  4.2543977e-001	  8.0388012e-001	  1.4017526e+000	  1.4435317e+000	  1.2612140e+000	  1.2793551e+000	  4.2349233e-001	  1.4551741e+000	  8.5373952e-001	
  1.0690421e+000	  3.4081234e-001	  1.5743346e+000	  6.1020063e-001	  1.3532173e+000	  8.1829948e-001	  1.1089787e+000	  1.2201911e+000	  7.8764749e-001	  8.3213704e-001	  1.3660881e+000	
  1.1429927e+000	  8.1791486e-001	  9.8265376e-001	  5.6053923e-001	  8.9906517e-001	  3.5078346e-001	  5.1091144e-001	  1.2167109e+000	  3.5960546e-001	  1.3240084e+000	  1.5328992e+000	
  1.3894947e+000	  1.1402814e+000	 -1.0336566e+000	 -8.9205693e-001	 -1.4441517e+000	  8.5209582e-001	  7.6463693e-001	  1.2793551e+000	 -1.5468385e-001	  8.5399799e-001	  1.7056679e+000	
  9.6427876e-001	 -2.0935994e-001	 -1.1140793e+000	 -8.2004789e-001	 -1.5495427e+000	  4.8033610e-001	  1.0364857e+000	  1.2793551e+000	 -1.2161642e+000	 -3.8661089e-001	 -4.8670730e-001	
  1.0875298e+000	  7.6633621e-001	 -5.2239845e-001	 -8.9702307e-001	 -7.6847044e-001	  3.1135440e-001	 -1.3065159e-001	  1.2062702e+000	 -4.9647861e-001	  2.6375236e-001	  9.4310264e-001	
  1.8779753e-001	  4.9984651e-001	 -2.6389712e-001	  4.3638571e-001	 -3.8712134e-001	  5.3666333e-001	  1.1126033e+000	  1.2445528e+000	  7.8764749e-001	  1.7557622e+000	  3.2351833e-001	
 -1.2032994e-001	 -5.8760337e-001	 -1.8091606e+000	 -1.3613572e+000	 -1.4926870e+000	  3.9584525e-001	  2.4268735e-001	  1.2167109e+000	 -3.8787093e-001	  7.3922801e-001	  3.9500883e-001	
  1.3278692e+000	  6.2449492e-001	  1.6145459e+000	  6.3006520e-001	  1.0308040e+000	  8.5772854e-001	  4.2029519e-001	  1.1853888e+000	  5.6142823e-002	 -9.1488073e-002	 -5.1649501e-001	
  1.2662437e+000	  7.4914332e-001	  1.3247159e-001	  7.6415100e-001	  1.0550716e+000	  1.2013247e+000	  1.7019435e-001	  1.2375923e+000	  6.7584547e-001	  1.7120403e+000	  7.7033394e-001	
  6.8080149e-001	  1.4196658e+000	  6.6096321e-001	  4.5625027e-001	 -7.5807001e-001	  1.0548739e+000	 -2.5536746e-002	  1.2793551e+000	  3.5002243e-001	  1.2529603e+000	  2.6394292e-001	
