  1.5060001e+000	  1.7885506e+000	  5.4564973e-001	  7.9642372e-001	  1.6495498e+000	  1.3966844e+000	  1.4374913e+000	  2.5559197e+000	  1.4410295e+000	  1.7184134e+000	  5.3984729e-001	
  2.3671116e-001	  1.4987241e+000	  1.4961086e-001	 -4.3668585e-001	 -1.3710345e+000	 -1.2521976e+000	 -5.5893987e-001	 -4.9106192e-001	  1.5050656e-001	  5.3916206e-001	  8.7950061e-001	
 -1.6503733e+000	 -2.0309491e+000	 -9.9258821e-001	 -1.2571406e+000	 -8.3970279e-001	 -1.8142774e+000	 -1.2954282e+000	 -1.6109438e+000	 -1.6300884e+000	 -2.0397058e+000	 -2.2067391e+000	
  5.7930686e-001	  7.3792942e-001	  1.1310985e+000	  1.1896595e+000	  1.1254967e+000	 -6.3431032e-002	  3.4188885e-001	  1.2747270e+000	  1.3593508e+000	  1.0930529e+000	  1.4379137e+000	
  7.9834345e-001	  7.4310490e-001	  1.6993282e+000	  2.0246785e+000	  1.6604676e+000	 -3.9938679e-001	  4.6970914e-001	 -4.7114701e-001	  1.1306506e+000	  1.1287877e+000	 -2.0278455e-001	
  4.8944569e-001	  4.1187457e-001	  4.2511616e-001	  2.8667370e-001	  4.8862646e-001	  9.6381831e-001	 -2.4851917e-001	 -2.5872127e-001	  1.4506131e-001	  3.5453180e-001	  3.5562854e-001	
  6.1862112e-001	 -1.3155020e-001	 -2.9234557e-001	 -3.2502632e-001	  5.9193991e-002	 -3.6708335e-001	  2.5381458e-002	 -4.1804057e-001	 -2.6877727e-001	  5.0785234e-002	  8.6223011e-001	
 -2.1839240e+000	 -1.3995413e+000	 -1.6153450e+000	 -9.8041921e-001	 -9.6343757e-001	 -1.2392762e+000	 -1.9284430e+000	 -1.9382122e+000	 -1.7771100e+000	 -1.8848546e+000	 -1.7916713e+000	
  9.7244946e-001	 -4.1620126e-001	  9.5316800e-001	 -6.7723932e-002	 -1.1549040e-001	 -1.2845010e+000	  5.2448926e-001	 -5.1097683e-001	  3.4849565e-003	  6.0467603e-001	  9.6009632e-001	
  2.7602542e-001	  4.0152362e-001	 -1.3335260e+000	 -9.9983826e-001	 -1.1745145e+000	  1.2545493e+000	  1.1668167e-001	  1.3079185e+000	 -7.8063025e-001	  6.5232255e-001	 -6.0000623e-001	
  1.9739690e-001	  6.5117813e-002	  3.9067800e-001	  1.4906547e+000	  7.6884935e-001	 -7.7410668e-001	  2.6276200e-001	 -5.8399818e-001	 -2.0343433e-001	  1.2538599e+000	  1.5413928e-001	
  2.0862955e-001	 -3.6444652e-001	  6.0878637e-001	  1.1190227e-001	  1.3292951e+000	  8.7336869e-001	  4.6970914e-001	  8.4323723e-001	  3.6287109e-001	  7.6548303e-001	  6.0892932e-001	
  7.7587816e-001	  7.2240300e-001	  1.1770161e+000	  8.0127849e-001	 -1.0821189e-001	  1.2480886e+000	 -6.9284685e-001	  3.6527933e-001	  1.1633220e+000	  5.2129462e-001	  4.9954944e-001	
  3.6027027e-001	  1.2554768e+000	  4.4807494e-001	  6.3621658e-001	  1.4821440e+000	  1.7561441e-001	  2.3841528e-001	  7.8349250e-001	 -4.0076999e-002	  8.5482026e-001	  1.0119078e+000	
 -1.2796960e+000	 -1.8187547e+000	 -8.2613709e-001	 -1.2183026e+000	 -5.5220139e-001	 -2.5979588e+000	 -1.2284747e+000	 -1.6461269e+000	 -1.2489213e+000	 -7.4133816e-001	 -7.3241346e-001	
 -1.5643144e-001	 -1.5742757e-001	 -1.2330814e+000	 -1.9176310e-002	 -1.0435013e+000	 -6.3197155e-001	 -3.6416610e-001	 -8.2297713e-001	 -4.1035362e-001	 -7.2347071e-001	 -8.9936170e-001	
  2.7040910e-001	 -4.1620126e-001	 -1.0270264e+000	 -4.5610490e-001	 -6.6865766e-001	  2.5960335e-001	 -2.5460585e-001	 -4.1140227e-001	 -7.2748466e-002	 -4.1972415e-001	 -5.3106812e-002	
  1.8261305e+000	  5.3091047e-001	  1.9403953e+000	  7.7700468e-001	  2.3387839e-001	  5.8263774e-001	  8.6248263e-002	  9.6272671e-001	  1.0598624e+000	  9.3820167e-001	  9.8312366e-001	
  1.0342290e+000	  5.5678784e-001	  8.7855198e-001	  5.6824991e-001	 -1.2276892e-001	  2.7252473e-001	 -1.0337010e+000	  7.1710945e-001	  2.4852096e-001	  1.6990153e-001	  4.8227893e-001	
 -1.7683161e+000	 -7.4743159e-001	 -9.0649281e-001	 -4.9008824e-001	 -5.3764436e-001	 -4.5753298e-001	 -6.6241344e-001	 -4.4459379e-001	 -8.1874696e-001	 -6.8331065e-002	 -1.0605531e+000	
  1.2083350e+000	  5.7231426e-001	 -6.5968597e-001	 -3.2988109e-001	  2.4479616e-001	 -5.6090399e-001	  1.7146179e-001	  2.7234307e-001	  2.1040425e-001	  1.1883459e+000	  1.1270446e+000	
 -5.3834140e-001	 -6.3874664e-001	 -4.7601577e-001	 -8.0079301e-001	 -8.3606353e-001	  2.8544610e-001	  8.0447657e-001	  1.0888545e+000	 -6.0638243e-001	 -3.2443111e-001	  3.3260120e-001	
 -2.5752525e-001	 -6.6462401e-001	  1.1858207e-002	  9.4692135e-001	 -1.3732595e-001	 -2.8955510e-001	 -3.0938597e-001	  2.2587494e-001	  4.7046912e-002	  1.0513622e+000	 -4.7911267e-001	
  1.7306531e+000	  4.8433120e-001	  6.8914208e-001	  5.0028324e-001	  4.9226572e-001	 -3.1127593e-002	  7.3143640e-001	  9.6272671e-001	  9.8907421e-001	  5.3320625e-001	  1.2364244e+000	
 -1.5885938e+000	 -1.1925224e+000	 -4.5879669e-001	  7.6244039e-001	 -3.8843477e-001	 -3.0247648e-001	 -2.3311986e-002	 -7.6987070e-001	 -3.1778447e-001	 -8.0242695e-002	 -6.4030408e-001	
  2.0301322e-001	  4.2740099e-001	  6.3174514e-001	  1.6530465e-001	  3.5761317e-001	  8.2814387e-001	  7.1214162e-003	 -3.7821075e-001	  6.7325003e-001	  1.1034338e-001	  1.3515612e+000	
 -1.0325778e+000	 -5.9216738e-001	 -8.2039740e-001	 -7.4253587e-001	 -9.4888054e-001	 -4.3169023e-001	 -1.9373904e-001	 -4.1804057e-001	 -8.0241123e-001	 -9.2596842e-001	 -2.0278455e-001	
  1.2195677e+000	  8.1038606e-001	  7.8671687e-001	  1.3061737e+000	  1.6604676e+000	  1.9781463e+000	  1.3766245e+000	  2.1111533e+000	  1.7187370e+000	  3.2475272e-001	  8.7374378e-001	
  2.4794381e-001	  1.1364409e+000	  2.8736351e-001	  4.3717133e-001	  3.0079925e-002	 -8.5809562e-001	  3.7232225e-001	 -1.3104013e-002	  8.0938114e-001	  6.5232255e-001	 -1.9127087e-001	
  5.2875995e-001	  1.4728467e+000	  6.1452606e-001	  1.5559513e-001	 -1.7371854e-001	  3.5005298e-001	 -3.8242614e-001	  4.4493898e-001	  1.7773278e-001	  3.6048761e-001	  5.6273072e-002	
 -6.9559844e-001	  1.7380277e-001	  1.2286733e+000	  7.1874753e-001	  1.4712262e+000	  7.5061562e-001	  5.0014254e-001	 -4.9770022e-001	  7.7126443e-001	 -9.8110140e-002	 -2.3156873e-001	
 -1.7889673e-001	 -1.6260304e-001	  4.2511616e-001	  6.3621658e-001	  1.5804039e+000	 -3.7354404e-001	  1.2427176e+000	 -3.8484905e-001	 -1.1086518e-001	 -6.4008930e-001	  8.5057251e-002	
 -1.6204777e-001	 -5.8181643e-001	  6.0304667e-001	 -2.1336679e-001	  1.4675869e+000	  3.1774954e-001	  5.9752943e-001	  7.7685419e-001	  2.7030194e-001	  1.4206227e+000	  1.1959827e-001	
  5.5122525e-001	  6.8099921e-001	  3.6771922e-001	  1.0925642e+000	  1.7565025e-001	  7.0539081e-001	  4.4536241e-001	 -1.6578501e-001	 -3.1778447e-001	  2.4137131e-001	 -2.4322632e-002	
  2.0002366e+000	  8.6731627e-001	  7.4653902e-001	  3.1580228e-001	 -5.7039768e-001	  8.7336869e-001	 -1.4597686e+000	 -3.5829583e-001	  5.7523563e-001	 -3.2443111e-001	 -8.7647827e-002	
 -7.2929638e-001	 -1.6777851e-001	 -5.3915240e-001	 -1.5387169e+000	 -1.1090079e+000	 -3.1127593e-002	  9.8421624e-002	 -5.6408326e-001	 -1.0528925e+000	 -3.1847529e-001	 -7.0377320e-002	
  1.4123367e-001	 -5.9093561e-002	  4.3085586e-001	  3.3522132e-001	  1.0017619e+000	  1.0478073e+000	  1.6931319e+000	  4.6485389e-001	  2.2129474e-001	 -1.9935899e-001	  2.6351917e-001	
 -1.2572307e+000	 -1.4305942e+000	 -1.7272690e+000	 -1.3056883e+000	 -1.6017635e+000	 -6.2551086e-001	 -3.1547265e-001	 -1.2544669e+000	 -1.1726879e+000	 -1.1642010e+000	 -1.9551654e+000	
 -8.9035567e-002	 -1.4564715e+000	  5.4564973e-001	  8.3040706e-001	  4.7770869e-001	 -1.2263548e+000	 -2.5460585e-001	 -1.1283391e+000	  4.7177598e-001	 -3.8994507e-001	  3.5562854e-001	
 -2.1440481e+000	 -2.9118148e+000	 -1.7272690e+000	 -2.2183835e+000	 -1.7313211e+000	 -3.1710218e+000	 -3.7909672e+000	 -1.9382122e+000	 -2.5122180e+000	 -2.6531548e+000	 -2.5227894e+000	
  1.4554532e+000	  3.5494435e-001	 -3.9799037e-002	  8.1098801e-001	  2.4843542e-001	  8.7336869e-001	 -8.4178792e-002	  1.4805144e+000	  1.1633220e+000	  1.5040041e+000	  9.3131214e-001	
 -1.9592711e+000	 -2.2224417e+000	 -1.7272690e+000	 -2.0994419e+000	 -1.5821115e+000	 -1.7432098e+000	 -1.8310561e+000	 -1.7881866e+000	 -2.5122180e+000	 -2.5257003e+000	 -2.5227894e+000	
  8.4889036e-001	  8.7766722e-001	  1.5041786e+000	  6.5563562e-001	  3.1394207e-001	  1.5623235e-001	  1.0540305e+000	  7.6357758e-001	  1.1959935e+000	  4.7960391e-001	 -2.5459607e-001	
  6.5793538e-001	  1.2295994e+000	  1.2286733e+000	  1.3401571e+000	  7.4701380e-001	  1.0478073e+000	 -7.2936693e-001	  9.6936501e-001	  1.2613364e+000	  5.1533880e-001	  1.5703209e+000	
  4.6698040e-001	  1.0639843e+000	 -2.2346924e-001	  1.7576666e+000	  5.6141163e-001	  2.3376060e-001	  1.2885503e-001	 -9.4910491e-001	  4.5544025e-001	 -1.5171247e-001	 -7.0377320e-002	
 -7.6299432e-001	 -1.4875244e+000	 -1.2996618e+000	 -9.0759778e-001	 -1.6774600e+000	 -1.0842197e+000	 -2.0562633e+000	 -1.2013605e+000	 -1.3469357e+000	 -1.5036825e+000	 -1.8665101e+000	
  1.3543594e+000	  1.3279335e+000	 -1.1607612e+000	 -8.2288218e-002	  3.4669539e-001	  8.9275075e-001	  2.6000473e+000	  2.1708981e+000	  9.4006701e-001	 -4.3759159e-001	  5.6287464e-001	
  8.5070443e-002	  4.0152362e-001	  7.8671687e-001	  9.8575945e-001	 -1.7230432e-002	  7.5707631e-001	 -5.9832070e-002	  4.3166237e-001	  1.6152773e+000	  1.6231204e+000	  1.4262561e-001	
  8.3204139e-001	  1.1260900e+000	  1.7854236e+000	  4.2746180e-001	  1.6968602e+000	 -2.1202685e-001	  6.7056959e-001	  4.9140711e-001	  7.2225723e-001	  6.7614581e-001	  2.1170764e-001	
  1.3431268e+000	  7.5345585e-001	  2.0666686e+000	  9.8090469e-001	  1.0709078e+000	  9.8320038e-001	  9.5664358e-001	  1.7460466e+000	  8.0938114e-001	  9.5011330e-001	  1.2249108e+000	
  4.5756183e-002	 -1.0567283e-001	 -2.6364710e-001	 -8.2992158e-001	 -6.5410062e-001	 -1.3426472e+000	 -2.1658235e+000	 -5.5080666e-001	 -7.8193711e-002	 -2.3509388e-001	 -2.4883923e-001	
  1.2981962e+000	  7.4310490e-001	  6.6618330e-001	  1.2624809e+000	 -2.6469999e-001	 -6.0612880e-001	 -1.0243883e-001	  1.2348972e+000	  1.1252053e+000	  5.0785234e-002	  1.5242662e+000	
 -1.7290019e+000	 -1.5548055e+000	 -1.0327661e+000	 -8.2021206e-001	 -8.9429167e-001	 -2.9054876e+000	 -1.5815022e+000	 -1.9382122e+000	 -1.5157383e+000	 -4.1972415e-001	 -1.6995619e+000	
 -1.0044962e+000	  2.9283867e-001	 -1.7272690e+000	 -1.2862692e+000	 -1.2181856e+000	 -3.2831923e-001	 -3.8851282e-001	 -1.0287646e+000	 -1.4231691e+000	 -2.3297540e+000	  1.3111194e-001	
  8.2559947e-004	 -3.0234084e-001	 -3.5548220e-001	  2.2356180e-001	  7.0111766e-002	  3.7589573e-001	  1.3494171e-001	  3.7191763e-001	  4.7046912e-002	 -4.6141485e-001	 -8.3027967e-001	
 -2.1103502e+000	 -1.5651565e+000	 -5.6211118e-001	 -4.7552395e-001	 -5.6311917e-001	 -7.0949980e-001	 -1.0702210e+000	 -1.9382122e+000	 -1.3741619e+000	 -5.0310556e-001	 -1.3023402e+000	
 -2.5190893e-001	  1.3072316e+000	  3.3902076e-001	  1.2646655e-001	  2.8482800e-001	  4.0819917e-001	 -3.5199274e-001	 -3.6493414e-001	  5.2078318e-001	 -3.8398926e-001	  9.0828479e-001	
  1.0753573e-001	  7.2240300e-001	 -1.7272690e+000	 -1.2134478e+000	 -1.7831441e+000	  6.1494118e-001	 -1.7225306e-002	  1.0822162e+000	 -5.5737523e-001	  2.2350387e-001	  6.2619983e-001	
 -6.6190051e-001	 -1.8549830e+000	 -1.7272690e+000	 -1.8202931e+000	 -1.4554653e+000	 -1.6075354e+000	 -9.9109419e-001	 -1.0752327e+000	 -1.9513578e+000	 -2.2844898e+000	 -1.7571303e+000	
 -8.4723916e-001	  4.1705004e-001	 -4.5538731e-002	  5.1970228e-001	 -5.0125178e-001	  1.0155038e+000	  9.1403682e-001	  1.0490247e+000	  2.3763047e-001	  6.7614581e-001	 -1.7400037e-001	
 -3.0807216e-001	  7.6898227e-001	 -8.0317832e-001	 -1.3251073e+000	 -6.6865766e-001	  6.4078393e-001	 -6.6241344e-001	  4.7813050e-001	  1.1238985e-001	 -1.4728730e-002	  1.2249108e+000	
  3.4903762e-001	  9.6170657e-002	 -9.1456282e-002	 -1.4321548e-002	  1.5112580e+000	  1.3685029e-001	  9.8707698e-001	 -2.9855109e-001	  4.8266647e-001	  1.1943017e+000	 -1.8551404e-001	
 -6.6190051e-001	 -8.0436181e-001	 -7.6300046e-001	 -1.6455216e+000	 -1.3637560e+000	  5.2449155e-001	  1.2885503e-001	 -1.6578501e-001	 -1.0420020e+000	 -1.3980084e-001	 -1.2735560e+000	
 -2.0429543e+000	 -1.7048943e+000	 -9.5241036e-001	 -1.7183431e+000	 -6.6501840e-001	 -1.7819740e+000	 -1.7519293e+000	 -1.9382122e+000	 -1.7553290e+000	 -1.2297150e+000	 -1.5959388e+000	
  7.7587816e-001	  8.8801817e-001	 -1.3737383e-001	  3.8376895e-001	  9.5586573e-002	  1.1640996e+000	  7.5578312e-001	  4.4493898e-001	  1.0489719e+000	  5.6894114e-001	  1.0982604e+000	
  1.9216080e+000	  2.0214470e+000	  2.7588412e-001	  6.1679753e-001	  5.0682275e-001	  2.0492138e+000	  6.5230955e-001	  8.8306706e-001	  1.3266794e+000	  3.1284109e-001	  1.7487828e+000	
 -5.5337630e-002	  2.8889496e-002	  8.3837412e-001	  5.8499883e-002	  1.2310351e+000	 -4.4048969e-002	  7.6186980e-001	 -1.3259349e-001	  5.2492157e-002	 -1.1002177e-001	 -6.9211560e-001	
  9.4436785e-001	  8.4661438e-001	  1.1942351e+000	  1.0537261e+000	  8.0524193e-001	  1.2674706e+000	 -2.9721261e-001	  1.4406846e+000	  6.6780478e-001	 -4.6737067e-001	  9.5433948e-001	
 -1.2834983e-001	 -2.5576157e-001	 -8.0891801e-001	 -6.2602157e-001	 -9.8163386e-001	  6.9246943e-001	 -6.9893353e-001	 -4.1140227e-001	 -4.3213460e-001	 -3.2596175e-002	 -7.2665662e-001	
  3.4903762e-001	  1.0134613e-001	  1.7830933e-001	  1.0197428e+000	  1.5949610e+000	 -1.9264479e-001	  1.0601171e+000	 -7.3667917e-001	  7.1681199e-001	 -2.4104970e-001	  1.2191539e+000	
 -1.1842185e+000	 -6.4909759e-001	 -9.1797219e-001	 -5.2892633e-001	 -5.1580881e-001	 -5.2848425e-003	  4.8796918e-001	 -1.2611052e+000	 -8.6230892e-001	 -8.7236609e-001	 -2.8338025e-001	
 -8.1354122e-001	 -3.3339368e-001	 -1.6607230e-001	 -8.2021206e-001	 -7.2324653e-001	 -1.2157722e-001	  5.2448926e-001	 -3.7157244e-001	 -8.8408990e-001	 -5.0310556e-001	 -9.9722791e-001	
 -1.0026821e-001	 -2.2988420e-001	 -1.6228066e+000	 -2.5220489e-001	  2.1568209e-001	  3.7589573e-001	 -8.4178792e-002	  1.1302377e-001	 -1.0528925e+000	 -7.5324979e-001	 -6.4606092e-001	
 -3.2872338e-002	  7.0293287e-002	  6.8914208e-001	  2.7696418e-001	  8.4668798e-002	  1.0607286e+000	  8.6248263e-002	  6.9055624e-001	  1.1252053e+000	  1.5397390e+000	  1.0809899e+000	
  1.0117637e+000	  1.4274992e-001	  9.0151075e-001	  1.4663809e+000	  1.5258151e+000	 -6.9891720e-002	  8.2273661e-001	  1.2282589e+000	  1.3647961e+000	  8.6077607e-001	  1.1443151e+000	
  2.0301322e-001	  8.2591248e-001	 -1.3163414e-001	  1.5074036e-001	  1.9748580e-001	  3.9939971e-002	  7.1214162e-003	  1.1021311e+000	  1.0870886e+000	  1.9685577e+000	  1.3745885e+000	
  5.3437628e-001	 -7.2155422e-001	 -1.6840262e-002	  5.2455705e-001	  5.9416495e-001	  1.5623235e-001	  1.2427176e+000	 -3.3174262e-001	  3.6156423e-002	 -1.0272173e+000	 -1.6304799e+000	
 -1.7889673e-001	 -7.3190517e-001	 -1.7181200e-001	 -1.4027835e+000	 -4.3210587e-001	 -9.7438800e-001	 -1.1461219e-001	 -3.5829583e-001	 -4.5522244e-002	  1.3789320e+000	  2.7488892e-002	
 -2.2944364e-001	  2.2038203e-001	  3.0458259e-001	 -1.2598108e-001	  2.6663171e-001	  9.8086161e-002	  4.2710237e-001	  1.0623013e+000	 -4.3757985e-001	  6.8210162e-001	  1.7140979e-001	
 -1.1729859e+000	 -4.4207863e-001	 -1.2525963e+000	 -9.7070968e-001	 -1.7207672e+000	 -6.5135361e-001	 -3.3981937e-001	  5.9917334e-002	 -9.0587087e-001	 -1.1284661e+000	  6.2619983e-001	
 -2.4629261e-001	  1.1312654e+000	  1.1770161e+000	  2.9152847e-001	 -2.5378222e-001	  9.3797556e-001	  9.4447022e-001	  5.4451354e-001	  6.1879758e-001	  1.3491529e+000	  3.9016956e-001	
 -1.0213452e+000	 -5.4041264e-001	 -1.0844233e+000	 -1.9717616e+000	 -1.0980901e+000	  8.2168318e-001	 -1.4504560e-001	 -2.0561484e-001	 -1.1018997e+000	  4.1408995e-001	 -8.0725232e-001	
  8.6012301e-001	 -6.4909759e-001	 -6.6542566e-001	  1.7501417e-001	 -6.9049321e-001	 -6.8365705e-001	 -1.3197749e+000	 -4.9106192e-001	  6.3382646e-002	 -5.2692882e-001	 -2.3732556e-001	
 -1.8694099e+000	 -2.3207757e+000	 -1.6136231e+000	 -2.2183835e+000	 -1.6417953e+000	 -1.2521976e+000	 -1.7336692e+000	 -1.8154036e+000	 -2.5122180e+000	 -2.6531548e+000	 -2.3846254e+000	
 -6.1135360e-001	  4.6362931e-001	 -1.0098073e+000	  6.3136181e-001	 -1.8099705e-001	 -4.3815092e-001	  2.3841528e-001	  1.5949190e-001	 -1.9602880e-003	  7.4608494e-002	  4.5925159e-001	
  1.2308003e+000	  3.6011983e-001	 -7.8595924e-001	 -1.5510965e-001	 -6.3590433e-001	 -1.9264479e-001	 -4.0068618e-001	 -4.3795548e-001	 -2.1432482e-001	 -1.1999359e+000	 -4.7911267e-001	
 -2.5752525e-001	 -6.0251832e-001	  1.2803305e+000	  1.4857999e+000	  1.0454330e+000	 -1.3038831e+000	  7.6795648e-001	  1.7259591e-004	 -5.4103949e-001	 -5.0463620e-002	  8.1041858e-001	
  2.7602542e-001	  6.4994637e-001	  3.5623984e-001	  2.0899751e-001	 -4.2118810e-001	  6.7954805e-001	  3.9058229e-001	  3.7855594e-001	  3.2475438e-001	  3.4857598e-001	 -3.3519177e-001	
  2.6479278e-001	  8.2073701e-001	  1.6682994e-001	 -5.3863586e-001	 -2.1738963e-001	  9.1213281e-001	  3.2362880e-001	  1.3449204e-002	  3.4109012e-001	  1.9372479e-001	  2.2322131e-001	
  2.7602542e-001	 -3.3339368e-001	  7.3505963e-001	  3.7405942e-001	  1.1691678e+000	  6.9246943e-001	  2.1406855e-001	 -8.5616865e-001	  3.2475438e-001	 -1.0406596e-001	 -1.2808960e-002	
  4.1643350e-001	  1.1571428e+000	  1.7050679e+000	  1.2527714e+000	  1.3474914e+000	  9.5735763e-001	  1.3522778e+000	  5.5779015e-001	  1.5553796e+000	 -9.2154325e-002	  1.0982604e+000	
 -6.9559844e-001	 -1.9365588e-001	 -1.3237685e+000	 -8.3963111e-001	 -7.5599985e-001	  2.7018596e-002	 -4.6155299e-001	  3.5200272e-001	 -8.5141843e-001	 -9.2154325e-002	 -8.8209119e-001	
  5.6245789e-001	  8.2073701e-001	 -5.3608740e-003	  3.1094751e-001	  1.3620484e+000	  4.5988467e-001	  1.5774850e+000	  8.1668402e-001	  2.2129474e-001	  1.4980483e+000	 -1.5097302e-001	
  1.3712084e+000	  7.8968416e-001	  1.2229336e+000	  1.2576261e+000	  3.5033465e-001	  4.9218811e-001	 -3.3981937e-001	  1.2630038e-001	  1.6969560e+000	  4.0813413e-001	  8.9101429e-001	
  1.2251840e+000	  3.0121258e-003	  1.1081397e+000	  7.0903801e-001	  1.3729662e+000	  1.8853579e-001	  1.5166182e+000	  1.9932172e-001	  9.1828603e-001	  7.5952722e-001	  8.9101429e-001	
 -1.3414756e+000	 -2.0464756e+000	 -4.5879669e-001	 -9.7070968e-001	 -1.5792001e+000	 -1.6850636e+000	 -1.2710815e+000	 -9.7565813e-001	 -1.2598118e+000	 -5.4479626e-001	  1.9443713e-001	
 -1.2628471e+000	 -9.9067887e-001	 -8.4909587e-001	 -2.0644876e+000	 -1.6468903e+000	 -3.6708335e-001	 -1.3562950e+000	 -9.1591339e-001	 -1.2108046e+000	 -2.0593600e+000	 -9.3965955e-001	
  6.8601700e-001	  1.0432824e+000	  1.9633541e+000	  1.6265880e+000	  1.0672685e+000	  1.6034264e+000	  9.8707698e-001	  3.5200272e-001	  8.1482639e-001	  5.6894114e-001	  1.1212877e+000	
  8.2559947e-004	  8.0003511e-001	  9.9908555e-001	  2.0899751e-001	  8.3435599e-001	  4.2758123e-001	  7.5578312e-001	  2.2173662e+000	  9.0195030e-001	  3.7835506e-001	  3.9016956e-001	
 -4.8217817e-001	 -2.2865244e-002	  9.7038708e-001	  1.0634356e+000	  1.5221758e+000	  1.1576389e+000	  1.9183391e+000	 -1.5250840e-001	  1.1783509e-001	  3.4857598e-001	 -6.1151990e-001	
