  4.3570600e-001	  7.9941054e-001	 -1.8822738e-001	 -6.8074264e-001	 -2.7974551e-001	  1.6621635e-001	  3.6612085e-001	  1.5681019e-001	 -2.8628868e-001	 -5.6157754e-001	  3.8781432e-001	
  7.5508235e-001	  7.1764112e-001	 -2.4005463e-001	  2.0167087e-001	  4.6320532e-001	  4.9385300e-001	  7.5186353e-001	  5.4853265e-001	  8.3749174e-001	  1.1268255e+000	  6.7762081e-001	
 -8.9289964e-001	 -1.8727377e-001	 -9.7139479e-001	  8.5475658e-001	 -5.6903611e-001	  6.1651458e-002	 -3.0892883e-001	 -3.5316809e-001	 -2.1886186e-001	  1.2579604e-001	 -6.6495213e-001	
  9.9780838e-001	  1.5615778e-001	  7.7921472e-001	  1.3433245e+000	  1.1436957e+000	 -1.2210112e+000	  7.5753621e-001	  6.5200650e-001	  9.9482100e-001	  1.2579604e-001	 -4.9852631e-002	
  1.8659244e-001	  3.0778009e-002	 -3.7826065e-001	 -3.8660480e-001	 -9.1749977e-001	  6.3327285e-001	  1.4414296e-002	 -1.5361137e-001	 -2.4695637e-001	 -1.4114516e-001	 -4.0471773e-001	
  5.8900665e-001	  1.2137089e+000	  1.2802115e+000	  1.3782222e+000	  5.9470105e-001	  1.6719507e+000	  5.8168294e-001	  5.4853265e-001	  1.3038606e+000	  9.2661962e-001	  1.1980896e+000	
  4.4209353e-001	  1.7251167e-001	 -1.6624249e+000	 -1.1194567e+000	 -1.4270457e+000	 -8.4457758e-001	 -6.8899882e-001	 -1.1292220e+000	 -1.2021697e+000	 -2.7461575e-001	 -1.7177186e+000	
  1.2271717e-001	 -1.9817636e-001	  4.1642393e-001	  1.1239675e+000	  1.6076516e-001	 -6.7030276e-001	  1.1084996e-001	 -9.4444727e-001	 -1.3457832e-001	  1.7918428e-001	 -5.2300609e-001	
 -2.4775940e-001	  3.5240439e-001	 -1.3537648e+000	 -1.5631562e+000	 -1.6591357e+000	  7.4480873e-001	 -7.4005299e-001	 -5.7915795e-003	 -7.1894414e-001	  1.0577545e-001	 -1.3273670e+000	
 -5.4797317e-001	 -9.0139336e-001	 -6.7770701e-001	 -3.1182400e-001	 -6.0848482e-001	 -1.2419242e+000	 -8.1379792e-001	 -3.3099513e-001	  1.7446129e-001	  1.3914310e-001	  6.4213430e-001	
 -1.3917144e-001	  1.9875420e-002	  5.3159561e-001	  1.1239675e+000	  2.5982043e-002	  2.7775223e-001	  1.5623146e-001	  4.6723176e-001	  6.4083017e-001	 -2.6126869e-001	  1.9433063e+000	
  9.5948322e-001	  5.7045617e-001	  1.1592813e+000	  9.7440587e-001	  1.2949158e+000	 -3.9843405e-001	  2.6968518e-001	 -3.2360414e-001	  2.4750702e-001	  5.4622842e-001	  6.9536407e-001	
  1.1447215e+000	  5.8681005e-001	  6.4676729e-001	  8.7469813e-001	  3.1198524e-001	 -7.2607070e-001	  3.8881160e-001	 -2.4969424e-001	  1.4949033e+000	 -4.0141282e-001	  1.5123759e-001	
 -1.9340666e+000	 -1.8008570e+000	 -6.1538531e-002	 -4.0156096e-001	 -5.2958739e-001	 -7.3304170e-001	 -8.2764494e-003	 -1.2326959e+000	 -1.2021697e+000	 -1.0087040e+000	 -8.4238467e-001	
  1.1632964e-001	 -1.6546859e-001	  7.6667483e-002	  7.6501961e-001	  2.9226088e-001	 -2.0324626e-001	  8.7416097e-003	 -2.7186721e-001	  3.2617165e-001	 -6.7736328e-002	  3.2275572e-001	
  1.1319465e+000	  7.2854371e-001	 -5.1070808e-001	  3.9111558e-001	 -1.1866325e-001	  1.6231538e+000	  3.2641205e-001	  1.3245866e+000	  5.0597652e-001	 -1.4114516e-001	  1.7489526e-001	
  6.1455676e-001	  4.1236863e-001	  1.0153167e+000	  1.5277838e+000	  1.3606636e+000	  4.3808506e-001	  1.6878568e+000	 -6.2663471e-001	  1.6971838e+000	 -6.4833342e-001	  2.7034806e-002	
  5.8841900e-002	  1.3772478e+000	  5.2583703e-001	  3.7615942e-001	 -4.6055213e-001	  6.9601178e-001	  1.9026757e-001	  1.1324208e+000	  6.8016248e-001	  5.7292254e-001	  1.4938105e+000	
  5.2513138e-001	  6.9038465e-001	 -1.2535654e+000	 -4.4642945e-001	 -1.2659634e+000	  9.3302553e-001	 -5.3657941e-002	  5.1157770e-001	  2.3626921e-001	  5.5957548e-001	  3.0501246e-001	
  1.4066101e+000	  4.2872251e-001	 -2.0550313e-001	 -8.7517274e-001	 -1.1147434e+000	 -6.7030276e-001	  1.9594026e-001	  2.2632423e+000	  1.0004399e+000	  1.2669696e+000	  1.2986347e+000	
 -5.5436070e-001	  2.5973238e-001	 -6.2012117e-001	 -8.1534809e-001	 -3.4220598e-001	 -6.4938979e-001	  5.9302831e-001	 -1.3361697e+000	 -1.1347429e+000	  1.7918428e-001	 -1.0848758e+000	
  6.2094428e-001	 -1.9297583e-003	  5.0856128e-001	  2.9639323e-001	  4.9607925e-001	  1.9825503e-002	  4.2284772e-001	  4.5945348e-002	  6.7702151e-002	 -5.7492460e-001	  8.3731010e-001	
  1.5024230e+000	  8.3211831e-001	 -5.9132825e-001	 -3.1680938e-001	 -1.3838761e-001	  2.4986826e-001	  1.2850960e+000	  2.3593251e+000	  7.3635150e-001	  1.4938697e+000	  4.5287292e-001	
 -3.3079725e-001	 -1.9817636e-001	  1.4126589e+000	  2.0665626e-001	  4.4019357e-001	  1.1421553e+000	 -7.0676000e-002	  2.6028405e-001	  9.4986978e-001	  3.7271664e-001	  1.2631482e+000	
 -1.7232782e+000	 -9.7771148e-001	 -1.5766220e+000	 -2.0816364e+000	 -1.6660392e+000	 -5.7967986e-001	 -1.1598318e+000	 -1.4174706e+000	 -1.2695965e+000	 -1.8028541e+000	 -1.7354618e+000	
  1.4768729e+000	  4.9413805e-001	  6.8131879e-001	 -1.6226238e-001	  4.9936665e-001	  6.5418583e-001	  1.1829877e+000	  5.3375067e-001	  3.7112286e-001	  1.3203579e+000	  8.3139569e-001	
 -6.1823597e-001	  7.0128724e-001	  1.9081644e-002	  1.3084268e+000	  3.9745746e-001	  9.3999652e-001	  5.5331950e-001	 -3.1621315e-001	 -3.7057221e-001	 -1.1955629e+000	  1.5205969e-002	
  1.9936750e-001	  2.3247591e-001	 -2.2277888e-001	  5.1575026e-001	 -1.6468676e-001	  6.8904079e-001	  4.0582966e-001	  2.8984801e-001	 -7.0208744e-001	 -6.7502754e-001	  8.0264570e-002	
 -8.1624931e-001	 -7.2150064e-001	 -6.1436259e-001	 -1.3537699e+000	 -9.5366110e-001	 -4.0540505e-001	 -1.5058657e+000	 -7.0054461e-001	 -1.1403618e+000	 -1.3757482e+000	 -4.0471773e-001	
 -1.3917144e-001	 -3.0720225e-001	 -3.8977781e-001	 -7.6549422e-001	 -8.8462584e-001	 -6.9818673e-001	 -5.9330627e-002	 -1.4174706e+000	 -5.3913928e-001	 -1.4958717e+000	  1.0857157e+000	
 -8.9289964e-001	  3.5215363e-003	 -6.0860400e-001	 -1.9716009e-001	 -7.7285448e-001	 -6.4241879e-001	 -1.3413578e+000	 -3.9751403e-001	 -8.7627340e-001	 -5.4823048e-001	 -1.0198172e+000	
  1.2149843e+000	 -9.4601766e-002	  1.8058919e-003	  1.0694852e-001	  1.3117862e-001	 -8.0275162e-001	  4.8450414e-002	  1.3689325e+000	  7.1949480e-001	  1.5939726e+000	  2.2812503e-001	
  4.0376836e-001	  9.8475455e-001	  3.5883809e-001	  7.0020958e-001	  8.4783031e-001	  6.0538888e-001	  3.2073936e-001	  1.2950226e+000	  8.3749174e-001	  1.9209756e+000	  4.4695850e-001	
 -4.4577274e-001	  1.6116534e+000	 -2.4581322e-001	 -1.0446759e+000	 -1.3777348e+000	  1.3861401e+000	 -9.7830582e-001	  3.5636692e-001	  5.9587895e-001	  5.5957548e-001	  4.3512966e-001	
 -9.5677491e-001	 -1.5119383e+000	 -1.0059463e+000	 -1.5332438e+000	 -1.7368496e+000	 -1.6044158e+000	 -1.6420101e+000	 -1.9991415e+000	 -1.1515996e+000	 -1.4691776e+000	 -5.5849260e-001	
  7.6146988e-001	  2.5428109e-001	 -5.5779947e-002	  3.1134939e-001	  7.7879506e-001	  2.0107131e-001	  7.1782741e-001	  6.7417947e-001	  7.0263809e-001	  5.6624901e-001	  4.8835943e-001	
  1.4129976e+000	  8.2121572e-001	  8.2528339e-001	  1.5975793e+000	  4.3361879e-001	 -3.0781115e-001	 -6.2659927e-001	  5.4114166e-001	  5.6778444e-001	  1.5472579e+000	  1.9078198e+000	
 -1.8446412e+000	 -2.1551911e+000	 -1.8179066e+000	 -1.2540622e+000	 -1.6469723e+000	 -2.8738335e+000	 -3.1855481e+000	 -2.1635171e+000	 -1.6348252e+000	 -1.8162011e+000	 -1.5402860e+000	
  4.0376836e-001	  1.4481146e+000	  1.5681407e+000	  9.6443509e-001	  6.1113801e-001	  9.0514156e-001	  3.0689233e-003	  1.6420118e-001	  7.4197040e-001	  1.1001314e+000	  8.9053987e-001	
 -6.7572372e-001	 -7.9781876e-001	 -1.4568434e+000	 -9.9980741e-001	 -1.0457081e+000	  2.9866521e-001	 -4.7985254e-002	  3.6375790e-001	 -1.1909319e+000	 -9.0192756e-001	 -1.1499344e+000	
  9.8503333e-001	 -3.4637526e-002	  1.1477641e+000	  4.7088177e-001	  6.1113801e-001	  1.6621635e-001	  2.9804862e-001	  1.4941920e-001	 -5.2790147e-001	  1.3537255e+000	 -4.0471773e-001	
  1.1127839e+000	  1.4644685e+000	  1.4241761e+000	  2.0665626e-001	  1.5283207e+000	  1.8810805e+000	  1.2340419e+000	  3.7114889e-001	  1.1296746e+000	  1.0467432e+000	  4.7061617e-001	
 -1.6977281e+000	 -2.0625191e+000	 -1.8179066e+000	 -2.2411688e+000	 -1.6210019e+000	 -1.4231700e+000	 -1.3697212e+000	 -9.0010133e-001	 -1.8764380e+000	 -1.4358099e+000	 -4.2837540e-001	
  2.7601782e-001	  7.7215407e-001	  8.8286923e-001	  9.0959584e-001	  1.2982032e+000	  8.9535429e-002	  3.3208473e-001	  9.1808213e-001	  3.5426616e-001	 -1.8785987e-001	 -1.2445651e+000	
  1.3427348e+000	  9.9020585e-001	  3.3580376e-001	 -6.2590338e-001	  1.7720212e-001	  7.3783774e-001	  8.3695382e-001	  1.6719631e+000	  1.2589094e+000	  1.0067020e+000	  1.1093733e+000	
 -9.0567469e-001	  1.9976814e-001	 -5.2798383e-001	 -5.1622487e-001	  6.2576842e-003	 -9.8681371e-002	 -7.0601688e-001	  3.9332186e-001	 -3.4247770e-001	 -6.9504813e-001	  9.8517056e-001	
  1.3541557e-003	 -2.1453025e-001	  2.2063208e-001	  5.6560413e-001	  1.2817662e+000	  5.9144690e-001	  2.0509087e+000	 -1.3882939e-001	  1.2251960e+000	 -3.3467752e-001	  2.8135479e-001	
  5.8841900e-002	 -5.1980274e-001	 -1.1383937e+000	 -6.1094722e-001	 -7.4326794e-001	 -1.0606783e+000	 -1.1598318e+000	 -1.1292220e+000	 -1.1459807e+000	 -1.3423805e+000	 -5.6440702e-001	
  9.2754559e-001	  1.0338162e+000	  1.0556267e+000	  1.1937629e+000	  1.1371209e+000	  7.3086675e-001	  1.2510599e+000	  5.7070562e-001	  8.5434845e-001	  8.1316961e-001	  1.2868059e+000	
  1.3682850e+000	  1.0229136e+000	  6.6980162e-001	  9.9933280e-001	  1.0089126e+000	 -5.8665085e-001	  5.4197413e-001	  1.7237000e+000	  1.2589094e+000	  1.9476697e+000	  6.5987756e-001	
  6.2733181e-001	  4.6688157e-001	  1.4760034e+000	  1.5925939e+000	  1.5217459e+000	  3.1260719e-001	  3.0372130e-001	  2.6767504e-001	  9.8920210e-001	  3.7939017e-001	 -1.3856890e-001	
 -5.8629834e-001	  4.7778416e-001	  1.6084508e+000	  1.5078423e+000	  1.2258805e+000	  1.0933584e+000	  9.9578904e-001	  5.3375067e-001	  4.8350091e-001	 -3.4802458e-001	  9.2093406e-002	
  1.0361335e+000	  1.1046830e+000	  6.6980162e-001	  5.9053106e-001	  9.1029078e-001	 -1.6839130e-001	  4.0015697e-001	  1.0289470e+000	  6.1835456e-001	 -1.1445104e-001	  1.4464952e+000	
  8.6367031e-001	  1.7043254e+000	  1.0671439e+000	  1.1691929e-001	  1.0352117e+000	  1.4558500e+000	  1.0978974e+000	  5.6331463e-001	  9.8920210e-001	  7.2407799e-002	 -6.1681468e-002	
  8.5089526e-001	  6.9038465e-001	  2.1382405e+000	  1.1189821e+000	  8.8727903e-001	 -1.6839130e-001	  2.8670324e-001	  4.5945348e-002	  1.2364338e+000	  1.0867843e+000	  6.0073337e-001	
 -5.4797317e-001	  4.1781992e-001	  5.6614711e-001	  5.3569181e-001	  7.4263374e-001	  4.3111407e-001	  3.1432355e-002	  1.6381390e-002	  1.2701472e+000	  3.5269605e-001	  8.3731010e-001	
 -1.1362133e-001	 -3.7806908e-001	 -1.0184862e-001	 -4.8631254e-001	 -3.3891859e-001	  5.7750491e-001	  2.4132175e-001	 -3.0882216e-001	 -5.1104477e-001	  1.0577545e-001	 -3.8697447e-001	
  7.9979504e-001	  2.3792720e-001	  4.3369968e-001	  2.3158319e-001	  1.2225931e+000	  7.0995377e-001	  2.5833981e-001	 -5.1576987e-001	 -3.5371551e-001	 -6.5500695e-001	 -5.7032144e-001	
  4.6125611e-001	  3.4150180e-001	  1.9183916e-001	  1.7674394e-001	  1.1634201e+000	  8.9535429e-002	  4.1150234e-001	 -3.0143117e-001	 -1.7391064e-001	  4.1275782e-001	  2.9909804e-001	
  1.0936213e+000	  1.0011084e+000	 -1.7095163e-001	 -5.2583869e-002	 -4.2110342e-001	  1.3164301e+000	  3.0372130e-001	  7.2591640e-001	  1.1296746e+000	  1.3070108e+000	  7.3676499e-001	
 -5.4797317e-001	 -1.5119383e+000	 -1.8179066e+000	 -1.6030392e+000	 -1.4526874e+000	 -5.0996993e-001	 -1.2562675e+000	 -1.3066058e+000	 -1.4662581e+000	 -1.8962835e+000	 -1.5343716e+000	
  1.5465481e-001	  3.8511215e-001	  1.1650398e+000	  5.7058952e-001	  9.9905040e-001	  4.7294002e-001	  1.1262608e+000	  2.1593811e-001	  2.6998263e-001	  6.1963725e-001	 -3.6331680e-001	
 -9.3122480e-001	  1.8886555e-001	 -2.0550313e-001	  7.0020958e-001	  2.0021388e-001	 -1.6322997e+000	 -5.9256315e-001	 -1.5601167e+000	  9.0177760e-002	 -4.4812753e-001	 -8.6012793e-001	
 -2.2859682e-001	 -7.2796587e-002	 -4.9343232e-001	 -1.2490768e+000	 -1.7548448e+000	 -8.0584674e-003	 -9.8965120e-001	 -7.9662748e-001	 -4.3799904e-001	 -8.2184520e-001	 -7.5366840e-001	
 -2.3390358e+000	 -2.2315092e+000	 -1.5374636e+000	 -2.1763588e+000	 -1.6778738e+000	 -1.0049104e+000	 -1.6476828e+000	 -1.4174706e+000	 -2.5169928e+000	 -1.7561394e+000	 -2.0063422e+000	
 -2.9752335e+000	 -2.4277558e+000	 -1.8179066e+000	 -2.2024822e+000	 -9.7996024e-001	 -2.0784433e+000	 -2.3908047e+000	 -2.2304795e+000	 -2.3770822e+000	 -3.1976218e+000	 -2.5812236e+000	
 -1.0781379e+000	 -1.9207854e+000	 -1.7635456e+000	 -1.0795736e+000	 -7.0381922e-001	 -2.5803547e+000	 -1.4775022e+000	 -1.2992148e+000	 -1.2695965e+000	 -4.2143341e-001	 -2.2695338e+000	
 -2.9752335e+000	 -3.2241900e+000	 -1.8179066e+000	 -2.2411688e+000	 -1.2922626e+000	 -2.7211688e+000	 -2.7878928e+000	 -1.2992148e+000	 -2.5169928e+000	 -1.9897129e+000	 -2.3328181e+000	
  4.7403116e-001	 -5.4160792e-001	  9.3469648e-001	  4.4595484e-001	  1.0746604e+000	 -7.7768393e-002	  1.0128071e+000	  7.9982630e-001	  1.2251960e+000	  1.3136844e+000	  1.0561436e+000	
 -2.6929048e+000	 -3.0137700e+000	 -1.8179066e+000	 -1.2989306e+000	 -1.4490712e+000	 -2.9156595e+000	 -2.3624413e+000	 -2.2304795e+000	 -2.3529209e+000	 -2.0497747e+000	 -2.5812236e+000	
 -3.0524715e-001	  1.3717965e+000	  6.2373295e-001	 -1.9716009e-001	  2.1993823e-001	  4.1717208e-001	 -4.6776405e-001	  3.4158494e-001	 -6.7151499e-002	  7.3308725e-001	  1.4532317e-001	
  9.8503333e-001	  5.3229711e-001	 -5.2222524e-001	 -8.6520196e-001	 -3.6044950e-003	  2.0344424e+000	 -1.0974322e+000	  1.7606550e+000	 -3.5933441e-001	  8.7990491e-001	  6.8944965e-001	
 -1.7110908e-001	 -3.6171520e-001	 -3.2067481e-001	  1.3383391e+000	 -6.2492179e-001	 -3.0781115e-001	  1.3354071e-001	  9.5503708e-001	  9.6110759e-001	  8.8657844e-001	  8.1956685e-001	
 -1.4555897e-001	  4.8323546e-001	  8.1376622e-001	  6.0548722e-001	  8.9056642e-001	  4.6596903e-001	  2.0086983e-002	 -8.4097341e-001	  5.0035761e-001	  3.0598134e-001	  9.8517056e-001	
  1.0552961e+000	  9.9565714e-001	  1.6314851e+000	  2.3158319e-001	  1.3508015e+000	  4.3111407e-001	  5.9870099e-001	  1.3393685e+000	  9.3301308e-001	  9.4664021e-001	  1.3932654e+000	
  1.5465481e-001	  4.7131893e-002	  6.4100871e-001	  5.5563335e-001	  4.3033139e-001	 -2.1021725e-001	  7.0080935e-001	 -1.0553121e+000	  4.2169298e-001	 -7.6745593e-003	 -1.3096237e+000	
  2.2491760e-001	 -1.2832347e-002	 -1.4556917e+000	 -1.0745882e+000	 -9.8982242e-001	  2.9866521e-001	  6.2139174e-001	  5.5592364e-001	 -9.8303254e-001	  9.7333433e-001	  4.5287292e-001	
  2.0575502e-001	  9.4659549e-001	  9.9804091e-001	  1.1289529e+000	  1.1206839e+000	  8.4240263e-001	  1.7162202e+000	  1.5463163e+000	  8.0377833e-001	  8.3319020e-001	 -2.5372854e-003	
  1.1063963e+000	  8.4847219e-001	  4.5673402e-001	  3.9610097e-001	  1.4264115e+000	 -3.8449207e-001	  8.9935337e-001	 -2.4230325e-001	  7.4197040e-001	 -3.9473929e-001	  7.7225150e-001	
  1.0808462e+000	  5.4319970e-001	  1.5278306e+000	  1.3034414e+000	  1.0122000e+000	  5.7750491e-001	  1.1084996e-001	  1.2358947e+000	  1.5623301e+000	  8.1984314e-001	  1.3045491e+000	
 -1.0589753e+000	  1.2345002e-001	 -8.1591302e-001	 -8.2531886e-001	 -8.1230319e-001	  9.7485149e-001	  4.0015697e-001	 -1.1665642e-001	 -1.3145478e+000	 -6.2831284e-001	 -5.3483493e-001	
 -7.5237404e-001	 -5.9066957e-001	 -6.4891409e-001	 -1.8220393e-001	 -5.6202784e-002	 -3.0781115e-001	  6.7811860e-001	 -3.2360414e-001	 -4.3238014e-001	 -1.8785987e-001	 -1.6814100e-001	
 -6.2521115e-002	 -2.8539707e-001	 -3.6098489e-001	  1.7175855e-001	  1.1802905e-001	 -1.0746203e+000	 -2.2951122e-001	 -1.1440040e+000	  8.9368076e-001	 -2.7461575e-001	 -5.8215027e-001	
 -3.8189747e-001	 -9.0684465e-001	  4.7400977e-001	  7.6501961e-001	  1.4527106e+000	 -6.6333177e-001	  1.7048748e+000	  3.4897593e-001	 -1.0086491e-001	 -7.2841578e-001	  1.5123759e-001	
 -2.0943424e-001	 -1.2832347e-002	 -1.1383937e+000	 -1.1593398e+000	 -1.7179800e+000	  1.2854510e-002	 -8.2021373e-002	  1.4202821e-001	  1.3512898e-001	  5.1286077e-001	  2.7034806e-002	
 -9.4458751e-002	 -6.0702345e-001	  8.5983489e-001	  1.1588652e+000	  1.4362737e+000	  2.4289727e-001	 -2.0682047e-001	  5.3336338e-002	 -6.3466061e-001	 -1.2889923e+000	 -1.5876014e+000	
  2.1214255e-001	  3.5240439e-001	 -1.2512620e+000	 -9.9482202e-001	 -6.2820918e-001	  2.9866521e-001	 -1.5576630e-001	  9.1808213e-001	 -1.1628374e+000	 -3.5469811e-001	  2.2812503e-001	
 -4.5854780e-001	 -6.0702345e-001	  1.2168671e+000	  1.2535875e+000	  1.4296989e+000	  6.1235987e-001	  1.0581886e+000	 -1.2179139e+000	  6.4644907e-001	 -6.1496578e-001	 -3.9288889e-001	
  4.2931847e-001	  3.8511215e-001	  8.2426067e-002	 -3.4672171e-001	  1.3117862e-001	  4.7991101e-001	  3.5477548e-001	  4.5984077e-001	  2.9807714e-001	  9.2428388e-002	  3.2949224e-002	
 -1.0845255e+000	 -1.7299901e+000	 -1.1038422e+000	 -1.1244421e+000	 -1.2758256e+000	 -1.4998509e+000	 -2.3964774e+000	 -1.3657337e+000	 -1.0560783e+000	 -9.6866286e-001	 -1.0198172e+000	
  1.0233585e+000	  9.6193544e-002	  2.5518358e-001	  7.7499038e-001	 -1.1866325e-001	  5.7053392e-001	  9.3338949e-001	 -1.3882939e-001	  3.9607641e-002	  8.5988432e-001	  7.4267941e-001	
  3.9738084e-001	 -1.6546859e-001	  3.0125225e-001	  1.6677316e-001	 -6.4135875e-001	  5.8447590e-001	  7.7455427e-001	  1.4058875e+000	  4.5226543e-002	  8.3986373e-001	  5.3567477e-001	
  5.9539418e-001	 -1.0005306e-001	  4.1066535e-001	  9.4947893e-001	  4.7635490e-001	  1.9577614e+000	  2.8103056e-001	  3.1163369e-002	  6.1273566e-001	  5.1286077e-001	  8.8462545e-001	
 -4.2022263e-001	 -2.9629966e-001	 -4.3584648e-001	 -1.0945298e+000	 -9.9310981e-001	  2.5683925e-001	 -6.3794464e-001	  6.0727328e-002	 -7.8637097e-001	 -6.0829225e-001	 -1.2674007e-001	
  4.8041869e-001	  3.5240439e-001	  1.7869669e+000	  7.6501961e-001	  1.4954468e+000	 -2.9386916e-001	  4.9659264e-001	  1.3245866e+000	  4.2731189e-001	  9.1994609e-001	  2.9318363e-001	
  3.9679318e-002	  1.4525519e-001	  1.1697757e-001	  5.5563335e-001	  6.2576842e-003	 -2.2000453e-002	  2.5266712e-001	  1.2724623e-001	  8.0377833e-001	  1.3804196e+000	 -9.1253559e-002	
 -7.4598652e-001	 -4.0532555e-001	  6.5150315e-002	  2.4155397e-001	  6.7031109e-001	  3.9625910e-001	  5.4197413e-001	 -3.1621315e-001	 -4.7733135e-001	  2.4591957e-001	  2.1120388e-002	
 -2.9247209e-001	  6.7403077e-001	  1.3896246e+000	  1.1189821e+000	  8.8070425e-001	  8.1451866e-001	  3.0372130e-001	  3.6375790e-001	  1.0510100e+000	 -3.4135105e-001	  1.1389454e+000	
 -2.2726055e+000	 -2.3405351e+000	 -6.4315551e-001	 -1.1344129e+000	 -1.2692508e+000	 -1.2767791e+000	 -1.9766986e+000	 -1.9030586e+000	 -1.7809166e+000	 -1.0087040e+000	 -1.6112590e+000	
  9.2754559e-001	  2.9789144e-001	 -1.0117049e+000	 -6.6578648e-001	 -1.6173858e+000	  5.9144690e-001	  2.8670324e-001	  6.4461551e-001	 -6.4589842e-001	  5.7292254e-001	  7.7225150e-001	
