  5.5965946e-001	  8.4872480e-001	 -1.3190048e-001	 -8.1609371e-001	 -6.8730178e-001	  1.1533108e+000	  2.6282464e-001	  4.6881614e-001	 -3.2571030e-001	  6.3762944e-001	  4.0754713e-001	
 -9.1815746e-001	 -8.8294255e-001	 -8.4830773e-001	 -7.7368447e-001	 -1.3403553e+000	 -1.0196150e+000	  1.4749757e-001	 -1.8572115e-001	 -7.1934137e-001	  6.9816580e-001	 -2.2662646e-001	
 -7.9075945e-001	  3.8837303e-002	 -3.7652734e-001	  3.3838002e-001	 -1.3523593e-001	  4.8471822e-001	  3.2625453e-001	 -3.7599362e-001	 -1.3721092e-001	 -5.2485021e-002	  1.2281613e-001	
  1.4387057e+000	  7.3683245e-001	  5.7868233e-001	  1.2007012e+000	  9.7562826e-001	 -2.3736172e-001	  8.6252544e-001	  3.0898727e-001	  3.2849344e-001	  1.5396212e+000	  8.9935522e-001	
  1.2650622e-001	  1.0138992e+000	  7.0682021e-001	  8.9441227e-001	  1.6993731e+000	  4.8471822e-001	  1.3019850e-001	  4.3837255e-001	  1.9543505e-001	  2.9257221e-001	 -3.7546312e-001	
  1.1902796e+000	  1.5307353e+000	  2.1920548e+000	  1.4645809e+000	  1.5916530e+000	  6.2512266e-001	  6.2610493e-001	  1.2527387e+000	  7.9419780e-001	  6.3157581e-001	  1.1711439e+000	
  1.6472563e-001	  6.8887859e-001	  3.4570436e-001	  6.8236607e-001	  3.2930727e-001	  1.1934263e+000	  5.1654421e-001	  1.0349300e-001	  1.1767407e+000	  1.4728496e-001	  3.0400858e-001	
 -7.9712935e-001	 -8.5630151e-001	 -1.4144442e+000	 -1.1930647e+000	 -1.3437215e+000	  1.3705010e-001	 -7.3475457e-001	 -2.7705194e-001	 -4.6431279e-001	  7.4641328e-002	  1.6811424e-001	
 -6.9521094e-001	 -6.5915785e-001	 -1.8209907e+000	 -2.0454904e+000	 -1.0575898e+000	 -1.5544890e+000	 -3.3687616e-001	 -8.6779468e-002	 -1.2183103e+000	  3.4100130e-001	  2.4576815e-001	
  1.9610376e+000	  9.8192998e-001	  2.7581097e-001	  1.3232168e+000	  6.3227024e-001	  1.7082426e+000	  5.7997410e-001	  1.6637273e+000	  5.9461022e-001	  1.0129549e+000	 -1.2955908e-001	
  3.7327617e-002	  1.1098070e+000	  6.6604907e-001	  7.9545738e-001	  1.0429534e+000	  1.1198811e+000	  4.9469550e-002	  7.8847389e-001	  8.4553062e-002	 -5.7915132e-001	  8.4111479e-001	
  2.1568483e-001	 -4.8865521e-001	  9.5253042e-002	 -7.7368447e-001	 -4.4493141e-001	 -5.9840169e-001	 -6.1942750e-001	 -5.8148789e-001	 -7.0681725e-002	 -8.1524311e-001	 -3.6899196e-001	
  1.1775398e+000	  4.8640671e-001	  1.7097088e-001	 -2.2236436e-001	  1.2819575e+000	 -1.3338535e+000	  1.0713309e-001	 -2.9988463e-001	  2.2869965e-001	  3.8319514e-002	  4.7872988e-001	
  6.2335846e-001	  8.3274018e-001	 -1.3190048e-001	  6.2582042e-001	 -1.4050749e-002	  1.6547552e+000	 -3.1957710e-001	  1.6256728e+000	  1.4553816e-001	  7.1027307e-001	 -6.0195369e-001	
 -1.7287910e-001	 -7.6039378e-001	 -9.0072777e-001	 -5.3807759e-001	  4.6541844e-002	  3.0075298e-002	 -1.2075956e+000	 -3.4555003e-001	 -1.3735451e+000	 -7.2443858e-001	 -9.0609817e-001	
  3.9404204e-001	  1.0511967e+000	  1.0155160e+000	  2.8183437e-001	  4.1009740e-001	 -3.5102245e-001	  9.4325440e-001	  1.2632570e-001	  2.1206735e-001	  1.1340276e+000	  1.6164308e-001	
 -1.9835870e-001	 -3.1815258e-001	 -1.9014497e-001	  7.5776028e-001	 -4.2473388e-001	 -7.7892167e-001	 -7.5781999e-001	 -5.5865519e-001	  1.0714028e+000	  2.0176768e-001	  6.0815306e-001	
 -1.1793234e+000	  5.4501699e-001	  7.1955246e-002	 -2.5063719e-001	  2.0138958e-001	 -3.3096467e-001	  5.6267504e-001	  9.3308097e-001	  4.5600773e-001	  5.1655673e-001	  9.8348029e-001	
  1.6472563e-001	  3.7984257e-001	  7.1264466e-001	  7.8132097e-001	  3.3267353e-001	  4.6466045e-001	  1.0136673e-001	  1.3592913e+000	  6.1124252e-001	  4.4373149e-002	 -1.1661676e-001	
 -1.1283642e+000	  6.5478339e-002	 -8.5995663e-001	 -6.7001745e-001	 -8.7244581e-001	  8.5913005e-001	  8.3946003e-001	  7.5041940e-001	 -1.0519873e+000	 -1.3118228e-001	 -3.8962849e-002	
  1.4705552e+000	  4.7575030e-001	  1.8950078e+000	  7.5304814e-001	  1.6556118e+000	  1.5076648e+000	  1.6467496e+000	  1.0168009e+000	 -7.6225824e-002	  1.0795448e+000	  3.0400858e-001	
  1.2650622e-001	 -4.3537314e-001	 -7.5511654e-001	 -1.1869733e-001	 -4.2810013e-001	  1.9722343e-001	 -9.4689297e-002	 -4.8254620e-001	  1.4553816e-001	  1.6001575e+000	 -8.7374237e-001	
 -5.8220891e-002	  1.5605786e-001	  3.1658211e-001	 -8.5850295e-001	  2.9710568e-002	  2.2396713e-001	  8.5675909e-001	 -7.7176036e-001	 -8.6903206e-001	 -7.9102857e-001	 -1.6049834e+000	
 -1.6252164e+000	 -6.1653219e-001	 -5.6182637e-002	 -4.4383484e-001	  3.9809333e-002	 -7.8560760e-001	 -1.5811919e-001	 -6.8042957e-001	 -1.1739575e+000	 -1.1118713e+000	 -6.8607876e-001	
  1.1074709e+000	  1.3762173e+000	  8.5825589e-001	  7.3891173e-001	  1.3122538e+000	 -6.7194687e-001	 -2.2731544e-001	 -6.7281867e-001	  7.5538910e-001	 -7.3654585e-001	  7.3757624e-001	
 -1.7462445e+000	 -7.7637841e-001	 -4.4642073e-001	 -3.1660712e-001	 -1.2259026e+000	 -1.6381654e-001	 -1.7265674e+000	 -1.4110759e+000	 -8.5794386e-001	  9.8855870e-002	 -1.9427067e-001	
  8.9726418e-001	  2.8393484e-001	  6.5440017e-001	  5.0801698e-001	  1.4973978e+000	 -3.6783956e-002	  1.0136673e-001	  5.9820142e-001	  1.5481953e+000	  3.0467948e-001	  5.4344147e-001	
  9.3548359e-001	 -2.3290127e-001	  2.2921537e-001	  4.9859270e-001	  1.5377929e+000	 -3.3096467e-001	  1.6236842e+000	 -4.1114075e-002	  3.3403754e-001	 -1.6145046e-001	  1.9399888e-001	
  2.4116443e-001	  3.3188870e-001	  1.1902495e+000	 -2.6948574e-001	 -6.7910831e-002	  1.1699233e-001	 -1.5811919e-001	  9.3308097e-001	  1.4553816e-001	  3.8943038e-001	  6.9227813e-001	
  1.4132261e+000	  1.4540145e-001	 -1.2152480e+000	 -9.7630640e-001	 -1.0542236e+000	  1.1699233e-001	 -1.1153339e+000	  2.0243469e-001	 -5.6410658e-001	 -1.1845149e+000	  3.2219901e-002	
  9.7370299e-001	  8.3806839e-001	  9.5727153e-001	  8.0488165e-001	 -3.4248280e-002	 -7.7892167e-001	  6.5493670e-001	 -2.4660834e-001	  9.4943259e-001	  7.6475579e-001	  8.6052827e-001	
 -4.0219552e-001	 -3.8741928e-001	 -6.1532976e-001	  3.8078926e-001	 -6.7720301e-001	  5.7163526e-001	 -4.6950230e-001	 -2.0094295e-001	 -6.0845938e-001	  2.0176768e-001	 -1.1261176e+000	
 -3.0027711e-001	 -6.1653219e-001	 -9.3567447e-001	 -8.2080585e-001	 -1.5211232e+000	 -4.5131133e-001	 -1.3459881e+000	 -1.1903598e+000	 -1.1517811e+000	 -1.6145046e-001	 -2.0320799e+000	
 -4.4678482e-001	  1.8802711e-001	 -5.8620752e-001	  4.7031988e-001	 -1.2850342e-001	  1.0797656e+000	  1.2431048e+000	 -4.2926991e-001	  7.3464863e-002	 -5.3072224e-001	  2.1341236e-001	
  9.6096319e-001	  8.3274018e-001	  8.0583585e-001	  1.3797625e+000	  1.4469040e+000	  1.2001122e+000	  2.0215626e+000	  3.0137637e-001	  1.4705779e+000	  1.4548703e+000	  1.4752884e+000	
 -4.6589452e-001	 -1.2612453e+000	  7.0682021e-001	  2.7241009e-001	  6.2217147e-001	 -3.4433652e-001	 -8.2701624e-001	 -6.8804047e-001	 -2.4809291e-001	  1.8966041e-001	 -4.0781892e-001	
  1.7062415e+000	  1.7971457e+000	  5.9033123e-001	  6.7765394e-001	  8.4097806e-001	 -2.9753505e-001	  3.2625453e-001	  4.0792895e-001	  1.3929605e+000	  5.7709309e-001	  4.5162219e-002	
 -1.3465970e-001	 -3.3413720e-001	 -1.8209907e+000	 -1.3202924e+000	 -1.4117199e+000	  3.6437157e-001	 -1.1268666e+000	  8.0660305e-002	 -7.5260597e-001	 -1.4934319e-001	  1.5517192e-001	
 -1.1283642e+000	 -1.2825581e+000	  6.0198012e-001	 -4.3441056e-001	 -1.2023388e+000	 -3.4433652e-001	 -5.3869854e-001	 -6.3946772e-002	  3.1740524e-001	 -8.1524311e-001	 -2.0721299e-001	
 -3.8945572e-001	 -3.9807569e-001	  3.2240656e-001	  3.7607712e-001	 -5.5265157e-001	  2.7076861e-001	  5.2807692e-001	  1.6438019e-001	  1.2820786e+000	  2.1992858e-001	  4.1401829e-001	
  9.1637389e-001	  1.0511967e+000	  1.1261806e+000	  1.1017463e+000	  1.4401715e+000	  1.9355640e+000	  7.0683389e-001	  7.5803030e-001	  7.8865370e-001	  1.5939223e-001	  7.3110508e-001	
 -7.7330592e-002	 -3.5757599e-002	  3.1184101e-002	  4.6089560e-001	 -1.5543346e-001	 -2.2398987e-001	 -2.4276350e-003	 -6.3946772e-002	  3.0631704e-001	  8.4950669e-001	  1.5335288e+000	
 -8.7356815e-001	  1.3474503e-001	  2.6416207e-001	 -5.3336545e-001	  1.5647229e+000	  2.7745454e-001	  6.8953483e-001	 -3.0749553e-001	 -1.1503452e-001	  4.1969856e-001	  6.3352648e-003	
 -5.1685373e-001	  4.8640671e-001	  8.5243144e-001	 -4.8015269e-002	 -1.2513717e-001	  4.4460267e-001	  6.4340400e-001	  1.8721289e-001	  1.1878289e+000	 -3.1884499e-001	  7.6346088e-001	
  1.8973386e+000	  2.1999635e-001	  3.7008550e-002	  4.2791064e-001	  6.7266530e-001	 -1.1032914e-001	  4.4734797e-001	  2.4095953e+000	  4.7264003e-001	  8.4950669e-001	  2.7165279e-001	
 -9.6911666e-001	 -1.0641016e+000	 -1.6864460e+000	 -1.5888843e+000	 -1.5722903e+000	 -5.1817058e-001	 -1.4382497e+000	 -1.0914181e+000	 -1.8226172e+000	 -1.5477330e+000	 -1.5208583e+000	
 -1.9835870e-001	  3.6918615e-001	  9.2232483e-001	  3.7607712e-001	  9.7562826e-001	 -1.4375876e-001	  6.0303952e-001	  3.0137637e-001	 -2.9798980e-001	 -3.9148862e-001	  2.0047004e-001	
  1.0102662e-001	  7.9544273e-001	  6.0780457e-001	  8.2373020e-001	  7.0632785e-001	  1.3705010e-001	  1.1866580e-001	 -3.3032823e-001	  3.0077294e-001	 -5.2466860e-001	 -9.0732122e-002	
 -6.3151194e-001	 -9.4155283e-001	 -6.5027646e-001	 -1.0281399e+000	 -1.3841166e+000	 -1.8954712e+000	 -2.1705767e+000	 -1.1370835e+000	 -2.7026931e-001	 -6.6390222e-001	  7.7518015e-002	
 -2.3020820e-001	 -5.5259370e-001	 -1.3282423e+000	 -8.0666944e-001	 -1.1215487e+000	 -4.6468318e-001	 -1.0519040e+000	 -1.1675271e+000	 -1.5066035e+000	 -4.0377750e-002	 -1.4108486e+000	
 -3.5123631e-001	  8.1142735e-001	  5.0878894e-001	  1.3703382e+000	  6.1880522e-001	  2.0826544e+000	  1.0412824e+000	  2.0214395e+000	  1.4539456e+000	  1.4124948e+000	  2.4524334e+000	
 -2.0074104e+000	 -2.6465791e+000	 -1.7184804e+000	 -2.1307801e+000	 -1.1282812e+000	 -2.7144971e+000	 -2.2686047e+000	 -2.2787183e+000	 -2.2517305e+000	 -2.6252802e+000	 -2.8862729e+000	
  1.0374020e+000	  1.7491918e+000	  7.2429356e-001	  7.0121462e-001	 -3.5067626e-001	  4.5797452e-001	  1.1220114e+000	  1.3669022e+000	  6.3896301e-001	  1.1461348e+000	  2.7812395e-001	
 -1.5376940e-001	 -8.4564510e-001	  7.1264466e-001	  3.2424361e-001	 -2.9681618e-001	 -9.0271359e-002	  1.8428056e+000	 -7.1848407e-001	  9.7160898e-001	  2.3203585e-001	  1.1905574e+000	
  4.9596045e-001	  8.1675556e-001	 -4.3477184e-001	 -9.5274571e-001	 -1.0542236e+000	 -9.3269796e-001	 -1.8695096e-001	  5.2970333e-001	 -1.1074283e+000	 -5.3677587e-001	 -5.6959790e-001	
  3.3671294e-001	  1.0458685e+000	  7.1846911e-001	  8.1901807e-001	  7.5682168e-001	 -2.5741949e-001	 -2.5614720e-001	  4.9164884e-001	  7.8310960e-001	  6.1946854e-001	  1.1064323e+000	
 -2.6205771e-001	  3.6918615e-001	 -1.2898010e+000	 -1.2873075e+000	 -1.3686318e+000	 -5.3822836e-001	 -2.2859038e+000	 -1.1722306e-001	 -1.4677948e+000	  1.7938739e+000	 -2.3956878e-001	
  1.2284990e+000	  3.5852974e-001	  5.1461339e-001	  1.3797625e+000	  1.6488793e+000	  9.4604708e-001	 -1.7541825e-001	  1.5952292e+000	  9.7715308e-001	  2.6413828e+000	  1.9023849e+000	
 -1.5376940e-001	  1.5605786e-001	 -1.5594730e+000	 -4.4383484e-001	 -5.0552400e-001	 -1.1032914e-001	  3.3387189e-003	 -8.9353474e-001	  1.6771455e-001	  5.2261037e-001	  1.8105656e-001	
 -5.9966243e-001	 -7.6039378e-001	 -9.7644561e-001	  1.0075036e+000	 -4.0980790e-002	 -8.2572315e-001	 -2.1001637e-001	 -3.1510643e-001	  1.2479768e-002	  1.0490951e-001	  4.6578756e-001	
  1.1202107e+000	  8.6470943e-001	  6.0198012e-001	 -5.4750187e-001	 -1.0830589e-001	  1.2937152e+000	  1.0124506e+000	  6.4386682e-001	  4.0611083e-001	 -2.2198682e-001	  5.9521074e-001	
 -1.2748719e+000	 -4.7267059e-001	 -1.1861258e+000	 -1.4616566e+000	 -1.4029676e+000	 -7.5886390e-001	 -3.9453970e-001	 -1.4339086e+000	 -1.2571190e+000	 -1.7596103e+000	 -1.2555408e+000	
 -1.0009662e+000	 -1.1280401e+000	 -1.3340668e+000	 -2.0487889e+000	 -1.3390088e+000	  3.0419824e-001	 -2.9074533e-001	 -1.6424472e+000	 -2.0183239e+000	 -2.0828744e+000	 -1.8508874e+000	
  8.0808558e-001	  1.3016224e+000	  8.5825589e-001	  4.2791064e-001	  1.5815542e+000	  1.2535996e+000	  1.0470488e+000	  4.3837255e-001	  1.4317692e+000	 -2.0382591e-001	  2.0047004e-001	
  1.3813766e+000	  1.4348276e+000	  2.1174203e-001	 -1.6581871e-001	 -2.6315363e-001	  5.9169303e-001	 -2.4276350e-003	  2.2345447e+000	  1.3319755e+000	  1.8967857e+000	  8.7347058e-001	
  1.1520602e+000	 -6.7726842e-002	  1.2018984e+000	  1.4504445e+000	  9.3859945e-001	  4.6466045e-001	 -3.7025758e-002	 -9.4390367e-002	  6.3341891e-001	 -2.5830863e-001	 -4.4017471e-001	
 -1.2191990e-001	  7.4216066e-001	 -1.2391283e+000	 -3.3878856e-002	 -5.1898902e-001	  2.7076861e-001	  4.1851620e-001	  4.3076165e-001	 -4.5876869e-001	  4.1364492e-001	 -7.1843455e-001	
 -8.8630795e-001	 -5.4726549e-001	  1.2310206e+000	  1.2336862e+000	  4.9908099e-002	 -4.7136911e-001	  8.5675909e-001	 -2.5892278e-002	  1.2765345e+000	  3.8319514e-002	  7.8287436e-001	
  1.1902796e+000	  1.3708891e+000	  1.6037854e+000	  7.8132097e-001	  9.3186694e-001	  7.4546932e-001	  8.4067673e-002	  1.0700771e+000	  1.3929605e+000	  2.1992858e-001	  1.0093649e+000	
 -1.3895301e+000	 -6.1120398e-001	 -1.1977747e+000	 -1.4333838e+000	 -1.5652211e+000	  1.2669715e+000	 -7.0015645e-001	 -1.0200127e-001	 -9.3001715e-001	 -3.1884499e-001	  1.2928729e-001	
  5.7239926e-001	  3.9582719e-001	  5.5538453e-001	  3.6194071e-001	  2.1485460e-001	  5.1814785e-001	  4.3581526e-001	  7.3519760e-001	  7.5538910e-001	  2.0782131e-001	  6.9227813e-001	
  1.6552823e+000	  6.1961189e-001	  5.6703343e-001	  1.4740052e+000	  1.3560151e+000	  4.8471822e-001	  7.3566566e-001	  7.0475401e-001	  1.0215059e+000	  3.9548402e-001	  1.3846922e+000	
 -2.4931791e-001	 -5.7070428e-002	 -8.8325443e-001	 -7.5012379e-001	 -2.3285733e-001	  2.7745454e-001	 -1.9848367e-001	 -4.2165901e-001	 -4.4213639e-001	  2.7441130e-001	 -2.3956878e-001	
  1.5278843e+000	  2.1488074e+000	  1.4465253e+000	  6.4938111e-001	  1.1338423e+000	  3.5099972e-001	  7.8179649e-001	  1.6941708e+000	  1.6701655e+000	  1.2308857e+000	  5.0461452e-001	
 -4.7863432e-001	 -2.5101184e-002	  5.1461339e-001	  6.3053256e-001	  3.7306859e-001	 -3.9113800e-001	  4.9924515e-001	  7.6564120e-001	  6.8331581e-001	  3.1678675e-001	  7.8287436e-001	
  6.4246816e-001	  2.0401173e-001	 -2.8916061e-001	 -7.8782089e-001	 -9.8689848e-001	 -4.1788170e-001	  1.4871427e-002	  4.5513175e-003	  1.7325865e-001	 -1.9777228e-001	  1.2281613e-001	
 -3.8945572e-001	  1.1876041e-001	 -1.0346901e+000	 -3.7786491e-001	 -5.9304663e-001	  1.0362048e-001	 -7.1623881e-002	 -1.9719991e+000	 -5.4747428e-001	 -1.3176949e+000	 -1.0031656e+000	
  1.1138408e+000	  3.2656049e-001	 -6.4445201e-001	  6.2110828e-001	 -9.4313717e-001	  6.1843673e-001	 -3.1259404e-002	  1.8311670e+000	  7.9419780e-001	  2.0178584e+000	  3.8691060e-002	
 -2.2383830e-001	 -8.7228614e-001	 -1.8209907e+000	 -1.8560625e+000	 -1.4612038e+000	 -2.2398987e-001	 -3.3687616e-001	 -5.1298980e-001	 -8.0804696e-001	 -1.2753194e+000	 -6.6666528e-001	
 -2.1730279e+000	 -2.9763952e+000	 -1.6509168e+000	 -1.4003988e+000	 -1.3773841e+000	 -2.6376089e+000	 -2.2686047e+000	 -2.2787183e+000	 -2.1020398e+000	 -2.6252802e+000	 -2.7173756e+000	
 -2.9119363e+000	 -3.2326819e+000	 -1.8209907e+000	 -1.8456958e+000	 -1.1451125e+000	 -3.3062015e+000	 -2.7472121e+000	 -2.2787183e+000	 -2.4601886e+000	 -1.7111812e+000	 -2.8862729e+000	
 -1.6379562e+000	 -1.3145273e+000	 -1.5519827e-001	  2.2057658e-001	  3.5287106e-001	 -1.7884964e+000	  4.4734797e-001	 -1.5381779e+000	 -5.4747428e-001	 -1.4811430e+000	 -1.6838603e-001	
 -4.0856542e-001	 -1.0214759e+000	 -1.8209907e+000	 -2.1219684e+000	 -1.4797182e+000	  1.3705010e-001	 -2.1001637e-001	 -5.4343340e-001	 -2.3221405e+000	 -2.1555180e+000	 -2.4747071e+000	
  2.1568483e-001	  5.4501699e-001	  1.0038671e+000	  1.3104596e-001	  5.7504390e-001	 -3.3765060e-001	 -5.6176396e-001	 -4.9776800e-001	  8.6072699e-001	  3.2889403e-001	  1.2487978e+000	
 -1.4595990e+000	 -2.8618334e-001	  5.5538453e-001	  2.2528872e-001	  7.5345542e-001	  7.0535376e-001	  1.4749757e-001	 -3.7599362e-001	  4.5600773e-001	 -3.6122044e-001	  2.9753742e-001	
  5.6437318e-002	 -7.6572199e-001	  3.1184101e-002	  1.1253070e+000	  1.0362209e+000	 -6.4520317e-001	  1.0713309e-001	 -1.0990290e+000	  1.3444996e-001	 -1.3540167e+000	 -3.8840544e-001	
 -3.0664701e-001	 -4.3004493e-001	  6.6604907e-001	  4.1377422e-001	  4.1009740e-001	 -8.2572315e-001	  5.6267504e-001	 -1.8281379e-002	 -2.4254881e-001	  2.6212242e-002	 -7.1196340e-001	
  6.2972836e-001	 -2.1158844e-001	  9.4562263e-001	  7.3891173e-001	  1.3290851e+000	 -8.5246685e-001	 -2.5493050e-002	 -1.2483396e-001	  4.0056673e-001	  1.0371694e+000	  1.1452593e+000	
 -4.2130522e-001	 -1.3784658e+000	 -1.0346901e+000	 -1.1695040e+000	 -1.1518450e+000	 -1.0329868e+000	 -6.6555833e-001	 -1.3425778e+000	 -1.1517811e+000	 -2.3409409e-001	 -2.3309762e-001	
  1.6489124e+000	  6.9420679e-001	  1.0107749e-001	  3.8182452e-003	  3.3076823e-002	  9.5941893e-001	  1.2661702e+000	  8.7980468e-001	  2.8414064e-001	 -2.2216843e-002	  2.0694120e-001	
  1.0501418e+000	  1.2483403e+000	  1.4756475e+000	  1.6624907e+000	  9.3859945e-001	  5.5826340e-001	  6.3763764e-001	  1.3364586e+000	  1.2155494e+000	  1.1098130e+000	  3.2342206e-001	
 -3.1938681e-001	 -6.0054757e-001	  2.8745987e-001	 -1.0927306e-001	 -2.5978737e-001	  5.7832118e-001	  1.0136673e-001	  2.7384014e-002	  8.6072699e-001	  6.1341490e-001	  3.5577786e-001	
 -8.6082835e-001	  3.8517077e-001	  1.7726944e+000	  1.7944306e+000	  1.6724431e+000	  1.6146396e+000	  1.4276281e+000	  1.1537970e+000	  8.3855060e-001	  6.0130763e-001	  9.9642261e-001	
 -5.2322363e-001	 -7.6572199e-001	 -3.4158065e-001	 -1.0988220e+000	 -4.5839643e-001	 -5.7834391e-001	 -4.8558466e-002	 -6.8804047e-001	 -9.9654634e-001	 -9.9685218e-001	 -1.2425984e+000	
 -1.0391856e+000	 -7.9236303e-001	 -3.1828285e-001	 -1.7783122e+000	 -1.5786861e+000	 -1.6726180e-002	 -1.7265674e+000	 -4.9776800e-001	 -1.2682072e+000	 -9.3026219e-001	  9.3171102e-001	
  5.2780996e-001	  6.1961189e-001	  1.1553028e+000	  8.6142731e-001	  3.0574349e-001	  1.0463360e+000	  1.9939475e-001	  7.8086299e-001	  6.8885991e-001	  1.2066712e+000	  2.0694120e-001	
 -4.1493532e-001	 -6.3784502e-001	 -9.7644561e-001	  8.5303829e-003	  8.6936905e-002	  1.1699233e-001	 -3.8877334e-001	 -8.4786935e-001	 -5.4747428e-001	 -4.8229315e-001	 -1.6838603e-001	
 -2.0010405e+000	 -3.2326819e+000	 -1.3509577e+000	 -1.5229144e+000	 -1.5500730e+000	 -3.2950360e+000	 -3.5077941e+000	 -2.2787183e+000	 -2.1214441e+000	 -2.3601309e+000	 -2.2753954e+000	
  9.6096319e-001	  1.2408862e-001	  7.1955246e-002	  1.1912769e+000	  1.2146324e+000	 -1.2370099e-001	  7.2413295e-001	  4.5359435e-001	 -7.6225824e-002	 -4.0359589e-001	 -8.8021353e-001	
 -5.8220891e-002	  3.3721691e-001	  2.0114968e+000	  1.3656260e+000	  9.4533196e-001	  8.3238635e-001	  2.2406840e+000	  2.5571098e-001	  1.1157556e+000	 -2.4014773e-001	  8.8641290e-001	
