 -1.9466623e+000	 -1.0220544e+000	 -1.7788128e+000	 -2.2052486e+000	 -1.8038513e+000	 -8.1461458e-001	 -1.2495133e+000	 -8.5352134e-001	 -1.4766474e+000	 -8.5942758e-001	 -2.6663919e-001	
 -6.3396412e-001	 -5.4220872e-001	  1.7889213e-002	  3.1745746e-001	 -5.3573711e-001	  1.0151293e+000	  8.5410364e-001	 -2.8159771e-002	 -3.6144076e-001	  1.4448639e-001	  1.2550862e-002	
 -1.2834043e+000	  6.0942100e-001	 -4.6840689e-001	 -1.0780015e+000	 -8.1721532e-001	  5.4191965e-001	  5.4940146e-001	 -1.0642682e-001	  4.4082527e-001	 -5.5696632e-001	  1.0341327e+000	
 -2.4015467e-001	 -9.9382822e-001	  1.2239035e+000	  8.8983217e-001	  1.3030102e+000	 -7.0735373e-001	  1.1060689e+000	  1.4971988e-001	 -5.0368651e-001	 -2.2832607e-002	  1.2435252e+000	
  9.8383273e-002	  1.4279813e+000	  5.5605690e-001	  1.1689240e+000	  7.5467598e-001	  1.5073304e-001	  3.6775209e-001	  1.8787101e+000	  7.2531677e-001	  1.6954048e+000	  9.3260900e-001	
 -9.5868419e-001	  6.0942100e-001	 -1.5717738e-001	 -7.9890974e-001	 -8.7935986e-001	 -1.0038984e+000	 -1.1967764e+000	 -1.6568258e+000	  1.6202360e-001	  6.0783129e-001	 -2.7932965e-001	
  2.3656203e-001	  1.1287834e+000	  6.0792848e-001	  1.0506647e+000	  5.2072007e-001	  2.2644657e-001	  2.7891968e-002	  6.3355252e-001	  7.2531677e-001	  1.4315556e+000	  7.7397829e-001	
  1.5976228e+000	  1.3941099e+000	  3.8747425e-001	  6.1074037e-001	  9.8863190e-001	  2.8954119e-001	  5.0838386e-001	 -2.0603942e-001	  7.8790490e-001	  3.9546488e-001	 -8.3770977e-001	
 -1.0623183e+000	 -5.3091824e-001	 -1.7587125e+000	 -1.8878408e+000	 -1.7990991e+000	 -9.9758896e-001	 -7.2800381e-001	 -5.9737464e-001	 -1.1978458e+000	  9.9438965e-002	  2.2194340e-001	
  3.6092290e-001	  2.5941588e-001	  2.2537555e-001	  1.0601255e+000	  3.4525313e-001	 -3.4771442e-001	 -7.9831970e-001	 -1.0642682e-001	  7.8221507e-001	 -2.2876368e-001	  9.3260900e-001	
  1.3005384e+000	  4.1183747e-001	  1.3470986e+000	  9.8916993e-001	  1.3212880e+000	  4.8513450e-001	  1.0240337e+000	  1.2027674e+000	  1.1008455e+000	  2.2814588e-001	  7.2321646e-001	
 -8.2741438e-001	 -1.1123783e+000	  7.6244745e-002	  3.8841301e-001	 -1.0767602e+000	 -1.6979392e+000	 -1.1498991e+000	 -1.1381288e+000	 -6.0041362e-001	 -6.3419047e-001	 -2.6663919e-001	
  7.8927704e-001	  6.1506624e-001	 -1.1362535e+000	 -3.2114242e-001	 -3.1640344e-001	 -1.1994917e+000	 -1.0385656e+000	 -2.1425796e+000	 -4.9230685e-001	 -1.5737510e+000	 -5.9024585e-001	
  1.1347239e+000	 -1.0187971e-001	  4.0044215e-001	  2.1811970e-001	  2.2461961e-001	  1.3306023e+000	  2.3883963e-001	 -1.4200275e-001	  8.3981891e-003	  6.5287871e-001	 -2.4125828e-001	
  4.5073909e-001	  1.4336266e+000	  8.6080246e-001	  5.4451520e-001	 -3.2737013e-001	 -8.2717041e-002	  1.5396835e+000	 -3.4834314e-001	  8.3911337e-001	  7.2366752e-001	 -2.2222259e-001	
 -1.3652061e-001	 -3.6156092e-001	  8.0244692e-001	  5.7287140e-002	 -1.0803646e-001	  4.3465880e-001	 -9.0379353e-001	 -3.4122795e-001	 -3.2730178e-001	 -6.7923789e-001	  3.4884798e-001	
 -2.6088149e-001	 -5.1962775e-001	 -1.3696757e+000	 -1.2577556e+000	 -1.2558827e+000	 -3.3509550e-001	 -5.0533684e-001	 -4.9064685e-001	 -1.2149153e+000	 -3.4459990e-001	 -1.8529463e+000	
 -6.2705518e-001	  2.8764210e-001	  2.1889160e-001	  7.5265146e-001	  8.4972057e-001	  1.1924882e-002	 -1.2084957e+000	 -7.1121762e-001	 -4.2971872e-001	 -6.9854393e-001	  3.3615752e-001	
  1.0241809e+000	  2.0296345e-001	  9.2564194e-001	  2.7488414e-001	  2.0634181e-001	  2.1192850e+000	  1.7037539e+000	  1.5941026e+000	  1.2219479e-001	  1.1741417e+000	 -1.9049645e-001	
  3.1256034e-001	 -7.5108274e-001	  1.8074589e+000	  1.2824528e+000	  1.3907436e+000	  9.3947882e-002	  1.8150874e+000	  6.4778289e-001	  1.1975727e+000	  8.5237444e-001	  1.0150970e+000	
  1.3765367e+000	  7.8442355e-001	 -1.7662923e-001	  9.9834449e-003	 -4.2607028e-001	  3.0846957e-001	 -6.5862547e-002	  3.0625397e-001	  3.2702867e-001	  1.0518702e+000	 -2.1587737e-001	
  6.3728041e-001	 -1.3720596e+000	 -1.2475764e-001	 -1.0827579e-001	 -6.5271507e-001	 -6.3788656e-002	  8.7754227e-001	  2.9104120e+000	  1.0098083e+000	  8.8455117e-001	  1.8272862e+000	
  5.8891785e-001	  1.3602384e+000	  1.8787823e+000	  1.5142410e+000	  1.5150327e+000	  9.1417788e-001	  3.5017312e-001	  7.2604993e-001	  1.2601608e+000	  9.1672790e-001	  2.0925295e-001	
 -3.3687980e-001	  9.4813562e-001	  2.1640760e+000	  1.6892646e+000	  1.3761214e+000	  7.5644134e-001	  1.1939638e+000	  1.0533485e+000	  7.0255745e-001	  1.0454348e+000	  2.5366955e-001	
  6.1655360e-001	  7.0539014e-001	  9.4509378e-001	  1.2067669e+000	  1.2335545e+000	 -1.5212112e-001	 -5.4049478e-001	  1.6395025e-001	  3.2702867e-001	 -1.1292745e-001	 -5.0775788e-001	
 -8.8158045e-002	  1.6344674e-001	  1.1720320e+000	  4.6882929e-001	  1.5662106e+000	 -2.2152519e-001	  1.5094477e-001	  2.7067804e-001	  4.2944561e-001	 -3.5747059e-001	  9.3260900e-001	
 -7.7214288e-001	 -2.1793294e+000	 -1.6407047e+000	 -1.2766771e+000	 -8.4645981e-001	 -2.3667421e+000	 -9.0379353e-001	 -1.8339940e+000	 -1.9773525e+000	 -2.0049191e+000	 -1.7070061e+000	
  1.6056371e-001	 -1.1881544e-001	 -6.4995743e-001	  5.7287140e-002	  4.5497114e-002	  4.0942096e-001	  1.7438340e-001	  7.4028031e-001	  1.6771343e-001	  5.2417180e-001	  1.1991086e+000	
 -9.9322888e-001	 -6.8898506e-001	  4.3934583e-001	  4.1206485e-001	  1.0398098e+000	 -6.8842535e-001	  3.5017312e-001	 -8.8198208e-001	  3.6847339e-002	 -1.6397261e-002	  3.9326458e-001	
  1.0310899e+000	  8.4087599e-001	  2.5131134e-001	  3.3164857e-001	 -9.2688216e-001	  1.1917942e+000	  3.1501517e-001	  2.1646530e-002	  9.9842861e-001	  6.2070198e-001	  1.4402273e+000	
 -6.1323731e-001	 -8.9785908e-001	 -1.6906311e+000	 -1.7780962e+000	 -1.9544604e+000	 -3.1616712e-001	 -1.3022502e+000	 -7.8236948e-001	 -6.4593226e-001	 -8.0750721e-002	 -4.3796037e-001	
 -4.6704419e-002	  1.7473723e-001	  7.2463955e-001	  6.1547074e-001	  8.3875389e-001	  2.3275604e-001	  1.3287359e+000	  6.3355252e-001	  7.3669643e-001	  6.9149079e-001	  3.8691935e-001	
  1.2601902e-001	  8.7474745e-001	  4.8473347e-001	  6.2020111e-001	  4.6588665e-001	  1.5451240e+000	  5.0252420e-001	  1.0889244e+000	  2.2274319e+000	  1.1805771e+000	  1.5227153e+000	
  4.3692122e-001	 -9.7124725e-001	 -3.3224398e-001	 -4.8670535e-001	 -4.8090370e-001	 -6.2533073e-001	 -9.9754805e-001	 -7.3256318e-001	 -2.0212552e-001	 -3.5747059e-001	  5.2016915e-001	
 -2.1942786e-001	  4.1183747e-001	  1.2811633e-001	 -2.6910836e-001	 -5.3939267e-001	 -6.4425912e-001	 -5.8737204e-001	 -5.9737464e-001	 -4.6954753e-001	  7.6871494e-001	 -3.4278194e-001	
 -2.6779042e-001	  8.1264977e-001	  8.0893087e-001	  6.1074037e-001	  5.7189792e-001	  1.3684591e+000	  1.3463148e+000	  2.0281290e+000	  1.6186201e+000	  5.8852525e-001	  3.1280581e+000	
 -2.9542618e-001	 -5.9301592e-001	  1.7231675e+000	  5.5397594e-001	  8.3875389e-001	 -8.9663758e-001	  5.7869975e-001	 -1.0456314e+000	  5.5462187e-001	 -3.4459990e-001	 -2.3491305e-001	
  6.9255191e-001	  8.9168318e-001	  1.0682888e+000	 -1.4138838e-001	  1.4382659e+000	  7.7536973e-001	 -1.7719603e-001	  1.0462333e+000	  1.4088019e-002	  5.4991318e-001	  7.8666875e-001	
  3.8855866e-001	  2.7960892e-002	  6.5331612e-001	  1.3392173e+000	  1.1495278e-001	 -5.9378342e-001	 -3.7056472e-001	 -5.5468353e-001	  7.5945575e-001	  3.9546488e-001	 -5.7755539e-001	
 -3.9215130e-001	 -5.4785397e-001	 -6.7589323e-001	 -2.2653503e-001	 -8.2447527e-002	  9.5203465e-001	  4.4533395e-003	  8.6835365e-001	  3.3840833e-001	 -8.2725085e-001	  1.5849112e-001	
  8.1691279e-001	  1.2393004e-001	 -4.6950268e-002	 -3.1168168e-001	 -5.3939267e-001	  1.5073304e-001	  8.3066501e-001	  6.3355252e-001	  2.1323207e-001	  9.3003619e-002	 -6.0293631e-001	
  1.4594440e+000	  6.2071148e-001	  3.8747425e-001	 -1.3668403e-002	  4.7319777e-001	 -9.0294704e-001	 -2.3579261e-001	  4.0586657e-001	  2.7013037e-001	 -7.6933273e-001	  1.6305841e+000	
  1.2176312e+000	  9.3684513e-001	  4.0692609e-001	  8.8983217e-001	  1.3322546e+000	  9.5203465e-001	  1.5807011e+000	  1.4802596e+000	  3.7254731e-001	  4.4051230e-001	  3.9326458e-001	
  3.6092290e-001	  1.1626549e+000	  1.0218054e-001	 -2.7856910e-001	 -8.3549313e-001	  6.4287103e-001	  1.1881041e+000	 -2.7719128e-001	  1.3926428e-001	 -6.2131978e-001	 -1.3009115e+000	
 -1.0623183e+000	 -1.2986714e+000	 -1.0714141e+000	 -1.8826374e+000	 -1.0182712e+000	 -1.2436580e+000	 -9.5067079e-001	 -1.6746138e+000	 -1.4083695e+000	 -1.2133716e+000	 -1.0597928e+000	
 -1.1383166e+000	 -6.7204933e-001	 -1.1038338e+000	 -5.2927868e-001	  2.7214191e-001	 -6.4425912e-001	  3.6775209e-001	 -5.6179871e-001	 -8.8490512e-001	  5.8852525e-001	  6.4072849e-001	
  8.7909323e-001	 -2.3172032e-001	  8.9970614e-001	  7.4792109e-001	  1.2993546e+000	 -6.9404077e-004	  9.8887575e-001	  7.4161583e-003	  7.4238626e-001	  6.1426664e-001	  9.4529946e-001	
 -9.6559313e-001	 -3.3897995e-001	 -1.5220484e+000	 -9.5028157e-001	 -1.2668493e+000	 -7.5782942e-001	 -1.4956189e+000	 -7.2544799e-001	 -9.5887291e-001	 -3.7034129e-001	 -2.4125828e-001	
  1.7438159e-001	  6.0942100e-001	  5.5605690e-001	 -7.0903272e-001	 -6.4540395e-001	 -1.0164543e-001	  6.8417358e-001	 -1.9892423e-001	  8.3981891e-003	  3.5685280e-001	  2.0925295e-001	
  4.2310334e-001	  9.7071659e-001	  1.0877406e+000	  1.2540706e+000	  1.4163326e+000	  1.4126253e+000	  8.0722638e-001	  8.9681440e-001	  8.7894218e-001	  3.5041746e-001	  1.2562157e+000	
 -1.5735796e+000	 -1.8744862e+000	 -2.0420611e+000	 -2.0959771e+000	 -1.7793590e+000	 -1.5275837e+000	 -1.8061807e+000	 -8.8909727e-001	 -2.3392257e+000	 -1.9791778e+000	 -7.2984088e-001	
  7.6855023e-001	  2.0296345e-001	  1.0358691e+000	  8.7091070e-001	  9.1552067e-001	  1.1413185e+000	  5.2010317e-001	  1.4375685e+000	  1.4649947e+000	  1.7854996e+000	 -2.4125828e-001	
  2.5037990e-001	  8.5781172e-001	 -5.0731058e-001	 -3.0222094e-001	 -1.6177832e+000	  1.7597088e-001	  1.0992717e-001	 -3.0565202e-001	 -2.0050961e-002	  1.1874500e-001	 -3.3643671e-001	
 -5.2507926e-003	  1.2586240e+000	  6.4683217e-001	  2.6069303e-001	  3.9643099e-001	  9.3310627e-001	  1.7037539e+000	 -8.5081258e-002	  2.4168122e-001	  4.9199507e-001	  2.4732432e-001	
 -8.7577694e-001	 -2.6559178e-001	 -8.7041167e-001	  4.0260411e-001	 -6.7825282e-002	 -3.2247658e-001	  1.0992717e-001	 -2.4873053e-001	 -1.4766474e+000	 -1.7989881e+000	  1.9021726e-001	
 -6.2705518e-001	 -5.6478970e-001	 -7.4721665e-001	 -1.0212371e+000	 -5.7229272e-001	 -1.9629366e+000	 -1.7593035e+000	 -1.4156210e+000	 -6.9145090e-001	 -1.2391130e+000	 -2.1511721e+000	
  3.9546759e-001	 -3.1075373e-001	  6.7925191e-001	  2.1338933e-001	 -1.4459207e-001	  3.7156419e-001	 -2.2407329e-001	  3.9875138e-001	  2.7083591e-003	 -3.4459990e-001	  8.1839489e-001	
 -1.9673891e+000	 -2.2922343e+000	 -2.1282976e+000	 -2.2712373e+000	 -1.4459718e+000	 -1.1616350e+000	 -1.6655490e+000	 -1.2590869e+000	 -2.2333948e+000	 -2.0306605e+000	  2.5241319e-002	
 -1.2972221e+000	 -1.8655837e-001	 -5.5918216e-001	  7.6208618e-002	  1.2957502e-001	 -8.0199565e-001	  9.0098089e-001	  4.6278806e-001	 -6.4024243e-001	 -6.1444683e-002	 -1.3580185e+000	
 -1.4008562e+000	 -3.9543239e-001	 -7.9908824e-001	 -1.1111141e+000	 -1.3326494e+000	  1.6335196e-001	 -1.1440395e+000	 -8.8909727e-001	 -8.8490512e-001	 -6.1444683e-002	  2.4097909e-001	
 -3.2306193e-001	  8.5216648e-001	 -3.3872793e-001	 -4.5832314e-001	 -1.8480324e-001	 -9.7866058e-001	 -1.6362507e+000	  2.1375655e-001	 -4.0126957e-001	 -1.5153953e-001	 -3.0471057e-001	
 -5.0960324e-001	  2.4248015e-001	  4.9121742e-001	  1.5662490e-001	  8.2778721e-001	  4.4727773e-001	  4.3220832e-001	  4.8413361e-001	  6.4565915e-001	  3.6972349e-001	  2.0925295e-001	
  1.3903546e+000	  7.2232587e-001	  5.3660505e-001	  1.1973062e+000	  1.4090214e+000	  1.4694105e+000	  1.5680443e-001	  8.6835365e-001	  4.5789476e-001	 -4.1538871e-001	  8.7550195e-001	
 -1.8913908e+000	 -2.4503011e+000	 -2.1282976e+000	 -2.3031672e+000	 -1.9281404e+000	 -1.9629366e+000	 -2.8550594e+000	 -2.2125218e+000	 -2.7568592e+000	 -2.9586374e+000	 -2.8935638e+000	
  1.4041725e+000	  1.1062024e+000	  1.1590641e+000	  1.1547329e+000	  1.3614991e+000	  4.0942096e-001	  1.8024306e-001	  1.2596889e+000	  1.2487811e+000	  1.2063185e+000	  7.6128783e-001	
 -2.4706361e-001	 -8.0188993e-001	  9.0619009e-001	  9.7970920e-001	  2.7214191e-001	  5.1668180e-001	 -7.4558278e-001	  5.0107274e-002	  8.0497439e-001	 -7.4315375e-002	 -7.7425748e-001	
  7.0747522e-002	 -5.3091824e-001	 -9.8063878e-001	  8.5669357e-002	 -1.3253383e+000	 -7.3890104e-001	 -8.8621456e-001	 -2.1315460e-001	 -6.3455260e-001	  3.5685280e-001	 -9.2019774e-001	
 -2.6693372e+000	 -2.8849849e+000	 -1.5032450e+000	 -2.3031672e+000	 -1.7709512e+000	 -2.4298367e+000	 -2.1870585e+000	 -2.0140082e+000	 -2.7568592e+000	 -3.1439754e+000	 -2.3021885e+000	
  5.6819104e-001	  3.9251380e-002	  5.9496059e-001	  1.3770602e+000	  1.0580876e+000	  4.0311150e-001	  8.2480535e-001	  4.3432731e-001	  3.1157509e-002	 -2.0302229e-001	  7.6128783e-001	
 -1.9179211e-001	 -1.3010593e-001	 -6.4347349e-001	 -7.3268457e-001	 -3.8585910e-001	 -9.4711327e-001	  2.7399757e-001	 -6.8987206e-001	 -4.9799668e-001	 -1.5608803e+000	 -6.4848236e-003	
 -3.2997086e-001	 -3.6720617e-001	 -9.6118694e-001	 -5.3400905e-001	 -1.1206269e+000	  1.0971523e+000	 -2.4751192e-001	  4.2721213e-001	 -6.8007124e-001	 -2.4806971e-001	 -4.9506742e-001	
  3.5401397e-001	  3.6667552e-001	  1.2239035e+000	  1.0222825e+000	  1.3395658e+000	 -7.0035023e-003	  9.3027918e-001	 -2.1315460e-001	  4.5220493e-001	 -1.9658695e-001	  5.0747869e-001	
  5.5437316e-001	  1.1062024e+000	  1.0488369e+000	  1.1074292e+000	  1.4821327e+000	  9.6465357e-001	 -1.8305569e-001	  1.2596889e+000	  1.3739574e+000	  1.9013358e+000	 -6.0293631e-001	
 -1.3524936e+000	 -7.8495420e-001	 -1.5717738e-001	 -2.5491725e-001	  6.3774920e-002	  1.3242929e+000	  3.2087483e-001	 -1.7757868e-001	 -7.4265937e-001	  2.0240450e-001	 -6.0293631e-001	
  9.8383273e-002	  3.2151357e-001	 -8.3799193e-001	 -1.3381719e+000	 -1.0511712e+000	  9.2679680e-001	  5.8455940e-001	  3.0097236e-004	 -2.0050961e-002	 -2.8668179e-001	 -5.0775788e-001	
 -2.6493012e+000	 -1.8067433e+000	 -3.6466372e-001	 -1.0827579e-001	 -5.1014818e-001	 -1.8493663e+000	 -1.6714086e+000	 -2.1987184e+000	 -1.6798654e-001	 -7.1141462e-001	 -1.5547206e+000	
 -1.6415636e-001	 -3.7285141e-001	  2.6427924e-001	 -1.8396171e-001	 -4.5165921e-001	 -1.2625863e+000	 -8.6277593e-001	  3.0625397e-001	  1.0512530e-001	 -3.0598783e-001	  4.1230026e-001	
 -1.4146741e+000	 -1.1293141e+000	 -1.1827370e-001	 -2.5491725e-001	 -1.2991864e-002	  1.3811411e-001	 -2.4165226e-001	 -7.2544799e-001	 -9.1335427e-001	  1.5666978e+000	 -1.0851737e+000	
  6.0964466e-001	  1.9586342e+000	  1.4249059e+000	  8.4252848e-001	  1.3651547e+000	 -1.0795489e-001	  1.0123144e+000	  1.4162230e+000	  1.3113693e+000	  1.4379909e+000	  5.8362143e-001	
  1.8808892e+000	  3.6667552e-001	  1.0218054e-001	  5.2086335e-001	  6.2307578e-001	 -1.9628735e-001	  4.1462934e-001	  1.6154482e+000	  2.2672607e+000	  2.3711161e+000	  1.2054538e+000	
  1.1623597e+000	  1.4651101e-001	 -7.1479691e-001	  1.1168899e+000	 -7.1480843e-002	  1.5261956e+000	 -5.6393341e-001	  8.3277772e-001	  9.4722014e-001	 -1.7728091e-001	  1.1420015e+000	
  2.0605216e+000	  1.0666857e+000	 -4.6840689e-001	  5.2086335e-001	 -5.5767048e-001	  7.1227511e-001	  4.7908557e-001	  1.2596889e+000	  4.2375578e-001	  2.1527519e-001	 -1.8415122e-001	
  1.1692686e+000	  4.4570893e-001	 -6.7589323e-001	  3.4583968e-001	 -3.2005900e-001	  1.7154795e+000	  6.9003323e-001	  1.3023800e+000	 -8.6214580e-001	 -9.6882846e-001	  2.3463386e-001	
  1.9510840e-001	  1.6199196e+000	  4.6528163e-001	  1.7081861e+000	  1.2445212e+000	  1.8234344e-002	  6.5487529e-001	  9.7508144e-001	  8.3911337e-001	  7.3010286e-001	  1.2041975e-001	
  3.5401397e-001	 -1.8655837e-001	  1.6702002e-001	 -2.6910836e-001	  3.4525313e-001	  8.0691703e-001	  4.9080489e-001	 -3.8391907e-001	 -2.3057467e-001	 -4.2138645e-002	  2.4097909e-001	
  6.3838584e-002	  6.3200197e-001	  5.0418531e-001	  1.1641936e+000	  1.4382659e+000	  1.3180465e-001	 -2.4844947e-002	 -3.2699758e-001	  1.1065354e+000	  7.3653821e-001	  8.6281149e-001	
 -3.7833343e-001	  8.5781172e-001	 -2.2850081e-001	  3.6949153e-001	  7.4741604e-002	  2.7692227e-001	  8.1894569e-001	  7.1893475e-001	  8.0497439e-001	  9.3003619e-002	  1.1407452e-001	
  2.2274415e-001	  6.8845441e-001	 -1.1686733e+000	 -7.1849346e-001	 -4.8455926e-001	 -2.5307250e-001	 -6.0002890e-002	 -5.3333797e-001	 -4.8092719e-001	  2.6032261e-001	  5.3920483e-001	
 -2.5871208e+000	 -3.3891051e+000	 -2.0161253e+000	 -2.3031672e+000	 -1.2120159e+000	 -3.1112586e+000	 -2.5855152e+000	 -2.2125218e+000	 -2.7568592e+000	 -3.1439754e+000	 -2.8935638e+000	
 -1.2695864e+000	 -1.3607691e+000	 -1.3113201e+000	 -1.5841511e+000	 -1.5263942e+000	 -3.6033335e-001	 -2.1987778e+000	 -1.5351561e+000	 -7.1421022e-001	 -5.5009337e-002	 -1.0724832e+000	
  1.2798116e+000	  1.2393004e-001	 -3.7763162e-001	 -1.0543497e+000	 -1.2595382e+000	  1.6713133e+000	  5.7284009e-001	 -2.1315460e-001	 -4.1264923e-001	 -5.7627236e-001	 -6.8542428e-001	
  1.2314491e+000	 -3.6156092e-001	  6.0792848e-001	  1.3486780e+000	  1.1494766e+000	  5.0406288e-001	  3.0329586e-001	 -6.8987206e-001	  1.3357445e-001	 -3.1242317e-001	 -1.1993878e+000	
 -1.9068668e-002	  4.0054698e-001	 -8.8986351e-001	 -2.8802983e-001	  6.9618700e-001	  6.2400574e-002	  8.0136672e-001	 -2.7719128e-001	  5.4324221e-001	  5.6278387e-001	  2.7270523e-001	
  1.1899954e+000	  1.0699430e-001	  2.8373108e-001	 -5.1981794e-001	 -1.7018100e-001	 -6.3788656e-002	  1.0474723e+000	 -2.4873053e-001	 -3.2730178e-001	  1.0454348e+000	 -7.8060271e-001	
  1.0241809e+000	 -5.1072520e-002	 -7.4721665e-001	  8.0938988e-002	 -4.7724813e-001	  1.8228034e-001	  4.5470940e-002	  4.5567287e-001	  4.2375578e-001	  2.2171054e-001	  9.4529946e-001	
 -2.4706361e-001	  5.9813051e-001	  1.4702936e+000	 -2.5964762e-001	  2.6117522e-001	  1.0025734e-001	  6.5487529e-001	  6.4337645e-002	  4.1806595e-001	 -1.0005676e-001	  2.7270523e-001	
  3.2637822e-001	 -7.6237323e-001	 -8.9634746e-001	 -2.1234392e-001	 -9.0494879e-001	 -1.4771080e+000	  5.7190254e-002	 -4.1237981e-001	 -9.8163223e-001	 -4.0895336e-001	 -1.0788285e+000	
  8.8600217e-001	  3.4973978e-001	  1.7944910e+000	  9.0875365e-001	  1.4784771e+000	  9.2048734e-001	  9.3027918e-001	  7.1893475e-001	  1.4137862e+000	  6.4644337e-001	  1.5100248e+000	
  1.0656345e+000	  8.0135928e-001	  6.9221981e-001	 -9.8815054e-002	  5.9383129e-001	  6.8703727e-001	 -1.0688015e-001	  4.9836399e-001	 -5.5489498e-001	 -1.7728091e-001	 -1.3770542e+000	
 -1.0888486e-001	  1.0666857e+000	 -5.5269821e-001	 -6.6645940e-001	 -4.4800364e-001	  8.1953596e-001	  6.8417358e-001	  2.5644766e-001	 -1.5660688e-001	  4.2120626e-001	 -3.8719854e-001	
