  4.5227329e-001	  6.8869323e-001	  1.1192383e+000	  1.1526146e+000	  1.3220075e+000	  5.5480565e-001	  8.8047987e-001	 -5.5832206e-002	  5.4572855e-001	  4.7078067e-001	  4.7922817e-001	
  3.8793344e-001	  6.4459564e-001	  8.5424138e-001	  8.9659579e-001	  7.9740151e-001	  5.4155803e-001	  7.3869251e-001	 -5.2446918e-002	  4.0771915e-001	  4.7078067e-001	  3.8255900e-001	
  1.3976545e-001	  4.5560595e-001	 -5.5907557e-001	 -1.0144363e-001	 -7.5272471e-001	  2.8543750e-001	  2.0062766e-001	 -3.2665527e-001	 -1.1065762e-001	  2.6460849e-002	  1.0175810e-001	
  4.7984751e-001	  7.0759220e-001	  1.0920591e+000	  1.1482753e+000	  1.3287767e+000	  4.9739932e-001	  8.4048856e-001	  8.4882719e-003	  4.8513906e-001	  5.5781239e-001	  4.3779853e-001	
  4.4308188e-001	  7.0129254e-001	  1.0852643e+000	  1.0397928e+000	  1.1629335e+000	  6.0779610e-001	  8.5139528e-001	 -3.5520476e-002	  4.4474607e-001	  4.7536129e-001	  4.3779853e-001	
  4.7851383e-002	  4.9340389e-001	 -4.0959012e-001	  7.2128440e-002	 -5.4288229e-001	  4.8415171e-001	  3.9331304e-001	 -2.2848191e-001	 -3.9969879e-002	  7.2267016e-002	  1.2937786e-001	
  5.6716587e-001	  7.0444237e-001	  1.2551342e+000	  1.1829897e+000	  1.3863141e+000	  5.8571674e-001	  8.8775101e-001	  6.2652885e-002	  5.8275547e-001	  5.7155424e-001	  6.1272368e-001	
  3.5116781e-001	  5.7529942e-001	  1.3399332e-001	  4.3662980e-001	  1.8953847e-002	  4.5765648e-001	  5.8599843e-001	 -1.0322624e-001	  1.8892376e-001	  2.6007230e-001	  3.2271619e-001	
  1.1085756e-002	  3.8945956e-001	 -9.3278919e-001	 -2.5765850e-001	 -9.2195246e-001	  3.2959621e-001	  1.7154307e-001	 -3.6050815e-001	 -2.1837228e-001	  1.2718999e-002	 -1.0078681e-001	
  3.7414633e-001	  6.1939701e-001	  4.6693818e-001	  6.2321978e-001	  2.3894993e-001	  5.7688500e-001	  6.6234547e-001	 -1.6675930e-003	  2.6970975e-001	  3.1503970e-001	  3.7795571e-001	
  1.5814827e-001	  4.6505543e-001	 -5.4548598e-001	 -3.2014805e-002	 -7.5610926e-001	  3.7375493e-001	  2.9151699e-001	 -2.6233479e-001	 -1.0392545e-001	  9.0589483e-002	  5.1121875e-002	
  4.5686899e-001	  6.6979426e-001	  5.8924445e-001	  8.8791719e-001	  3.6079391e-001	  5.4155803e-001	  6.5870990e-001	 -7.6143936e-002	  3.2020100e-001	  4.2955512e-001	  4.3319523e-001	
 -2.4167793e-001	  2.6976609e-001	 -8.5804646e-001	 -3.2708733e-001	 -9.1179879e-001	  2.1036769e-001	  7.3382593e-002	 -4.7899325e-001	 -3.2272085e-001	 -2.0256999e-001	 -1.2840657e-001	
  2.0870100e-001	  5.6899976e-001	 -1.4459320e-001	  3.2814725e-001	 -2.1796501e-001	  4.7973583e-001	  5.2419368e-001	 -1.5062028e-001	  9.1307356e-002	  2.9213662e-001	  2.8128655e-001	
 -1.0780960e+000	 -5.0194181e-001	 -1.7821383e+000	 -1.2873748e+000	 -1.5477567e+000	 -5.9332087e-001	 -6.7190994e-001	 -9.0892486e-001	 -1.0598930e+000	 -1.0270810e+000	 -1.1595443e+000	
 -1.6355098e-001	  2.9496471e-001	 -9.4637877e-001	 -3.5312314e-001	 -1.0201046e+000	  3.0310099e-001	  1.4972963e-001	 -4.0790219e-001	 -3.4964951e-001	 -8.3473953e-002	 -1.7443950e-001	
  4.3848618e-001	  6.0679770e-001	  4.2616942e-001	  6.6661279e-001	  2.5925726e-001	  5.0181519e-001	 -1.9007337e+000	 -1.1676740e-001	  3.6059399e-001	  4.7078067e-001	  3.0890631e-001	
  3.3278500e-001	  6.2569667e-001	  3.8540066e-001	  6.8397000e-001	  2.6941092e-001	  5.1947868e-001	 -1.9007337e+000	 -9.9840954e-002	  2.9663842e-001	  3.7458772e-001	  2.9969972e-001	
  1.3976545e-001	  5.5325062e-001	 -1.0382444e-001	  2.5437912e-001	 -3.9057731e-001	  4.2232951e-001	 -1.8831739e+000	 -2.1155547e-001	  9.1307356e-002	  2.0052428e-001	  1.8461739e-001	
  4.5686899e-001	  7.0759220e-001	  1.0512904e+000	  1.1005430e+000	  1.1460107e+000	  5.3714216e-001	 -1.8848099e+000	 -4.9061629e-002	  4.7840690e-001	  4.6161944e-001	  5.2986439e-001	
  4.1550766e-001	  6.1939701e-001	  5.2809131e-001	  8.4886347e-001	  4.8940700e-001	  5.3272629e-001	 -1.8680499e+000	 -2.1979323e-002	  3.1346883e-001	  3.4252340e-001	  4.1938535e-001	
 -1.5307727e+000	 -9.7126620e-001	 -1.9343417e+000	 -1.4700594e+000	 -1.6333859e+000	 -1.1320572e+000	 -1.8871003e+000	 -1.0849599e+000	 -1.2921527e+000	 -1.5593487e+000	 -1.5719994e+000	
 -5.3254092e-002	  3.3276265e-001	 -8.8522563e-001	 -2.8369431e-001	 -9.8287445e-001	  2.7660576e-001	 -1.8661594e+000	 -3.4358171e-001	 -2.6886352e-001	 -9.7215803e-002	 -1.7927526e-002	
 -8.4371508e-001	 -2.5625521e-001	 -1.5409232e+000	 -1.0647686e+000	 -1.4482508e+000	 -2.6213053e-001	 -1.9007337e+000	 -7.5320160e-001	 -9.0168711e-001	 -8.5759818e-001	 -8.1890059e-001	
  5.9014439e-001	  6.7924375e-001	  1.2687238e+000	  1.1656325e+000	  1.2847774e+000	  5.8130087e-001	 -1.9007337e+000	  2.2029425e-002	  5.4572855e-001	  4.2497451e-001	  5.4367427e-001	
  1.2597834e-001	  4.7135509e-001	 -1.7856716e-001	  2.7607563e-001	 -3.8042365e-001	  3.0751686e-001	 -1.9007337e+000	 -2.0817018e-001	  3.4083946e-002	  9.0589483e-002	  1.8922068e-001	
  3.8333773e-001	  5.5640045e-001	  1.6117249e-001	  4.5398700e-001	 -5.2121809e-002	  5.0181519e-001	 -1.9007337e+000	 -8.9685089e-002	  1.6872726e-001	  3.4710402e-001	  3.6414583e-001	
 -5.8635569e-001	 -9.5613979e-002	 -1.3540664e+000	 -8.4780355e-001	 -1.2874844e+000	 -8.5495683e-002	 -1.9007337e+000	 -6.5502824e-001	 -6.9972214e-001	 -5.7818056e-001	 -5.7492603e-001	
  1.8572249e-001	  4.7135509e-001	 -1.0382444e-001	  4.1927259e-001	 -2.5181056e-001	  3.4725970e-001	 -1.8862278e+000	 -2.0139960e-001	  1.3843252e-001	  2.6465292e-001	  2.2604703e-001	
  1.0759553e-001	  4.5245612e-001	 -4.0959012e-001	  4.1753327e-002	 -4.9211397e-001	  3.4284383e-001	 -1.8800473e+000	 -2.2171133e-001	 -1.3041215e-002	  1.0433133e-001	  2.1223715e-001	
 -1.9607468e+000	 -1.4377558e+000	 -9.8714753e-001	 -3.4010524e-001	 -9.7948989e-001	 -1.7992953e+000	 -1.1081787e+000	 -1.2132623e+000	 -1.4604569e+000	 -1.8630436e+000	 -1.9881371e+000	
 -1.9149736e+000	 -1.4472052e+000	  8.4744659e-001	  9.2697091e-001	  6.2478920e-001	 -1.7970874e+000	 -3.4834391e-001	 -1.2508390e+000	 -1.4604569e+000	 -1.9462734e+000	 -1.9619904e+000	
 -1.9742581e+000	 -1.5130366e+000	 -1.0382444e-001	  2.8909353e-001	 -2.5857967e-001	 -1.9445775e+000	 -8.3187516e-001	 -1.2466412e+000	 -1.4604569e+000	 -1.9051852e+000	 -1.9881371e+000	
 -1.9540830e+000	 -1.4638993e+000	 -4.9466093e-002	  4.0191538e-001	 -2.3488778e-001	 -1.9004188e+000	 -7.4825698e-001	 -1.2508390e+000	 -1.4604569e+000	 -1.9752687e+000	 -1.8767374e+000	
 -1.8823441e+000	 -1.3363313e+000	  1.1056487e+000	  1.1222395e+000	  1.1493952e+000	 -1.5820344e+000	 -5.0226900e-002	 -1.1750085e+000	 -1.4220835e+000	 -1.8314373e+000	 -1.7966401e+000	
 -1.9834495e+000	 -1.4758687e+000	  8.6429767e-002	  5.1039793e-001	 -1.8276259e-002	 -1.9445775e+000	 -7.1917239e-001	 -1.2508390e+000	 -1.4604569e+000	 -1.9752687e+000	 -1.9881371e+000	
 -1.9099183e+000	 -1.4229516e+000	  1.8155687e-001	  5.9718396e-001	  2.5722957e-002	 -1.8359470e+000	 -5.3739372e-001	 -1.1980285e+000	 -1.4604569e+000	 -1.9446243e+000	 -1.9509885e+000	
 -1.9172714e+000	 -1.4251564e+000	 -4.2671300e-002	  4.1059398e-001	 -3.0934799e-001	 -1.7599941e+000	 -7.0463010e-001	 -1.1692535e+000	 -1.4482380e+000	 -1.7860892e+000	 -1.8541813e+000	
 -1.9223267e+000	 -1.4846252e+000	  8.5424138e-001	  9.2263160e-001	  9.4970649e-001	 -1.9445775e+000	 -2.8290359e-001	 -1.2508390e+000	 -1.4604569e+000	 -1.9752687e+000	 -1.9011349e+000	
 -1.9680539e+000	 -1.5049416e+000	  7.7270386e-001	  9.7904253e-001	  7.1617219e-001	 -1.8854048e+000	 -3.5197948e-001	 -1.2508390e+000	 -1.4604569e+000	 -1.9752687e+000	 -1.9881371e+000	
 -1.9200288e+000	 -1.4405906e+000	 -7.6645265e-002	  3.2380795e-001	 -3.0596344e-001	 -1.8668581e+000	 -8.2460401e-001	 -1.2460319e+000	 -1.4261228e+000	 -1.9518617e+000	 -1.8679912e+000	
 -1.7555026e+000	 -1.2805793e+000	 -2.0879040e+000	 -1.6418958e+000	 -1.6925480e+000	 -1.4853269e+000	 -1.3881179e+000	 -1.1337080e+000	 -1.4113121e+000	 -1.8543404e+000	 -1.8380698e+000	
 -1.7922683e+000	 -1.2764846e+000	 -1.0686850e+000	 -4.7462359e-001	 -1.0979493e+000	 -1.5515649e+000	 -9.9184039e-001	 -1.1821176e+000	 -1.3810173e+000	 -1.7631861e+000	 -1.7782269e+000	
 -1.7123030e+000	 -1.2619953e+000	 -2.0138408e+000	 -1.4804738e+000	 -1.6663177e+000	 -1.5913078e+000	 -1.5429933e+000	 -1.1814406e+000	 -1.3971745e+000	 -1.8598371e+000	 -1.8445144e+000	
 -8.0828313e-002	  2.7606574e-001	  1.4114144e+000	 -1.6418958e+000	  1.5690801e+000	  2.0153595e-001	  8.2958184e-001	 -3.6727873e-001	 -3.0252435e-001	 -1.0184085e-002	 -1.0999340e-001	
 -1.9572090e-001	  2.6976609e-001	  1.3026977e+000	 -1.6418958e+000	  1.6300021e+000	  2.1919943e-001	  8.1867512e-001	 -4.7560796e-001	 -3.6311384e-001	 -1.7050567e-001	 -1.1919998e-001	
 -5.2201584e-001	  5.1805224e-003	 -6.9850472e-002	 -1.6418958e+000	 -3.9396187e-001	  7.2376129e-003	  1.8972094e-001	 -6.2456064e-001	 -6.8625781e-001	 -5.4153563e-001	 -5.5190957e-001	
 -7.9775805e-001	 -2.1845728e-001	 -8.6484126e-001	 -1.6418958e+000	 -9.3887523e-001	 -2.0914008e-001	 -5.7498046e-002	 -7.4304573e-001	 -8.7139237e-001	 -8.0721140e-001	 -7.2683472e-001	
 -5.5878147e-001	 -1.0568618e-002	 -1.8536195e-001	 -1.6396958e+000	 -4.3457653e-001	 -5.9000456e-002	  1.0610275e-001	 -5.9070776e-001	 -6.7615956e-001	 -5.0947131e-001	 -5.0127334e-001	
 -1.4057246e-001	  2.6661626e-001	  1.2823133e+000	 -1.6418958e+000	  1.6029256e+000	  2.5452640e-001	  7.7141267e-001	 -4.0451690e-001	 -3.4964951e-001	 -8.8054570e-002	 -1.9285268e-001	
 -6.1392991e-001	 -3.2617415e-002	 -3.0766823e-001	 -1.6418958e+000	 -4.9888308e-001	 -7.2248069e-002	  1.2428062e-001	 -6.2794593e-001	 -7.9060638e-001	 -6.6521228e-001	 -6.0714909e-001	
 -3.7035763e-001	  8.3926226e-002	  2.6988918e-001	 -1.6256234e+000	  9.6798613e-002	  1.6069355e-002	  3.6422846e-001	 -5.2977257e-001	 -5.7181099e-001	 -3.4456911e-001	 -3.6777783e-001	
 -2.2789082e-001	  1.6267193e-001	  9.2218931e-001	 -1.6418958e+000	  1.0106285e+000	  1.1321852e-001	  6.6234547e-001	 -4.7560796e-001	 -4.6746241e-001	 -2.2547307e-001	 -2.6650537e-001	
 -2.6925215e-001	  1.9102038e-001	  8.2026741e-001	 -1.6190711e+000	  8.2447795e-001	  1.7945659e-001	  5.8236286e-001	 -4.3498450e-001	 -4.7082850e-001	 -2.9876294e-001	 -3.1714160e-001	
 -3.2899630e-001	  1.5952210e-001	  2.7668397e-001	 -1.6418958e+000	  5.9568507e-002	  1.6620898e-001	  4.1512648e-001	 -5.0607555e-001	 -5.6171274e-001	 -4.4992329e-001	 -3.6777783e-001	
 -1.5836233e+000	 -1.0216635e+000	 -1.8480478e+000	 -1.6012365e+000	 -1.5074805e+000	 -1.1673841e+000	 -1.0427384e+000	 -1.0985010e+000	 -1.2881134e+000	 -1.5126264e+000	 -1.4955847e+000	
 -3.1980489e-001	  1.1857434e-001	  5.6206528e-001	 -1.6418958e+000	  4.4202323e-001	  2.8217417e-003	  4.3693992e-001	 -5.2977257e-001	 -5.7181099e-001	 -4.1327836e-001	 -3.3555477e-001	
 -3.4278341e-001	  1.2172416e-001	  8.8821534e-001	 -1.6418958e+000	  9.9370570e-001	  1.0880265e-001	  5.8236286e-001	 -4.9930498e-001	 -4.6409633e-001	 -3.1250479e-001	 -2.5729879e-001	
  4.0172055e-001	 -1.5130366e+000	  3.9899025e-001	  6.7529140e-001	  2.1525804e-001	 -8.2736205e-001	  3.4968616e-001	 -8.9685089e-002	  3.2356708e-001	  3.3794279e-001	  3.0430302e-001	
  5.3959165e-001	 -1.5130366e+000	  9.9013724e-001	  1.1005430e+000	  1.2170863e+000	 -6.5514307e-001	  6.1871859e-001	  5.1029836e-003	  5.1879989e-001	  4.7078067e-001	  5.3907098e-001	
  1.1085756e-002	 -1.5130366e+000	 -4.2997450e-001	  1.5457517e-001	 -6.0380428e-001	 -8.8476838e-001	  2.9755713e-002	 -2.2171133e-001	 -1.6407298e-002	  8.6008866e-002	  1.7080751e-001	
  3.0061507e-001	 -1.5130366e+000	  2.6309439e-001	  5.6680885e-001	  5.6183952e-002	 -8.2736205e-001	  3.4605059e-001	 -9.6455666e-002	  2.3268284e-001	  3.1962032e-001	  3.6414583e-001	
 -2.1869942e-001	 -1.5130366e+000	 -1.0618903e+000	 -4.4424848e-001	 -1.0979493e+000	 -1.0614032e+000	 -3.2289490e-001	 -4.1467277e-001	 -3.5974776e-001	 -2.2547307e-001	 -2.1126585e-001	
  3.5576351e-001	 -1.5130366e+000	  8.0667783e-001	  9.5300672e-001	  7.4663318e-001	 -7.4787637e-001	  5.0965139e-001	 -6.2602783e-002	  3.6396008e-001	  4.5245821e-001	  3.1350960e-001	
  5.6716587e-001	 -1.5130366e+000	  1.2143654e+000	  1.0745072e+000	  1.2813929e+000	 -7.9645095e-001	  6.3689646e-001	  1.5258849e-002	  4.8850514e-001	  4.7536129e-001	  5.1605451e-001	
 -9.3103345e-001	 -1.5130366e+000	 -1.6666268e+000	 -1.0647686e+000	 -1.4242204e+000	 -1.5188875e+000	 -9.9547596e-001	 -8.2429265e-001	 -9.1515145e-001	 -8.8508188e-001	 -8.9715658e-001	
  2.8223226e-001	 -1.5130366e+000	 -1.9025420e-003	  3.4984376e-001	 -2.1458045e-001	 -8.8476838e-001	  1.4609406e-001	 -1.4723499e-001	  1.6536118e-001	  3.0129785e-001	  2.9969972e-001	
  4.7525180e-001	 -1.5130366e+000	  1.1124435e+000	  1.0397928e+000	  1.2712392e+000	 -7.6553985e-001	  6.1144744e-001	 -1.6675930e-003	  5.2216597e-001	  5.3490931e-001	  4.4240182e-001	
  5.6257017e-001	 -1.5029257e+000	  1.3026977e+000	  1.2133648e+000	  1.6164638e+000	 -7.1254940e-001	  6.7688776e-001	  1.5258849e-002	  5.6592505e-001	  4.8910314e-001	  5.3446769e-001	
 -1.7733809e-001	 -1.4698840e+000	 -1.1094538e+000	 -4.8330220e-001	 -1.1114875e+000	 -1.0702350e+000	 -3.1198818e-001	 -4.1128748e-001	 -3.6984601e-001	 -1.1553827e-001	 -1.2380328e-001	
 -6.5988695e-001	 -1.5130366e+000	 -1.5361668e+000	 -9.6496470e-001	 -1.3348682e+000	 -1.2733650e+000	 -7.0099452e-001	 -6.6856939e-001	 -7.8724029e-001	 -6.3772858e-001	 -6.5778532e-001	
 -1.1056702e+000	 -1.4953031e+000	 -1.7787409e+000	 -1.3016945e+000	 -1.5920944e+000	 -1.5078478e+000	 -1.1808902e+000	 -9.2923659e-001	 -1.0969199e+000	 -1.1690801e+000	 -1.2193871e+000	
  1.1600116e+000	  1.0414740e+000	  5.0091214e-001	  6.4925559e-001	  3.2694836e-001	  8.8599599e-001	  8.0413283e-001	  4.2487873e-001	  1.9392869e+000	  1.1029058e+000	  1.0316234e+000	
  1.0267362e+000	  9.6587811e-001	  1.2075706e+000	  1.1656325e+000	  1.4912353e+000	  8.2858966e-001	  9.2047117e-001	  4.4519046e-001	  1.8887957e+000	  1.0479384e+000	  1.0270201e+000	
  1.0129491e+000	  1.0099757e+000	  7.1155073e-001	  9.3564951e-001	  8.0417062e-001	  8.5066902e-001	  8.9502216e-001	  4.1472287e-001	  1.8719652e+000	  1.1441313e+000	  1.0546398e+000	
  1.1002675e+000	  1.0068259e+000	  5.8924445e-001	  8.0113115e-001	  4.1833134e-001	  8.8599599e-001	  8.1503955e-001	  4.5196104e-001	  1.8786974e+000	  1.0433578e+000	  1.1144827e+000	
  1.0405233e+000	  1.0603730e+000	 -1.6149864e+000	 -1.0517507e+000	 -1.4062823e+000	  8.3300553e-001	  3.7513518e-001	  4.8242864e-001	  1.8854296e+000	  1.0754221e+000	  1.1743255e+000	
  1.0910761e+000	  1.0194252e+000	 -1.7067161e+000	 -1.1515547e+000	 -1.4235435e+000	  8.3742140e-001	  3.8240632e-001	  4.6211691e-001	  1.8820635e+000	  1.0341965e+000	  1.0684497e+000	
  1.0818847e+000	  1.0666726e+000	 -1.8038817e+000	 -1.1732512e+000	 -1.4130514e+000	  7.9326269e-001	  4.1876206e-001	  4.8242864e-001	  1.9392869e+000	  1.1120670e+000	  1.1559123e+000	
  1.0956718e+000	  9.8162725e-001	  6.0283404e-001	  8.4886347e-001	  6.0448187e-001	  7.5793572e-001	  8.3685299e-001	  4.8242864e-001	  1.8685992e+000	  1.1074864e+000	  1.0684497e+000	
  1.0726933e+000	  9.8792691e-001	  9.1539452e-001	  9.8772113e-001	  9.1586094e-001	  8.7274837e-001	  8.2958184e-001	  4.2487873e-001	  1.8753313e+000	  1.0296159e+000	  1.0270201e+000	
  1.0864804e+000	  1.0635228e+000	  7.4552469e-001	  8.9225649e-001	  8.7863083e-001	  8.0651031e-001	  9.4955576e-001	  4.4519046e-001	  1.8786974e+000	  1.0937445e+000	  1.1513090e+000	
  1.0405233e+000	  9.7847742e-001	  1.2143654e+000	  1.2046862e+000	  1.5284654e+000	  8.0209443e-001	  9.7500477e-001	  3.9779643e-001	  1.8854296e+000	  9.9755160e-001	  1.0960695e+000	
  1.0910761e+000	  1.0320245e+000	 -1.4172579e+000	 -8.2176774e-001	 -1.2908690e+000	  7.8001508e-001	  4.7329566e-001	  3.8764056e-001	  1.8484027e+000	  9.6090666e-001	  1.1236892e+000	
  9.8537489e-001	  1.0194252e+000	 -1.0686850e+000	 -4.7896290e-001	 -1.0573347e+000	  8.3742140e-001	  4.6602451e-001	  4.2487873e-001	  1.9729477e+000	  1.1349701e+000	  1.0868629e+000	
  1.1554159e+000	  1.0761221e+000	  3.7181107e-001	  5.9718396e-001	  1.3402872e-001	  8.6833250e-001	  7.4959923e-001	  4.6550219e-001	  1.8988939e+000	  1.1303895e+000	  1.0270201e+000	
  1.1324374e+000	  1.0099757e+000	  2.9706835e-001	  4.7568351e-001	  3.9261177e-002	  1.2834244e+000	  1.0840720e+000	  2.1683022e+000	  2.9663842e-001	  1.2174212e+000	  1.1236892e+000	
  7.9235534e-001	  8.3988498e-001	 -1.5796535e+000	 -8.4346425e-001	 -1.3382527e+000	  1.2878403e+000	  8.0413283e-001	  2.1683022e+000	 -6.7279347e-001	  7.4561768e-001	  7.2780601e-001	
  9.8537489e-001	  9.7532759e-001	 -7.9689333e-001	 -2.4897990e-001	 -8.2718492e-001	  1.2745927e+000	  8.9138659e-001	  2.2021551e+000	 -2.2510444e-001	  9.3800358e-001	  8.9352458e-001	
  1.1829901e+000	  1.0414740e+000	  1.2483394e+000	  1.2437399e+000	  1.5724646e+000	  1.1641959e+000	  1.2149526e+000	  2.1344493e+000	  5.2553206e-001	  1.1120670e+000	  1.2111518e+000	
  1.1554159e+000	  9.8477708e-001	  6.5719238e-001	  8.5754208e-001	  7.2294130e-001	  1.2083546e+000	  1.1313344e+000	  2.1344493e+000	  3.7405832e-001	  1.1166476e+000	  1.1282925e+000	
  1.0818847e+000	  1.0162754e+000	  1.1360894e-001	  4.5398700e-001	 -9.9505580e-002	  1.2171863e+000	  9.6773363e-001	  2.0802847e+000	  1.6872726e-001	  1.1487120e+000	  9.8559045e-001	
  1.0037577e+000	  9.6587811e-001	  5.9250595e-002	  4.2361189e-001	 -1.3335113e-001	  1.3187514e+000	  1.0440807e+000	  2.1344493e+000	  1.7545943e-001	  1.1212283e+000	  9.9019374e-001	
  1.2151601e+000	  1.0414740e+000	  9.8334245e-001	  1.0397928e+000	  8.8878450e-001	  1.1862752e+000	  1.1567834e+000	  2.1344493e+000	  4.5821040e-001	  1.2128406e+000	  1.2157551e+000	
  1.1370331e+000	  1.0162754e+000	  8.4065179e-001	  9.6602462e-001	  8.4816983e-001	  1.2525133e+000	  1.2040459e+000	  2.1683022e+000	  4.2454957e-001	  1.1395507e+000	  1.1006728e+000	
  9.4401355e-001	  9.6587811e-001	 -6.4061309e-001	 -8.8425729e-002	 -8.8810691e-001	  1.2304339e+000	  9.0229331e-001	  2.1344493e+000	 -9.3827206e-002	  9.3800358e-001	  9.8559045e-001	
  1.0864804e+000	  9.7847742e-001	  3.1745273e-001	  5.3643374e-001	  1.5569292e-002	  1.2348498e+000	  1.0222672e+000	  2.1073670e+000	  2.2931676e-001	  1.0845833e+000	  1.0684497e+000	
  7.3720690e-001	  8.3358533e-001	 -1.3744507e+000	 -8.6082146e-001	 -1.3111763e+000	  1.2039387e+000	  7.4959923e-001	  2.1683022e+000	 -6.8625781e-001	  7.6852076e-001	  7.2320272e-001	
  1.0956718e+000	  9.8477708e-001	  1.2483394e+000	  1.2263827e+000	  1.5555418e+000	  1.2525133e+000	  1.1531479e+000	  2.1209082e+000	  5.5246072e-001	  1.1532926e+000	  1.2203584e+000	
  1.1692030e+000	  1.0477736e+000	  1.2687238e+000	  1.2480792e+000	  1.5860028e+000	  1.2790085e+000	  1.2404016e+000	  2.1039817e+000	  5.4572855e-001	  1.0891639e+000	  1.1052761e+000	
