  5.4118536e-001	  7.4072519e-001	  9.7490121e-001	  1.0398561e+000	  8.5502707e-001	  6.9931467e-001	  8.2837555e-001	  8.4243496e-002	  5.2069550e-001	  5.5026383e-001	  5.1662850e-001	
  3.2744207e-001	  5.6272298e-001	  1.8758945e-001	  5.3822390e-001	 -5.1332903e-003	  4.7666841e-001	  6.2163601e-001	 -8.8745194e-002	  2.6649039e-001	  4.0591294e-001	  2.9030354e-001	
  3.3616629e-001	  6.0262003e-001	 -9.3104305e-002	  2.7650274e-001	 -3.6853437e-001	  5.0187365e-001	  5.1826624e-001	 -1.1535884e-001	  1.6546015e-001	  2.6593632e-001	  2.8595114e-001	
  5.8916855e-001	  6.9162113e-001	  1.0159783e+000	  9.7006382e-001	  8.9503453e-001	  6.0269459e-001	  9.3912888e-001	  1.0758566e-003	  5.3373166e-001	  4.6277844e-001	  5.3403811e-001	
 -5.7115217e-001	 -8.7905776e-002	 -1.3391107e+000	 -9.1432855e-001	 -1.2720361e+000	 -1.6186425e-001	 -2.4223994e-001	 -6.6426526e-001	 -6.6885406e-001	 -5.8704618e-001	 -6.2370109e-001	
 -4.2284050e-001	  1.3306248e-001	 -1.2980336e+000	 -8.1400211e-001	 -1.2653682e+000	  1.2799597e-001	 -1.0933595e-001	 -5.4783056e-001	 -5.6456478e-001	 -3.1584149e-001	 -4.0172854e-001	
 -5.4934163e-001	 -1.9736762e-003	 -1.4774038e+000	 -9.5794875e-001	 -1.3603860e+000	 -1.1985552e-001	 -2.6808239e-001	 -6.4097832e-001	 -6.7863118e-001	 -5.3018068e-001	 -5.7147226e-001	
 -3.7049521e-001	  9.9303442e-002	 -1.3048798e+000	 -7.4857182e-001	 -1.1720175e+000	  7.7585499e-002	 -4.2883954e-002	 -5.6113739e-001	 -5.0916111e-001	 -3.8145553e-001	 -3.5820451e-001	
  2.3583780e-001	  5.8113700e-001	  2.7423438e-003	  3.3320899e-001	 -1.3182358e-001	  5.2707889e-001	  5.4041690e-001	 -7.8765077e-002	  1.5568303e-001	  3.7966733e-001	  3.2947517e-001	
  5.2373693e-001	  7.3765618e-001	  1.3651340e+000	  1.1750787e+000	  1.6751800e+000	  6.0269459e-001	  9.9081376e-001	  6.7609968e-002	  5.8261726e-001	  5.7650944e-001	  5.0792369e-001	
  5.3682325e-001	  7.6220821e-001	  1.2282102e+000	  1.1794408e+000	  1.4784766e+000	  5.6488674e-001	  9.1697821e-001	  1.1418385e-001	  5.6306302e-001	  6.1150360e-001	  5.6885733e-001	
 -1.8006995e+000	 -1.3228728e+000	 -2.0713552e+000	 -1.6864060e+000	 -1.6335369e+000	 -1.6397313e+000	 -1.6990154e+000	 -1.1783743e+000	 -1.3793248e+000	 -1.7777223e+000	 -1.8249643e+000	
 -6.5147646e-002	  3.2027170e-001	 -7.2295371e-001	 -3.1673190e-001	 -8.1861828e-001	  2.7502652e-001	  2.4507470e-001	 -3.5155493e-001	 -2.1910656e-001	 -6.2133870e-002	  2.0454553e-002	
  3.0563153e-001	  6.3944807e-001	  2.8343610e-001	  5.9056813e-001	  1.1155513e-001	  5.3548063e-001	  6.9547156e-001	 -2.2508490e-003	  2.7952655e-001	  4.6277844e-001	  4.0346602e-001	
  5.2809904e-001	  6.8855213e-001	  1.0228245e+000	  9.8314988e-001	  1.1350793e+000	  5.5648499e-001	  9.1328643e-001	 -2.5537788e-002	  4.7180990e-001	  4.4965563e-001	  4.8180927e-001	
  5.1065061e-001	  7.1003515e-001	  1.1734407e+000	  1.1140105e+000	  1.3451184e+000	  5.3548063e-001	  9.4282065e-001	 -1.5557671e-002	  5.3047262e-001	  5.2839248e-001	  4.7745687e-001	
  1.2242300e-001	  4.9827391e-001	 -3.3272093e-001	  9.7659943e-002	 -4.8855675e-001	  3.6324485e-001	 -1.8223207e+000	 -2.0517989e-001	  4.4875676e-002	  1.8282521e-001	  1.7278866e-001	
  4.4958110e-001	  7.4686319e-001	  1.2761335e+000	  1.1489066e+000	  1.5151501e+000	  5.6488674e-001	 -1.8666221e+000	 -5.5775546e-003	  5.1417742e-001	  4.9777260e-001	  5.0357129e-001	
  5.4990958e-001	  7.3151818e-001	  1.1186712e+000	  1.0660282e+000	  1.2551017e+000	  5.6488674e-001	 -1.8463173e+000	 -8.9042601e-003	  5.1417742e-001	  5.0214687e-001	  5.1662850e-001	
  4.5830531e-001	  6.6706910e-001	  8.6536218e-001	  9.5261574e-001	  9.3504199e-001	  6.0689547e-001	 -1.8666221e+000	 -1.8884377e-002	  4.7832798e-001	  4.6277844e-001	  5.4709532e-001	
  1.6168197e-001	  4.7679088e-001	 -3.5325949e-001	  6.7125808e-002	 -5.7190562e-001	  3.5064223e-001	 -1.8665586e+000	 -2.0517989e-001	  1.2285277e-002	  2.0469655e-001	  1.5973145e-001	
  3.6670104e-001	  6.9469013e-001	  7.4213077e-001	  8.1739314e-001	  6.1831627e-001	  5.6908761e-001	 -1.8666221e+000	 -1.2230966e-002	  4.5877374e-001	  5.5901237e-001	  4.2087563e-001	
 -1.2802351e-002	  3.9699679e-001	 -8.0510798e-001	 -3.6907613e-001	 -9.0196716e-001	  3.2543699e-001	 -1.8427363e+000	 -3.7816858e-001	 -1.8651616e-001	 -5.3385332e-002	 -6.2241104e-002	
  4.2340845e-001	  6.7013810e-001	  2.9712848e-001	  6.5163640e-001	  3.2826220e-001	  5.1027539e-001	 -1.8406320e+000	 -8.2091783e-002	  3.3167119e-001	  4.5402990e-001	  4.4699005e-001	
 -3.6613310e-001	  1.9444255e-001	 -1.2158793e+000	 -7.5729586e-001	 -1.1753515e+000	  1.3639772e-001	 -1.8666221e+000	 -4.8129645e-001	 -4.9286591e-001	 -2.0648476e-001	 -2.8421366e-001	
  3.4925261e-001	  6.3637907e-001	  3.9982132e-001	  6.2546429e-001	  2.4157937e-001	  5.5228412e-001	 -1.8666221e+000	 -9.8725311e-002	  3.1863503e-001	  3.6654452e-001	  3.0336075e-001	
 -1.3930348e-001	  2.2820159e-001	 -1.0241860e+000	 -5.6536700e-001	 -1.1086724e+000	  2.4982128e-001	 -1.8474987e+000	 -4.5468281e-001	 -3.5598623e-001	 -1.4961926e-001	 -2.1022281e-001	
  3.7978737e-001	  7.2231117e-001	  3.5874418e-001	  5.8184409e-001	  2.6825101e-001	  5.6908761e-001	 -1.8666221e+000	 -9.5398605e-002	  2.9582175e-001	  3.1405329e-001	  3.6864679e-001	
  2.7073467e-001	  5.8420601e-001	  1.3966613e-001	  4.1608736e-001	 -3.5138884e-002	  4.7246754e-001	 -1.8666221e+000	 -9.5398605e-002	  1.9153247e-001	  2.6593632e-001	  3.2077036e-001	
  5.4118536e-001	  6.9469013e-001	  8.6536218e-001	  9.2208161e-001	  8.8169871e-001	  5.3127976e-001	 -1.8666221e+000	  1.1055973e-002	  4.8158702e-001	  5.0652113e-001	  4.8616168e-001	
 -1.7624439e+000	 -1.3984317e+000	 -5.9287611e-001	 -1.5097516e-001	 -7.1859964e-001	 -1.7170273e+000	 -9.7321190e-001	 -1.2065183e+000	 -1.3670056e+000	 -1.8424615e+000	 -1.8117765e+000	
 -1.8318014e+000	 -1.4259913e+000	  6.2574556e-001	  8.7846141e-001	  6.3832000e-001	 -1.7918029e+000	 -3.4930149e-001	 -1.2065183e+000	 -1.3793248e+000	 -1.8424615e+000	 -1.7836600e+000	
 -1.7755302e+000	 -1.3326936e+000	  1.6020469e-001	  4.3353544e-001	  8.2025292e-003	 -1.5884806e+000	 -4.5636304e-001	 -1.1685938e+000	 -1.3793248e+000	 -1.7978439e+000	 -1.7883606e+000	
 -1.8318014e+000	 -1.4185950e+000	  1.2761335e+000	  1.1227345e+000	  1.5518236e+000	 -1.7697063e+000	 -6.1342842e-002	 -1.1980352e+000	 -1.3793248e+000	 -1.8055426e+000	 -1.7899275e+000	
 -1.8008304e+000	 -1.3787287e+000	  9.6120883e-001	  9.8751190e-001	  9.2837408e-001	 -1.7027444e+000	 -2.2747283e-001	 -1.2065183e+000	 -1.3694825e+000	 -1.8424615e+000	 -1.8131258e+000	
 -1.8318014e+000	 -1.4259913e+000	  8.1059267e-001	  9.3516766e-001	  6.6832560e-001	 -1.7918029e+000	 -3.3453438e-001	 -1.2065183e+000	 -1.3793248e+000	 -1.8424615e+000	 -1.8249643e+000	
 -1.8112995e+000	 -1.4159864e+000	  1.2076716e+000	  1.0529422e+000	  1.3084449e+000	 -1.7918029e+000	 -1.8317150e-001	 -1.2065183e+000	 -1.3793248e+000	 -1.8424615e+000	 -1.8249643e+000	
 -1.8227718e+000	 -1.4059814e+000	  8.1743886e-001	  9.8751190e-001	  8.4835916e-001	 -1.7334108e+000	 -2.7546594e-001	 -1.2065183e+000	 -1.3793248e+000	 -1.8424615e+000	 -1.8249643e+000	
 -1.8076353e+000	 -1.4259913e+000	  9.8588992e-002	  3.2884697e-001	 -2.1517245e-001	 -1.7376116e+000	 -7.0740391e-001	 -1.1812353e+000	 -1.3793248e+000	 -1.6906743e+000	 -1.8185663e+000	
 -1.8067629e+000	 -1.4215106e+000	  4.8197559e-001	  6.9089458e-001	  2.5824915e-001	 -1.7918029e+000	 -4.8220548e-001	 -1.1709225e+000	 -1.3793248e+000	 -1.7742229e+000	 -1.8249643e+000	
 -1.8205035e+000	 -1.4259913e+000	  1.6705088e-001	  5.3822390e-001	 -7.5146343e-002	 -1.7742012e+000	 -7.6278058e-001	 -1.2065183e+000	 -1.3710468e+000	 -1.7506018e+000	 -1.7592430e+000	
 -1.8318014e+000	 -1.4195771e+000	  2.9028229e-001	  4.9896573e-001	  1.8204394e-002	 -1.7918029e+000	 -6.2987659e-001	 -1.2019607e+000	 -1.3793248e+000	 -1.7523515e+000	 -1.8249643e+000	
 -1.8016156e+000	 -1.4050300e+000	 -7.9826179e-001	 -4.5631652e-001	 -9.8864998e-001	 -1.7839893e+000	 -1.2574788e+000	 -1.2065183e+000	 -1.3793248e+000	 -1.8424615e+000	 -1.8249643e+000	
 -1.7292918e+000	 -1.3326936e+000	  1.0228245e+000	  1.0267701e+000	  1.1084076e+000	 -1.7409723e+000	 -2.3485639e-001	 -1.2015947e+000	 -1.3666145e+000	 -1.8424615e+000	 -1.7902757e+000	
 -8.2596078e-002	  3.7244476e-001	  1.3377492e+000	 -1.6768532e+000	  1.5151501e+000	  3.4644136e-001	  7.9145777e-001	 -4.1143563e-001	 -2.7451023e-001	 -5.7759601e-002	 -2.1457521e-001	
 -2.3963197e-001	  2.4661561e-001	  9.4067026e-001	 -1.6864060e+000	  8.6836289e-001	  2.3721866e-001	  6.5855378e-001	 -4.3139587e-001	 -4.1790799e-001	 -2.0648476e-001	 -1.7540358e-001	
 -1.7420035e-001	  1.7602853e-001	  8.6536218e-001	 -1.6864060e+000	  8.4502521e-001	  9.0188117e-002	  5.6256757e-001	 -5.0125668e-001	 -4.3094415e-001	 -2.2398183e-001	 -2.8421366e-001	
 -2.0909721e-001	  2.3740860e-001	  8.7220837e-001	 -1.6864060e+000	  8.2168752e-001	  1.4479946e-001	  6.1425245e-001	 -4.6133622e-001	 -3.8857663e-001	 -1.8461341e-001	 -2.2763242e-001	
 -1.4675654e+000	 -9.5029578e-001	 -1.6957972e+000	 -1.6864060e+000	 -1.4087283e+000	 -1.1196632e+000	 -9.5844479e-001	 -1.0481671e+000	 -1.2561330e+000	 -1.4872708e+000	 -1.4711140e+000	
 -1.8292456e-001	  2.4661561e-001	  6.8051507e-001	 -1.6662971e+000	  4.9495994e-001	  1.4900034e-001	  5.9579356e-001	 -4.0810893e-001	 -3.8857663e-001	 -1.5399352e-001	 -6.6593507e-002	
 -4.8391001e-001	  4.7130381e-002	 -1.7525857e-001	 -1.6671259e+000	 -2.8851946e-001	  1.8773280e-002	  2.2661581e-001	 -6.4763173e-001	 -6.6885406e-001	 -4.9081226e-001	 -5.3230063e-001	
 -8.5032708e-001	 -3.0580503e-001	 -8.8726225e-001	 -1.6864060e+000	 -1.0353254e+000	 -3.3410003e-001	 -1.8317150e-001	 -7.8735336e-001	 -8.6113741e-001	 -8.4512807e-001	 -8.1520683e-001	
 -8.0234390e-001	 -3.1808104e-001	 -6.8872276e-001	 -1.6864060e+000	 -8.0528246e-001	 -3.0469392e-001	 -1.4256195e-001	 -8.0066019e-001	 -8.8069165e-001	 -9.0199357e-001	 -7.4992078e-001	
 -1.5530627e+000	 -1.0454349e+000	 -1.7286589e+000	 -1.6864060e+000	 -1.4444016e+000	 -1.1826763e+000	 -1.1651843e+000	 -1.1103765e+000	 -1.2307125e+000	 -1.5629457e+000	 -1.5181199e+000	
 -5.8860060e-001	 -6.9491755e-002	 -1.3418144e-001	 -1.6864060e+000	 -3.0185528e-001	 -3.1637193e-002	  2.9675958e-001	 -6.1769138e-001	 -6.6233598e-001	 -4.4706957e-001	 -5.8452947e-001	
 -1.3650558e+000	 -8.0298361e-001	 -1.6047429e+000	 -1.6864060e+000	 -1.4283986e+000	 -8.0879865e-001	 -8.4399968e-001	 -9.8994973e-001	 -1.1381558e+000	 -1.3700404e+000	 -1.2983236e+000	
 -1.4366559e-001	  2.5275362e-001	  9.2013169e-001	 -1.6864060e+000	  9.4170990e-001	  1.9941081e-001	  6.8070445e-001	 -4.1808905e-001	 -3.9509471e-001	 -2.0211049e-001	 -1.5799397e-001	
 -1.2211063e+000	 -6.8943048e-001	 -1.4349574e+000	 -1.6750211e+000	 -1.2587003e+000	 -7.3738382e-001	 -6.4095192e-001	 -9.3206506e-001	 -1.1166461e+000	 -1.2300638e+000	 -1.2112755e+000	
  3.7106315e-001	 -1.3848667e+000	  7.2843840e-001	  8.9590949e-001	  6.2831814e-001	 -7.8779429e-001	  4.7396490e-001	 -1.0870543e-001	  3.2515311e-001	  3.5342171e-001	  3.2512276e-001	
 -1.0204493e+000	 -1.4259913e+000	 -1.8217671e+000	 -1.3998213e+000	 -1.5367522e+000	 -1.4124641e+000	 -1.1910268e+000	 -8.5388748e-001	 -1.0736268e+000	 -1.1557012e+000	 -1.1329322e+000	
  1.7476829e-001	 -1.4259913e+000	 -4.9702947e-001	 -1.5752561e-002	 -6.5525449e-001	 -8.0039691e-001	  3.0951597e-002	 -1.9519977e-001	 -3.0082242e-002	  1.8282521e-001	  1.9455067e-001	
  4.0159791e-001	 -1.4259913e+000	  1.3966613e-001	  4.7715563e-001	 -2.8470975e-002	 -6.9537509e-001	  3.5951980e-001	 -5.8804844e-002	  3.0885791e-001	  3.5342171e-001	  4.5134245e-001	
  3.9287369e-001	 -1.3885495e+000	  4.3405226e-001	  6.8217054e-001	  3.1492638e-001	 -6.7016985e-001	  4.2597180e-001	 -7.2111666e-002	  3.1537599e-001	  3.3155036e-001	  3.6864679e-001	
 -4.5773736e-001	 -1.4259913e+000	 -1.3733417e+000	 -9.6667279e-001	 -1.2920399e+000	 -1.1784755e+000	 -6.6679436e-001	 -6.2101809e-001	 -6.9492638e-001	 -5.9142045e-001	 -5.8888187e-001	
  4.7139164e-001	 -1.4259913e+000	  1.1871331e+000	  1.1270965e+000	  1.4884785e+000	 -6.6596898e-001	  7.0285511e-001	 -4.5498021e-002	  5.1417742e-001	  4.2341002e-001	  4.8180927e-001	
 -9.3756924e-001	 -1.3971734e+000	 -1.6423969e+000	 -1.2153079e+000	 -1.4664057e+000	 -1.2414885e+000	 -8.6615035e-001	 -7.8402666e-001	 -8.7091453e-001	 -7.6639122e-001	 -8.3261644e-001	
 -4.4028893e-001	 -1.3839460e+000	 -1.4151034e+000	 -8.7943240e-001	 -1.2787041e+000	 -1.0692528e+000	 -5.8188348e-001	 -5.8442432e-001	 -5.9063710e-001	 -4.9518653e-001	 -4.1043335e-001	
  5.0192639e-001	 -1.4259913e+000	  9.4067026e-001	  9.0899555e-001	  8.9836848e-001	 -6.6176811e-001	  5.7364290e-001	  2.4362796e-002	  5.1417742e-001	  4.8902406e-001	  4.9486648e-001	
  2.1838937e-001	 -1.4135926e+000	 -1.2048906e-001	  1.9798639e-001	 -2.5851386e-001	 -7.4578556e-001	  2.0815692e-001	 -2.4177365e-001	  8.3984154e-002	  1.3470825e-001	  1.9890308e-001	
  4.4958110e-001	 -1.3864012e+000	  9.6805502e-001	  1.0485802e+000	  1.3184468e+000	 -6.7437073e-001	  6.9177978e-001	 -4.5498021e-002	  4.3270142e-001	  4.4090710e-001	  5.4274292e-001	
  4.3213266e-001	 -1.4259913e+000	  6.5997650e-001	  7.5196285e-001	  5.2163158e-001	 -7.3738382e-001	  4.4812246e-001	 -5.8804844e-002	  3.8707486e-001	  4.1903575e-001	  4.8180927e-001	
  4.9320218e-001	 -1.4065645e+000	  8.1059267e-001	  9.0899555e-001	  8.0168379e-001	 -5.9875502e-001	  6.8070445e-001	 -1.5557671e-002	  4.4573758e-001	  4.1466148e-001	  4.2522803e-001	
  1.0079309e+000	  1.0230735e+000	  1.1665945e+000	  1.1707167e+000	  1.4818106e+000	  8.1273823e-001	  1.0129644e+000	  3.7034018e-001	  1.8634199e+000	  1.1014218e+000	  1.0345645e+000	
  1.1038973e+000	  1.0200045e+000	 -1.5417579e+000	 -9.5794875e-001	 -1.2687022e+000	  8.4634522e-001	  5.4041690e-001	  4.2024076e-001	  1.8699380e+000	  1.0183106e+000	  1.0519741e+000	
  1.0471899e+000	  1.0936606e+000	  6.7366888e-001	  7.6504891e-001	  5.0162785e-001	  8.9255482e-001	  9.2436177e-001	  4.8344816e-001	  1.8601609e+000	  1.1320416e+000	  1.0302121e+000	
  1.0820868e+000	  1.0292115e+000	  1.2076716e+000	  1.1532686e+000	  1.3784580e+000	  7.7913125e-001	  1.0277315e+000	  4.5350781e-001	  1.8797151e+000	  1.1145446e+000	  1.0737361e+000	
  1.1213457e+000	  9.7396946e-001	 -1.7266050e+000	 -1.2563109e+000	 -1.4477356e+000	  9.4296529e-001	  4.3704713e-001	  4.6681464e-001	  1.8797151e+000	  1.0926732e+000	  1.1433745e+000	
  1.1998637e+000	  1.0660396e+000	 -1.6971664e+000	 -1.1586016e+000	 -1.3723882e+000	  8.2534085e-001	  4.9242379e-001	  4.7014134e-001	  1.8797151e+000	  1.0882989e+000	  1.0780885e+000	
  1.0864489e+000	  1.0629706e+000	  4.9566796e-001	  6.8653256e-001	  3.5826779e-001	  8.3794347e-001	  8.8006044e-001	  4.5350781e-001	  1.9123055e+000	  1.1057960e+000	  1.0171548e+000	
  1.1082594e+000	  9.9238348e-001	 -1.2911874e+000	 -7.6601989e-001	 -1.2053571e+000	  8.9255482e-001	  5.2195801e-001	  4.9342828e-001	  1.8731971e+000	  1.0533048e+000	  1.0954981e+000	
  1.1082594e+000	  1.0353495e+000	  3.5189799e-001	  5.7748208e-001	  1.6489841e-001	  8.7155045e-001	  8.6898510e-001	  5.0008169e-001	  1.8731971e+000	  1.0401820e+000	  1.1259649e+000	
  1.1431563e+000	  9.7396946e-001	  7.1474602e-001	  8.2611718e-001	  7.7834611e-001	  8.7995220e-001	  9.0590288e-001	  5.0340840e-001	  1.8797151e+000	  1.1407902e+000	  1.1433745e+000	
  1.0515520e+000	  1.0537636e+000	 -4.1487520e-001	 -7.0285218e-003	 -5.8190749e-001	  9.1776005e-001	  7.5084822e-001	  5.2004193e-001	  1.9123055e+000	  1.1232931e+000	  1.0780885e+000	
  1.0995352e+000	  1.1028676e+000	 -8.2564655e-001	 -3.9961027e-001	 -9.4197461e-001	  8.2534085e-001	  5.7733468e-001	  4.7346805e-001	  1.8797151e+000	  1.1145446e+000	  1.1042029e+000	
  1.1169836e+000	  1.0568326e+000	 -5.9287611e-001	 -1.5097516e-001	 -7.8861269e-001	  8.7995220e-001	  6.3271134e-001	  4.5018111e-001	  1.8503838e+000	  1.0795504e+000	  1.0345645e+000	
  1.0559141e+000	  1.0200045e+000	  1.2898259e+000	  1.1314585e+000	  1.5751613e+000	  9.0935831e-001	  1.1052589e+000	  5.0673510e-001	  1.9123055e+000	  1.1014218e+000	  1.1172601e+000	
  7.7237709e-001	  8.4814031e-001	 -1.4301651e+000	 -9.3177663e-001	 -1.2987078e+000	  1.1866159e+000	  8.1730022e-001	  2.0736134e+000	 -6.4929982e-001	  7.4710594e-001	  7.4730586e-001	
  8.4217081e-001	  8.7576134e-001	 -1.3048798e+000	 -7.9219201e-001	 -1.2320287e+000	  1.2328255e+000	  8.5421799e-001	  2.1168606e+000	 -5.1242015e-001	  7.9959718e-001	  8.2564911e-001	
  1.1257078e+000	  1.0230735e+000	  5.2989891e-001	  6.9961862e-001	  3.5826779e-001	  1.1656115e+000	  1.1163342e+000	  2.0603066e+000	  3.5774351e-001	  1.0970475e+000	  1.0302121e+000	
  9.8612038e-001	  1.0107975e+000	  2.9028229e-001	  5.6439602e-001	  7.4881627e-002	  1.2412273e+000	  1.1200260e+000	  2.0536532e+000	  2.5345423e-001	  1.0751761e+000	  1.0954981e+000	
  1.0777246e+000	  9.8931448e-001	 -4.1038454e-003	  3.0703687e-001	 -2.5184595e-001	  1.2832360e+000	  1.0092727e+000	  2.1534544e+000	  1.4916495e-001	  1.0051878e+000	  1.0693837e+000	
  1.1736910e+000	  1.0230735e+000	  1.1802869e+000	  1.1401826e+000	  1.5418218e+000	  1.3042403e+000	  1.2861560e+000	  2.1201873e+000	  5.1091838e-001	  1.1801586e+000	  1.2130130e+000	
  7.8546341e-001	  8.5734732e-001	 -1.4034649e+000	 -8.5762230e-001	 -1.2920399e+000	  1.2076203e+000	  9.1328643e-001	  2.1135339e+000	 -6.0041422e-001	  7.8647437e-001	  7.6906787e-001	
  1.2173121e+000	  1.1059366e+000	  1.2692873e+000	  1.1445446e+000	  1.6485083e+000	  1.1656115e+000	  1.2713889e+000	  2.1201873e+000	  6.3476190e-001	  1.1014218e+000	  1.2043082e+000	
  9.5122351e-001	  9.4941743e-001	 -7.3664609e-001	 -3.0364584e-001	 -9.0530111e-001	  1.2790351e+000	  9.4651243e-001	  2.1534544e+000	 -1.8977520e-001	  9.1332818e-001	  9.7798322e-001	
  1.0384657e+000	  1.0721776e+000	 -8.6258115e-002	  3.0267485e-001	 -2.2517431e-001	  1.2160220e+000	  1.0646493e+000	  2.1534544e+000	  1.3612879e-001	  1.0445563e+000	  1.0954981e+000	
  1.1387942e+000	  1.0230735e+000	  5.0251415e-001	  6.6908448e-001	  3.5826779e-001	  1.2076203e+000	  1.1311013e+000	  2.1068805e+000	  3.3167119e-001	  1.1495387e+000	  1.0824409e+000	
  9.7303405e-001	  9.7090045e-001	 -3.2587474e-001	  3.6591672e-002	 -5.8857540e-001	  1.2286246e+000	  1.0314233e+000	  2.1201873e+000	 -3.6600322e-002	  1.0401820e+000	  9.8233562e-001	
  7.8982552e-001	  8.9724437e-001	 -1.3048798e+000	 -7.9655403e-001	 -1.2286947e+000	  1.2160220e+000	  8.8006044e-001	  2.1168606e+000	 -5.4826958e-001	  7.8647437e-001	  8.3870632e-001	
  1.1649668e+000	  1.0292115e+000	  9.4067026e-001	  9.3952968e-001	  8.6836289e-001	  1.2034194e+000	  1.2418546e+000	  2.1068805e+000	  4.9136414e-001	  1.1626615e+000	  1.2260702e+000	
