  3.5324389e-001	  5.8153400e-001	  4.6204515e-001	  7.1153930e-001	  3.1612090e-001	  5.1249339e-001	  7.0621318e-001	 -8.5374111e-002	  3.7400475e-001	  3.3589923e-001	  4.4520479e-001	
  3.3965476e-001	  5.7531040e-001	  3.2512057e-001	  5.3999507e-001	  5.6936972e-003	  4.5673779e-001	  6.0800885e-001	 -1.4622763e-001	  2.5330234e-001	  3.0414511e-001	  2.6014851e-001	
 -1.2321541e+000	 -7.0986274e-001	 -1.9793201e+000	 -1.3344394e+000	 -1.6831624e+000	 -7.3128519e-001	 -7.8140060e-001	 -9.7856859e-001	 -1.1978089e+000	 -1.2790249e+000	 -1.3647359e+000	
  3.5777360e-001	  6.0331659e-001	  3.9358286e-001	  6.3204319e-001	  1.3118554e-001	  4.4816001e-001	  6.2619483e-001	 -9.5516365e-002	  2.6000803e-001	  4.1755270e-001	  3.5944700e-001	
  2.4906059e-001	  5.2240981e-001	 -4.4575797e-002	  3.8518687e-001	 -2.4859242e-001	  4.4816001e-001	  4.3342337e-001	 -2.2060416e-001	  2.0636251e-001	  3.3136293e-001	  3.0077062e-001	
  4.7554602e-001	  7.1534137e-001	  1.0713595e+000	  1.0588118e+000	  1.1384227e+000	  5.8540454e-001	  8.3351509e-001	  2.5254212e-003	  5.0811855e-001	  4.9013356e-001	  4.7679977e-001	
  4.7101631e-001	  6.8733518e-001	  1.0576671e+000	  1.1257558e+000	  1.4125234e+000	  6.1542678e-001	  8.9898465e-001	  5.9061724e-003	  5.0141286e-001	  4.3116161e-001	  5.6255756e-001	
  5.0272427e-001	  6.5310538e-001	  6.3320088e-001	  7.8685140e-001	  5.5719734e-001	  5.2964895e-001	  7.4258515e-001	  1.6048426e-002	  3.8741613e-001	  3.9940749e-001	  4.2715052e-001	
  3.3512505e-001	  5.3174521e-001	  1.9504222e-001	  5.6509910e-001	  5.6936972e-003	  4.6531558e-001	  5.7891127e-001	 -1.2594313e-001	  1.9295113e-001	  3.4497184e-001	  3.0979776e-001	
  3.5324389e-001	  5.5975140e-001	  2.9773566e-001	  5.7346712e-001	  8.4951706e-002	  4.4816001e-001	  5.9709725e-001	 -5.8328101e-002	  2.7341941e-001	  4.4023422e-001	  3.9104198e-001	
  4.3477864e-001	  5.6597500e-001	  1.4711862e-001	  5.6509910e-001	 -7.5159710e-003	  4.3529334e-001	  5.3162770e-001	 -1.1242012e-001	  2.3653811e-001	  3.1321771e-001	  3.6847414e-001	
  2.1282292e-001	  5.4730421e-001	  2.2927336e-001	  4.6468297e-001	 -6.3657061e-002	  4.3100444e-001	  5.5708808e-001	 -1.9017740e-001	  2.0300966e-001	  3.6311706e-001	  1.8341786e-001	
 -7.1123763e-001	 -1.3729165e-001	 -1.5336306e+000	 -9.5369489e-001	 -1.4942641e+000	 -8.3662551e-002	 -2.9037894e-001	 -6.7700558e-001	 -7.6931535e-001	 -6.3486978e-001	 -6.1548366e-001	
  5.2084310e-001	  6.6244078e-001	  1.0439746e+000	  1.1383079e+000	  1.3266605e+000	  5.6396008e-001	  8.9534745e-001	  4.6475187e-002	  5.7852829e-001	  5.1735138e-001	  5.1290831e-001	
  4.1213010e-001	  6.5932898e-001	  1.0987445e+000	  1.1048358e+000	  1.3167533e+000	  5.7253787e-001	  8.0078031e-001	  2.5254212e-003	  5.2488277e-001	  4.2208900e-001	  4.7679977e-001	
  4.1213010e-001	  6.5621718e-001	  6.6743202e-001	  8.6634750e-001	  6.6617711e-001	  5.9827122e-001	  7.3167356e-001	 -8.5533006e-004	  3.6394622e-001	  3.4950814e-001	  4.0006912e-001	
 -1.8010855e+000	 -1.3073282e+000	 -2.1860762e+000	 -1.5365269e+000	 -1.7313777e+000	 -1.6911391e+000	 -1.8598297e+000	 -1.2459184e+000	 -1.4328433e+000	 -1.8401657e+000	 -1.8133846e+000	
  4.4383806e-001	  6.9355878e-001	  8.3174152e-001	  9.4165960e-001	  9.5018497e-001	  5.1249339e-001	 -1.9058402e+000	 -1.4378335e-002	  4.9470717e-001	  4.9013356e-001	  4.9936761e-001	
  4.0760039e-001	  6.2821099e-001	  6.2635465e-001	  8.3287546e-001	  5.0435867e-001	  4.8676004e-001	 -1.8369153e+000	 -1.7759086e-002	  3.9076898e-001	  3.6765336e-001	  3.3687917e-001	
  2.8982797e-001	  5.2863341e-001	 -4.4575797e-002	  3.9773888e-001	 -1.2970540e-001	  4.6531558e-001	 -1.8908913e+000	 -1.3270463e-001	  1.9295113e-001	  2.3156425e-001	  2.9174349e-001	
  3.9401126e-001	  6.6555258e-001	  8.5228021e-001	  1.0420757e+000	  9.6339464e-001	  5.2536006e-001	 -1.9198434e+000	 -1.4378335e-002	  4.4441449e-001	  4.3569792e-001	  4.0006912e-001	
  3.4871418e-001	  5.5663960e-001	  4.2096778e-001	  6.9898728e-001	  3.6235474e-001	  4.6531558e-001	 -1.9198434e+000	 -4.4805096e-002	  3.7065191e-001	  3.6311706e-001	  3.7750128e-001	
  3.3059534e-001	  5.4108061e-001	  1.4711862e-001	  5.1489104e-001	  2.8810617e-002	  4.1813777e-001	 -1.9198434e+000	 -1.2594313e-001	  2.0971535e-001	  3.2229032e-001	  3.0528419e-001	
  4.4836777e-001	  6.4376999e-001	  1.1261294e+000	  1.0755478e+000	  1.3398702e+000	  5.2107117e-001	 -1.9198434e+000	 -2.4520589e-002	  4.6117872e-001	  4.8106095e-001	  4.8131334e-001	
  1.7658525e-001	  5.0996261e-001	 -1.1988432e-001	  3.2661079e-001	 -3.5426976e-001	  4.0955999e-001	 -1.8769245e+000	 -2.0031965e-001	  9.9071473e-002	  1.4991078e-001	  2.6014851e-001	
  4.8913514e-001	  5.9086940e-001	  1.0439746e+000	  1.2052519e+000	  1.4158258e+000	  4.7818225e-001	 -1.9071860e+000	 -7.5231857e-002	  5.3829415e-001	  5.1281508e-001	  4.4069123e-001	
  3.8042214e-001	  6.5310538e-001	  8.9335758e-001	  9.7513164e-001	  7.8176170e-001	  5.6396008e-001	 -1.9198434e+000	 -2.7901340e-002	  4.4106165e-001	  4.8106095e-001	  4.9485404e-001	
  3.7589243e-001	  6.2509919e-001	  9.4812742e-001	  9.9186766e-001	  9.3367289e-001	  5.1678228e-001	 -1.9198434e+000	 -1.4378335e-002	  4.2429742e-001	  4.7198835e-001	  5.1290831e-001	
  3.0794680e-001	  5.8775760e-001	  2.7035074e-001	  6.4877921e-001	  1.3448796e-001	  4.6960447e-001	 -1.9198434e+000	 -9.8897116e-002	  2.3989096e-001	  3.6311706e-001	  3.1882489e-001	
 -6.8405937e-001	 -1.4662705e-001	 -1.5945621e+000	 -9.4951089e-001	 -1.4675145e+000	 -1.5657371e-001	 -1.9198434e+000	 -7.0743234e-001	 -8.0284380e-001	 -6.8476912e-001	 -6.4256506e-001	
 -1.9886154e+000	 -1.4949697e+000	  9.7551233e-001	  1.1048358e+000	  1.1351203e+000	 -1.9150193e+000	 -2.1399779e-001	 -1.2486906e+000	 -1.4590961e+000	 -1.8732807e+000	 -1.9587666e+000	
 -1.9886154e+000	 -1.5313778e+000	  6.8112448e-001	  8.0358742e-001	  5.8361668e-001	 -1.9150193e+000	 -4.6860161e-001	 -1.2753985e+000	 -1.4901770e+000	 -1.9204583e+000	 -1.9830947e+000	
 -1.8826203e+000	 -1.3676971e+000	  9.5497364e-001	  9.9605167e-001	  1.1483300e+000	 -1.5757679e+000	 -3.2137913e-002	 -1.2344915e+000	 -1.4536310e+000	 -1.9213655e+000	 -1.8431741e+000	
 -1.8862440e+000	 -1.3589841e+000	 -1.0920488e+000	 -4.0140617e-001	 -1.0940112e+000	 -1.5461746e+000	 -1.0432788e+000	 -1.2152212e+000	 -1.4429019e+000	 -1.8610327e+000	 -1.8535553e+000	
 -1.9767023e+000	 -1.4896797e+000	  1.0234359e+000	  1.0253397e+000	  1.1450276e+000	 -1.8981210e+000	 -1.4489104e-001	 -1.2753985e+000	 -1.4901770e+000	 -1.9821520e+000	 -1.9593082e+000	
 -1.9886154e+000	 -1.5055810e+000	 -8.5653172e-002	  3.0987477e-001	 -3.0473351e-001	 -1.8928457e+000	 -8.7596773e-001	 -1.2753985e+000	 -1.4877629e+000	 -1.9542084e+000	 -1.9830947e+000	
 -1.9886154e+000	 -1.5080393e+000	 -2.1319910e+000	 -1.4666540e+000	 -1.6854741e+000	 -1.8519726e+000	 -1.7485314e+000	 -1.2518009e+000	 -1.4901770e+000	 -1.9566580e+000	 -1.9598047e+000	
 -1.8613306e+000	 -1.4112623e+000	 -3.6634856e-001	  4.2098417e-002	 -6.8120905e-001	 -1.7979325e+000	 -8.5778175e-001	 -1.2753985e+000	 -1.4602026e+000	 -1.9752115e+000	 -1.9004964e+000	
 -1.8423059e+000	 -1.3608512e+000	  1.1398218e+000	  1.0504437e+000	  1.2143783e+000	 -1.6053613e+000	 -2.4863518e-002	 -1.2267157e+000	 -1.4746198e+000	 -1.8782706e+000	 -1.9140371e+000	
 -1.7240805e+000	 -1.2357568e+000	  7.4958677e-001	  9.8768366e-001	  7.7515687e-001	 -1.5204412e+000	 -7.5784283e-002	 -1.2010220e+000	 -1.4234554e+000	 -1.7929881e+000	 -1.8648392e+000	
 -1.9886154e+000	 -1.5189928e+000	  1.1466681e+000	  1.0211557e+000	  1.2242856e+000	 -1.9057124e+000	 -1.6671422e-001	 -1.2753985e+000	 -1.4685847e+000	 -1.9295309e+000	 -1.9176480e+000	
 -1.9825456e+000	 -1.5219179e+000	  7.3589431e-001	  8.5797949e-001	  6.7608436e-001	 -1.9150193e+000	 -3.4129970e-001	 -1.2753985e+000	 -1.4652654e+000	 -1.9821520e+000	 -1.9425629e+000	
 -1.6497932e+000	 -1.1766326e+000	 -1.5993544e+000	 -1.0708470e+000	 -1.4741194e+000	 -1.3317300e+000	 -1.1051112e+000	 -1.1705953e+000	 -1.4190967e+000	 -1.7086129e+000	 -1.7244673e+000	
 -1.9589458e+000	 -1.4815890e+000	 -1.4343603e+000	 -7.6123064e-001	 -1.3978335e+000	 -1.9150193e+000	 -1.4979285e+000	 -1.2753985e+000	 -1.4901371e+000	 -1.9821520e+000	 -1.9830947e+000	
 -2.4014794e-001	  2.2990067e-001	  8.0435661e-001	 -1.5716725e+000	  9.7990673e-001	  1.4793760e-001	  5.8618566e-001	 -4.4711449e-001	 -4.5079508e-001	 -2.8557439e-001	 -2.2280325e-001	
 -5.1193045e-001	 -3.1490476e-002	 -2.9788627e-001	 -1.6398718e+000	 -4.7315677e-001	 -7.5084768e-002	  1.6790795e-001	 -6.5334032e-001	 -6.9890560e-001	 -5.8950674e-001	 -5.3423943e-001	
 -1.7220231e-001	  2.4545967e-001	  7.9066415e-001	 -1.5758565e+000	  8.4781004e-001	  2.4229321e-001	  6.3346923e-001	 -3.8626097e-001	 -4.2732517e-001	 -1.4041266e-001	 -1.5058616e-001	
 -1.8126172e-001	  2.3612427e-001	  9.1389627e-001	 -1.5829693e+000	  9.5678981e-001	  2.1655986e-001	  6.1528324e-001	 -4.5725675e-001	 -4.2732517e-001	 -2.7650178e-001	 -1.5509973e-001	
 -4.8022249e-001	  2.7393170e-003	  5.0312253e-001	 -1.6361271e+000	  4.0858858e-001	 -4.9351418e-002	  4.5160935e-001	 -6.0939055e-001	 -5.8826172e-001	 -4.4434502e-001	 -4.1688667e-001	
 -3.8509861e-001	  1.3343489e-001	  3.3881303e-001	 -1.6030525e+000	  1.6751213e-001	  7.9315331e-002	  4.5888375e-001	 -5.4853703e-001	 -5.2455767e-001	 -3.9444568e-001	 -3.4918315e-001	
 -3.5792036e-001	  9.9205097e-002	  3.7304417e-001	 -1.6144330e+000	  2.7318948e-001	  1.4981956e-002	  5.1344171e-001	 -5.2487177e-001	 -5.6143897e-001	 -4.1259089e-001	 -3.0404747e-001	
 -1.4955376e-001	  2.9836026e-001	  1.2151303e+000	 -1.6073621e+000	  1.1813542e+000	  1.6080427e-001	  7.3531076e-001	 -4.1668773e-001	 -3.2338698e-001	 -1.3134006e-001	 -4.6774104e-002	
 -4.9381161e-001	  1.8298314e-002	 -6.0596658e-001	 -1.5884085e+000	 -8.4963232e-001	  4.0715306e-002	  3.6968839e-002	 -5.9924830e-001	 -7.4919828e-001	 -4.8517175e-001	 -5.2521230e-001	
 -1.0826737e+000	 -4.8892498e-001	 -1.4001291e+000	 -1.6398718e+000	 -1.2987610e+000	 -4.7824058e-001	 -4.1040645e-001	 -8.9337366e-001	 -1.1146584e+000	 -1.1157180e+000	 -1.1525982e+000	
 -2.8091531e-001	  1.3032309e-001	  4.8943007e-001	 -1.6054374e+000	  3.9207649e-001	  1.9940430e-001	  5.1344171e-001	 -5.0796802e-001	 -5.5138043e-001	 -2.8103808e-001	 -3.4015602e-001	
 -3.1715298e-001	  1.0542870e-001	  8.5912644e-001	 -1.6398718e+000	  9.5678981e-001	  2.1227097e-001	  6.6984120e-001	 -4.7077975e-001	 -4.7761784e-001	 -3.3547373e-001	 -3.0404747e-001	
 -1.7220231e-001	  1.7700008e-001	  8.9335758e-001	 -1.6398718e+000	  9.0395113e-001	  2.1227097e-001	  6.0800885e-001	 -4.5387600e-001	 -4.0720810e-001	 -1.7216679e-001	 -3.1307461e-001	
 -2.5826677e-001	  1.8322368e-001	  1.1329756e+000	 -1.6045169e+000	  1.4488499e+000	  7.0737547e-002	  6.8802719e-001	 -5.5867928e-001	 -3.6026827e-001	 -2.4928396e-001	 -2.6342536e-001	
  5.1631339e-001	 -1.5151031e+000	  1.0302822e+000	  1.0964678e+000	  1.3530799e+000	 -7.5272965e-001	  6.9530159e-001	 -3.4662842e-002	  5.0476570e-001	  4.6291574e-001	  4.4520479e-001	
  3.5324389e-001	 -1.5313778e+000	  1.4027239e-001	  5.2744305e-001	 -7.0261895e-002	 -8.7710750e-001	  3.1703305e-001	 -1.6313139e-001	  2.0636251e-001	  3.1321771e-001	  2.0598570e-001	
  5.8425902e-001	 -1.5313778e+000	  1.0302822e+000	  1.1299398e+000	  1.3993137e+000	 -7.4415186e-001	  6.2619483e-001	  7.6901948e-002	  5.2823562e-001	  5.6725073e-001	  5.3096258e-001	
 -2.5826677e-001	 -1.5313778e+000	 -1.1331262e+000	 -5.1437431e-001	 -1.1699668e+000	 -1.0014854e+000	 -2.9765333e-001	 -3.9640323e-001	 -3.8709103e-001	 -1.2226745e-001	 -1.6864044e-001	
 -1.6574937e+000	 -1.5313778e+000	 -2.0724288e+000	 -1.5239748e+000	 -1.7750026e+000	 -1.7481814e+000	 -1.6612387e+000	 -1.1415208e+000	 -1.3416460e+000	 -1.6124432e+000	 -1.6283283e+000	
 -5.4363841e-001	 -1.5120535e+000	 -1.5267844e+000	 -8.6583078e-001	 -1.4143456e+000	 -1.2159299e+000	 -6.6137308e-001	 -6.3305581e-001	 -7.1231698e-001	 -5.3960740e-001	 -5.4326657e-001	
 -9.4678247e-001	 -1.5313778e+000	 -1.7540792e+000	 -1.1796312e+000	 -1.5741826e+000	 -1.4346634e+000	 -9.3780009e-001	 -8.4266239e-001	 -9.5707466e-001	 -9.2972952e-001	 -8.4567562e-001	
 -9.8302014e-001	 -1.5313778e+000	 -1.7383329e+000	 -1.2047352e+000	 -1.5791362e+000	 -1.3746189e+000	 -9.8872086e-001	 -8.7646990e-001	 -9.9730880e-001	 -9.7055626e-001	 -9.5400125e-001	
 -5.8440579e-001	 -1.5313778e+000	 -1.4412065e+000	 -8.1980671e-001	 -1.3549021e+000	 -1.2759744e+000	 -6.4318709e-001	 -6.8038633e-001	 -7.2908121e-001	 -5.6682522e-001	 -6.3805149e-001	
  3.7589243e-001	 -1.5069813e+000	  7.2220186e-001	  9.5421162e-001	  7.3222545e-001	 -6.7552960e-001	  4.7706974e-001	 -1.0997584e-002	  4.1759173e-001	  3.9033488e-001	  5.4450329e-001	
  2.3094176e-001	 -1.5313778e+000	 -6.5114485e-002	  3.4753082e-001	 -2.4198758e-001	 -8.7710750e-001	  1.6063355e-001	 -2.3412717e-001	  1.0913001e-001	  1.6805599e-001	  1.5633645e-001	
  2.1735263e-001	 -1.5313778e+000	 -2.1573152e-001	  1.5506657e-001	 -4.4343502e-001	 -8.5566304e-001	  1.6427075e-001	 -1.9355815e-001	  3.5367420e-002	  1.9981012e-001	  2.2403997e-001	
  2.2188234e-001	 -1.5208599e+000	 -4.4850331e-001	  1.0067449e-001	 -6.0195104e-001	 -8.6424083e-001	  6.2429222e-002	 -2.0031965e-001	 -8.2195629e-003	  1.6351969e-001	  1.7439072e-001	
  4.2571922e-001	 -1.5313778e+000	  8.4543398e-001	  9.4584360e-001	  7.3883028e-001	 -7.0126295e-001	  4.8798133e-001	 -4.8185847e-002	  4.3770880e-001	  4.5384313e-001	  3.8652841e-001	
  1.1142349e+000	  9.5806172e-001	  6.8112448e-001	  8.0358742e-001	  6.0673360e-001	  7.8269356e-001	  8.0805471e-001	  4.6906909e-001	  1.8090224e+000	  9.1654612e-001	  1.1177264e+000	
  1.0281705e+000	  1.0202977e+000	  1.6765730e-001	  5.1070703e-001	 -2.7330473e-002	  8.0842691e-001	  6.9530159e-001	  4.1835782e-001	  1.8257866e+000	  1.0979983e+000	  1.0274550e+000	
  1.0644081e+000	  9.5183812e-001	  5.8527728e-001	  7.9940341e-001	  5.8691910e-001	  7.6553799e-001	  8.1896630e-001	  3.9131181e-001	  1.8526093e+000	  9.8912698e-001	  1.1267535e+000	
  1.1595320e+000	  9.3005553e-001	  5.7158482e-001	  8.4124347e-001	  5.8691910e-001	  7.6553799e-001	  8.2260350e-001	  4.5892684e-001	  1.8626679e+000	  1.0662441e+000	  1.0364822e+000	
  1.0145813e+000	  9.5806172e-001	 -1.3590518e+000	 -6.9010254e-001	 -1.2888538e+000	  8.0413802e-001	  4.3342337e-001	  4.6906909e-001	  1.8492565e+000	  1.0571715e+000	  1.0409958e+000	
  9.9193279e-001	  9.7984432e-001	 -1.4275141e+000	 -8.6583078e-001	 -1.4011360e+000	  8.0413802e-001	  3.3158184e-001	  4.0145407e-001	  1.8626679e+000	  1.0707804e+000	  1.0364822e+000	
  1.0644081e+000	  9.8295612e-001	  5.3735367e-001	  8.2450744e-001	  4.1519341e-001	  7.6553799e-001	  8.8443586e-001	  4.3188083e-001	  1.8961963e+000	  1.0480989e+000	  1.0725907e+000	
  1.0009922e+000	  1.0047387e+000	 -2.1244602e+000	 -1.5925925e+000	 -1.7670438e+000	  7.9556023e-001	  2.4428910e-001	  4.2511933e-001	  1.8056695e+000	  1.0299537e+000	  1.0409958e+000	
  1.0145813e+000	  9.8606792e-001	  7.4274054e-001	  9.0818755e-001	  6.9920128e-001	  7.8269356e-001	  8.9534745e-001	  4.5892684e-001	  1.8961963e+000	  1.0707804e+000	  1.1402942e+000	
  1.0689378e+000	  9.5806172e-001	  1.1603605e+000	  1.1090198e+000	  1.2771243e+000	  8.4273804e-001	  9.8991458e-001	  4.5554609e-001	  1.8459036e+000	  1.0163448e+000	  9.8683294e-001	
  1.1006458e+000	  9.9540331e-001	 -5.5804298e-001	 -1.0852578e-001	 -7.5716464e-001	  7.9984912e-001	  5.8982286e-001	  4.6568834e-001	  1.9297248e+000	  1.0027359e+000	  1.0409958e+000	
  1.0145813e+000	  9.6739712e-001	 -1.8834661e-001	  2.2201065e-001	 -4.5003986e-001	  7.5267132e-001	  6.4801802e-001	  4.4540383e-001	  1.8324923e+000	  1.0889257e+000	  1.0409958e+000	
  1.0598784e+000	  9.5806172e-001	 -1.3864367e+000	 -6.9847056e-001	 -1.2789465e+000	  7.7411577e-001	  4.8434413e-001	  4.6230759e-001	  1.8626679e+000	  1.0662441e+000	  9.2815656e-001	
  1.0417596e+000	  9.5806172e-001	 -1.6876708e+000	 -1.0833991e+000	 -1.5206835e+000	  7.6124910e-001	  3.3521903e-001	  4.1835782e-001	  1.8626679e+000	  1.0571715e+000	  9.7780580e-001	
  8.9227921e-001	  8.9582573e-001	 -8.1819968e-001	 -2.6751799e-001	 -1.0048459e+000	  1.1601160e+000	  8.1896630e-001	  2.0952104e+000	 -2.4291870e-001	  9.2108242e-001	  8.9656158e-001	
  1.1006458e+000	  9.5494992e-001	  7.7697169e-001	  9.4584360e-001	  8.8083421e-001	  1.1901383e+000	  1.1354025e+000	  2.1391602e+000	  4.2094458e-001	  1.0934620e+000	  1.0816179e+000	
  1.1006458e+000	  1.0171859e+000	  6.7427825e-001	  7.7429938e-001	  7.1241094e-001	  1.2716272e+000	  1.1172165e+000	  2.1053527e+000	  3.4382915e-001	  1.1206798e+000	  1.1041857e+000	
  8.4245241e-001	  8.0869535e-001	 -1.4343603e+000	 -7.6541464e-001	 -1.3152731e+000	  1.2373161e+000	  8.8079866e-001	  2.1729677e+000	 -6.0837879e-001	  8.0767483e-001	  7.7920882e-001	
  1.1097052e+000	  1.0234095e+000	  8.8651135e-001	  9.5421162e-001	  8.3129796e-001	  1.1858494e+000	  1.1172165e+000	  2.0884489e+000	  4.5447303e-001	  1.1524339e+000	  1.1402942e+000	
  1.0462893e+000	  9.2694373e-001	 -1.1303809e-001	  4.1865891e-001	 -1.8254407e-001	  1.1215160e+000	  9.6809140e-001	  2.1391602e+000	  1.6948121e-001	  1.0480989e+000	  1.0184279e+000	
  9.9193279e-001	  8.8649034e-001	  1.3342616e-001	  4.3121093e-001	 -1.3300782e-001	  1.1258049e+000	  1.0699329e+000	  2.1391602e+000	  1.5942268e-001	  1.0662441e+000	  1.0139143e+000	
  9.1039804e-001	  8.6159594e-001	 -7.2919870e-001	 -2.4659796e-001	 -9.3549516e-001	  1.2072938e+000	  8.9534745e-001	  2.1391602e+000	 -2.1944879e-001	  8.6664677e-001	  8.9204801e-001	
  8.4698212e-001	  9.0827293e-001	 -5.7173543e-001	 -8.3421748e-002	 -8.0670090e-001	  1.1772716e+000	  9.1353344e-001	  2.1019719e+000	 -3.5042322e-002	  9.4830024e-001	  9.9134651e-001	
  9.8287338e-001	  9.0827293e-001	 -3.8004102e-001	  2.1782665e-001	 -4.7315677e-001	  1.2373161e+000	  9.8627739e-001	  2.1053527e+000	  1.5250351e-002	  9.8005437e-001	  9.3267012e-001	
  8.5151183e-001	  8.7093134e-001	 -1.1605111e+000	 -5.8131840e-001	 -1.2162006e+000	  1.1601160e+000	  8.1532910e-001	  2.1391602e+000	 -4.5079508e-001	  8.7571938e-001	  9.4621083e-001	
  1.1051755e+000	  1.0483039e+000	  1.0782058e+000	  1.0755478e+000	  1.4059185e+000	  1.3016494e+000	  1.1645001e+000	  2.0073109e+000	  4.9470717e-001	  1.0753167e+000	  1.0590500e+000	
  1.1097052e+000	  9.3939093e-001	 -3.1157873e-001	  1.6343458e-001	 -5.2929786e-001	  1.1429605e+000	  9.8627739e-001	  2.1053527e+000	  2.8661731e-002	  9.7551807e-001	  9.5523796e-001	
  8.1527416e-001	  8.8960214e-001	 -1.1057413e+000	 -5.1019031e-001	 -1.2690393e+000	  1.1858494e+000	  8.4442668e-001	  2.0952104e+000	 -4.2061948e-001	  8.5303786e-001	  7.9274952e-001	
