  5.3328650e-001	  7.2449454e-001	  4.8826730e-001	  7.2003182e-001	  2.4847288e-001	  5.7127943e-001	  7.1973251e-001	 -1.5245391e-002	  3.9608328e-001	  4.5826746e-001	  4.9675071e-001	
  3.7365045e-001	  6.1712636e-001	  5.1327929e-001	  7.5650346e-001	  3.6268294e-001	  5.4598063e-001	  6.9850246e-001	 -5.1250925e-002	  3.9608328e-001	  4.4559767e-001	  4.5457606e-001	
  3.4424381e-001	  6.7847961e-001	  3.2568939e-001	  6.3493133e-001	  1.3426281e-001	  5.9236177e-001	  6.6311905e-001	 -8.0709999e-002	  3.4164034e-001	  3.8224874e-001	  3.4070451e-001	
  4.0305709e-001	  7.1835922e-001	  5.0702629e-001	  6.9976980e-001	  4.0709796e-001	  5.8814530e-001	  7.1265583e-001	 -4.1431234e-002	  3.8007065e-001	  4.5404419e-001	  4.9253324e-001	
 -2.2288428e-001	  2.3366855e-001	 -1.0999938e+000	 -6.2131396e-001	 -1.1664629e+000	  1.9179739e-001	  8.5259863e-003	 -4.8659056e-001	 -4.2696581e-001	 -2.0478472e-001	 -2.6661041e-001	
  2.6862673e-001	  6.3553233e-001	 -1.1202037e-001	  2.8642457e-001	 -3.5112996e-001	  5.5863003e-001	  4.7204865e-001	 -1.4290138e-001	  2.1994437e-001	  2.3443456e-001	  2.8166001e-001	
  2.4342104e-001	  5.6804376e-001	 -2.2457431e-001	  1.7700966e-001	 -4.6534002e-001	  4.3635248e-001	  3.9774349e-001	 -1.9527306e-001	  7.2628190e-002	  1.8797867e-001	  2.2683297e-001	
 -6.5978295e-001	 -8.2300691e-002	 -1.4939326e+000	 -1.0143972e+000	 -1.4415188e+000	 -1.1600471e-001	 -2.9577133e-001	 -6.9607731e-001	 -7.8885121e-001	 -6.5667378e-001	 -5.9557265e-001	
 -1.2983272e+000	 -7.2344215e-001	 -1.8103342e+000	 -1.4289581e+000	 -1.5582669e+000	 -8.0750531e-001	 -9.1851933e-001	 -9.4418817e-001	 -1.1353645e+000	 -1.3070562e+000	 -1.2788019e+000	
  2.8543052e-001	  5.8951739e-001	 -1.7455034e-001	  2.2969092e-001	 -4.3361500e-001	  5.2911476e-001	  5.0035537e-001	 -1.4290138e-001	  1.3027365e-001	  3.8224874e-001	  2.5635522e-001	
 -1.3861270e+000	 -9.1056956e-001	 -1.8272173e+000	 -1.5006857e+000	 -1.6083924e+000	 -1.0731427e+000	 -1.1060514e+000	 -9.9295930e-001	 -1.2067808e+000	 -1.3163474e+000	 -1.3041067e+000	
 -8.3622280e-001	 -2.4488680e-001	 -1.6733936e+000	 -1.1440741e+000	 -1.4281943e+000	 -2.9731279e-001	 -3.8422985e-001	 -7.3862930e-001	 -9.0414213e-001	 -8.6783690e-001	 -8.2753321e-001	
  3.9045424e-001	  7.4596818e-001	  5.6330326e-001	  8.3349913e-001	  5.5303304e-001	  5.9657823e-001	  8.0819103e-001	 -3.8158004e-002	  3.8967823e-001	  4.8783029e-001	  4.5879352e-001	
  5.2068366e-001	  7.5210351e-001	  7.1337518e-001	  8.0107990e-001	  6.8945062e-001	  5.5863003e-001	  7.5157758e-001	  2.0760143e-002	  4.2490601e-001	  4.8360703e-001	  4.2505381e-001	
 -1.2269110e+000	 -6.7742721e-001	 -1.7859475e+000	 -1.3244061e+000	 -1.5455769e+000	 -8.2858765e-001	 -9.3974938e-001	 -9.5989967e-001	 -1.1151886e+000	 -1.2310375e+000	 -1.2619321e+000	
  4.1986088e-001	  6.2019402e-001	  2.8817141e-001	  5.0930680e-001	  2.1674786e-001	  5.8814530e-001	  6.3127399e-001	 -6.4343847e-002	  3.1922266e-001	  3.8647200e-001	  3.1961719e-001	
  2.9172649e-002	  4.5760791e-001	 -8.2486198e-001	 -3.2954086e-001	 -9.9197531e-001	  3.5623961e-001	 -1.7973017e+000	 -3.0656289e-001	 -1.8677639e-001	 -4.4300754e-002	  1.1742265e-002	
 -8.6983039e-001	 -3.6145798e-001	 -1.5358277e+000	 -1.1910820e+000	 -1.4789543e+000	 -4.3645621e-001	 -1.7783716e+000	 -8.4009944e-001	 -9.3936991e-001	 -9.6074867e-001	 -8.9923011e-001	
  3.4004286e-001	  6.5393831e-001	  1.5685848e-001	  5.5388325e-001	 -2.7534777e-002	  5.4598063e-001	 -1.8031046e+000	 -9.7076150e-002	  2.4876710e-001	  4.1603483e-001	  2.9852987e-001	
  4.5766942e-001	  7.7357714e-001	  8.1967612e-001	  8.7402318e-001	  8.3538570e-001	  6.5139230e-001	 -1.8031046e+000	  1.1207606e-003	  4.5052622e-001	  5.9763511e-001	  4.4192367e-001	
 -1.5987005e-001	  2.8581881e-001	 -1.1062468e+000	 -6.0105194e-001	 -1.0934954e+000	  3.3515727e-001	 -1.7684288e+000	 -4.5058503e-001	 -4.0134561e-001	 -2.6813366e-001	 -1.6960872e-001	
 -5.6736208e-001	 -3.9353416e-002	 -1.4395315e+000	 -9.4955869e-001	 -1.3219155e+000	 -6.5407103e-002	 -1.7865451e+000	 -6.3061270e-001	 -7.3761080e-001	 -5.6798528e-001	 -5.7870279e-001	
  5.3748745e-001	  6.7234428e-001	  8.6970009e-001	  1.0118049e+000	  1.0415983e+000	  5.5019709e-001	 -1.7624136e+000	 -3.8158004e-002	  4.9215905e-001	  4.9627682e-001	  5.1362057e-001	
  3.7785140e-001	  6.5087064e-001	  3.2568939e-001	  6.3898373e-001	  2.7385289e-001	  6.1344410e-001	 -1.8031046e+000	 -3.8158004e-002	  3.4164034e-001	  3.4001611e-001	  4.5457606e-001	
 -1.7310249e+000	 -1.3477115e+000	 -1.9316424e+000	 -1.5564873e+000	 -1.6172754e+000	 -1.7502230e+000	 -1.7595830e+000	 -1.1706957e+000	 -1.3396856e+000	 -1.6723684e+000	 -1.7385056e+000	
  5.1648271e-001	  7.7664481e-001	  7.8215814e-001	  9.7938568e-001	  9.4959576e-001	  6.1766057e-001	 -1.8031046e+000	  2.4033373e-002	  4.9856410e-001	  5.0050008e-001	  5.5579521e-001	
  4.7027227e-001	  7.0302091e-001	  7.1337518e-001	  7.7271307e-001	  6.5772560e-001	  6.8934051e-001	 -1.7397683e+000	 -1.8518622e-002	  4.8255147e-001	  4.9627682e-001	  4.7566338e-001	
  3.6524855e-001	  6.4166766e-001	  3.2568939e-001	  5.7414527e-001	  2.6397753e-002	  4.9959949e-001	 -1.8031046e+000	 -1.5926753e-001	  2.4236205e-001	  3.0623001e-001	  2.8587747e-001	
  6.0470263e-001	  7.5517117e-001	  1.1510849e+000	  1.0806958e+000	  1.3525035e+000	  6.2609350e-001	 -1.8031046e+000	  4.3672755e-002	  5.2418431e-001	  6.1030490e-001	  4.9675071e-001	
  5.0808081e-001	  8.0732143e-001	  9.1347107e-001	  1.0077525e+000	  1.0257358e+000	  5.8814530e-001	 -1.7086309e+000	  2.0760143e-002	  5.4980451e-001	  4.7516051e-001	  5.3049042e-001	
 -1.6558279e+000	 -1.2839041e+000	  7.8215814e-001	  8.9023279e-001	  7.3386564e-001	 -1.5614096e+000	 -1.3654599e-001	 -1.1464083e+000	 -1.3385039e+000	 -1.6749023e+000	 -1.6558433e+000	
 -1.7310249e+000	 -1.3860572e+000	  8.2592911e-001	  8.6997077e-001	  6.6089810e-001	 -1.7730763e+000	 -2.9577133e-001	 -1.1703690e+000	 -1.3396856e+000	 -1.7206403e+000	 -1.7385056e+000	
 -1.6129782e+000	 -1.3320664e+000	  1.1260729e+000	  1.0604338e+000	  1.4096085e+000	 -1.6824222e+000	 -2.6857423e-002	 -1.1706957e+000	 -1.3321917e+000	 -1.6993128e+000	 -1.6870525e+000	
 -1.6533073e+000	 -1.2958680e+000	  1.0760490e+000	  1.0725910e+000	  1.3049160e+000	 -1.5871301e+000	  1.2064327e-002	 -1.1421531e+000	 -1.3124321e+000	 -1.6829265e+000	 -1.6010162e+000	
 -1.6948547e+000	 -1.2928003e+000	  6.3208622e-001	  8.0918471e-001	  6.3551809e-001	 -1.5803837e+000	 -1.8962110e-001	 -1.1232339e+000	 -1.3396856e+000	 -1.6922177e+000	 -1.6465649e+000	
 -1.5970146e+000	 -1.1679464e+000	  5.5705026e-001	  7.6866067e-001	  4.7689300e-001	 -1.4467217e+000	 -1.9669779e-001	 -1.1003213e+000	 -1.3041376e+000	 -1.5684761e+000	 -1.6571085e+000	
 -1.6960730e+000	 -1.3428032e+000	  1.1886029e+000	  1.1252722e+000	  1.2985710e+000	 -1.6638698e+000	 -9.7624241e-002	 -1.1546569e+000	 -1.3143216e+000	 -1.6596986e+000	 -1.7140865e+000	
 -1.6696910e+000	 -1.3075251e+000	 -1.3513643e+000	 -9.1713946e-001	 -1.3250880e+000	 -1.6807356e+000	 -1.4209637e+000	 -1.1706957e+000	 -1.3215913e+000	 -1.7378289e+000	 -1.7385056e+000	
 -1.7169937e+000	 -1.3375882e+000	  8.8845908e-001	  9.0644241e-001	  8.6393822e-001	 -1.7060345e+000	 -2.3561954e-001	 -1.1473248e+000	 -1.3360668e+000	 -1.6975390e+000	 -1.7385056e+000	
 -1.7041808e+000	 -1.2231644e+000	 -2.1206831e-001	  2.0942889e-001	 -4.0188998e-001	 -1.4758153e+000	 -6.1068367e-001	 -1.1101409e+000	 -1.3230005e+000	 -1.6613879e+000	 -1.6621695e+000	
 -1.6864948e+000	 -1.3535400e+000	 -7.2481403e-001	 -3.1333124e-001	 -9.2218027e-001	 -1.6853738e+000	 -1.0600530e+000	 -1.1636255e+000	 -1.3287330e+000	 -1.6765916e+000	 -1.7385056e+000	
 -1.7310249e+000	 -1.3860572e+000	 -9.0615093e-001	 -4.9974183e-001	 -9.9514781e-001	 -1.7675527e+000	 -1.1520498e+000	 -1.1706957e+000	 -1.3396856e+000	 -1.7378289e+000	 -1.7301128e+000	
 -1.6701111e+000	 -1.2986289e+000	 -1.9280344e+000	 -1.5651999e+000	 -1.6338041e+000	 -1.6524853e+000	 -1.6813856e+000	 -1.1408438e+000	 -1.3176522e+000	 -1.6280241e+000	 -1.6440344e+000	
 -1.7310249e+000	 -1.3860572e+000	  4.5700232e-001	  7.1192701e-001	  3.1826791e-001	 -1.7730763e+000	 -4.6561170e-001	 -1.1706957e+000	 -1.3396856e+000	 -1.7378289e+000	 -1.6891613e+000	
 -1.4306625e-001	  2.4287153e-001	  9.2597706e-001	 -1.5695765e+000	  1.0130458e+000	  2.2131266e-001	  6.5250403e-001	 -4.2112596e-001	 -3.1807994e-001	  2.3271442e-002	 -5.9954635e-002	
 -7.0599339e-001	 -2.0500719e-001	 -5.6848912e-001	 -1.5695765e+000	 -7.9528020e-001	 -2.4249872e-001	 -5.1625809e-002	 -7.2553638e-001	 -8.2087646e-001	 -6.9468315e-001	 -7.0100927e-001	
 -1.2983272e+000	 -7.9399839e-001	 -1.4126437e+000	 -1.5695765e+000	 -1.3501508e+000	 -8.8761819e-001	 -8.1236910e-001	 -9.7331992e-001	 -1.1103848e+000	 -1.2606003e+000	 -1.2872369e+000	
 -8.8453917e-002	  3.5023972e-001	  9.3848305e-001	 -1.5695765e+000	  1.0511158e+000	  3.6888901e-001	  6.6311905e-001	 -3.7530073e-001	 -3.1167489e-001	 -1.1609621e-001	 -7.6824494e-002	
 -1.1764996e+000	 -7.0196851e-001	 -1.5083145e+000	 -1.5695765e+000	 -1.3850483e+000	 -8.0328885e-001	 -7.3806395e-001	 -9.3731439e-001	 -1.0998164e+000	 -1.2437072e+000	 -1.1522780e+000	
 -1.5987005e-001	  2.6741283e-001	  6.5709821e-001	 -1.5695765e+000	  6.9896812e-001	  1.4963272e-001	  5.9589058e-001	 -4.0475980e-001	 -4.1415571e-001	 -1.7099862e-001	 -2.2865322e-001	
 -2.5649187e-001	  1.6004465e-001	  6.4459221e-001	 -1.5695765e+000	  6.3551809e-001	  1.9179739e-001	  5.7466053e-001	 -4.7022441e-001	 -4.5258602e-001	 -3.2303606e-001	 -2.5395801e-001	
 -4.9594595e-001	  7.4150096e-002	 -2.6209229e-001	 -1.4962280e+000	 -3.4161245e-001	 -1.4809497e-002	  2.1374976e-001	 -5.5532840e-001	 -6.3512998e-001	 -4.8352003e-001	 -4.1422167e-001	
 -1.5260186e+000	 -1.0578174e+000	 -1.7771934e+000	 -1.5378462e+000	 -1.5893574e+000	 -1.3176978e+000	 -1.3714270e+000	 -1.1268344e+000	 -1.2330415e+000	 -1.5756557e+000	 -1.5731810e+000	
 -4.2243481e-002	  3.3183374e-001	  9.7600103e-001	 -1.5420607e+000	  1.2065684e+000	  2.6347733e-001	  6.9142578e-001	 -3.3274874e-001	 -2.9245973e-001	 -5.2747279e-002	 -7.6824494e-002	
 -2.5439685e-002	  3.5330738e-001	  9.7600103e-001	 -1.5412502e+000	  1.2446384e+000	  3.2672434e-001	  7.5865426e-001	 -3.3602197e-001	 -2.9566226e-001	 -8.2310115e-002	 -9.3450583e-003	
 -1.7247289e-001	  2.6741283e-001	  9.8225403e-001	 -1.5695765e+000	  9.9718329e-001	  2.3396206e-001	  7.0204080e-001	 -4.6367795e-001	 -3.6932035e-001	 -8.2310115e-002	 -2.3287069e-001	
 -1.3861270e+000	 -9.1056956e-001	 -1.7115369e+000	 -1.5686121e+000	 -1.5081413e+000	 -1.0014628e+000	 -1.0034395e+000	 -1.0001604e+000	 -1.2035783e+000	 -1.3691381e+000	 -1.3496553e+000	
 -2.5229092e-001	  1.6311231e-001	  2.1938845e-001	 -1.5680528e+000	 -7.1949802e-002	  1.0325158e-001	  3.7297510e-001	 -4.8004410e-001	 -5.0702895e-001	 -2.4279408e-001	 -2.3287069e-001	
  4.1565994e-001	 -1.3860572e+000	  3.5070138e-001	  6.4708854e-001	  2.3261037e-001	 -7.1895950e-001	  4.4728026e-001	 -4.7977695e-002	  3.3523529e-001	  4.2025810e-001	  4.7566338e-001	
  3.6524855e-001	 -1.3700440e+000	  3.0693040e-001	  5.0525440e-001	  1.0253779e-001	 -7.4847477e-001	  3.4113003e-001	 -6.4343847e-002	  2.9360246e-001	  2.8933697e-001	  3.9131409e-001	
 -7.7320857e-001	 -1.3842504e+000	 -1.5733457e+000	 -1.1238121e+000	 -1.4700713e+000	 -1.2586673e+000	 -9.5744108e-001	 -7.2226315e-001	 -8.5610425e-001	 -7.4958556e-001	 -7.0944420e-001	
  4.9967891e-001	 -1.3860572e+000	  1.1260729e+000	  1.1252722e+000	  1.3493310e+000	 -5.7559962e-001	  7.3034753e-001	  6.3312138e-002	  5.6581714e-001	  5.2583965e-001	  5.2205549e-001	
  4.9547796e-001	 -1.3605036e+000	  4.1323134e-001	  6.6329816e-001	  2.4530037e-001	 -6.3041369e-001	  4.7912533e-001	  2.7306604e-002	  3.6405802e-001	  5.0894660e-001	  4.3348874e-001	
  4.5766942e-001	 -1.3860572e+000	  3.1318340e-001	  5.7819767e-001	  1.4695282e-001	 -7.3582537e-001	  3.6943676e-001	 -5.4257001e-003	  3.3203277e-001	  4.3715115e-001	  3.5335691e-001	
  3.0643527e-001	 -1.3807809e+000	 -9.9514377e-002	  2.3779572e-001	 -3.2892244e-001	 -7.8642298e-001	  1.5005962e-001	 -1.4290138e-001	  1.2386860e-001	  3.1889980e-001	  2.9852987e-001	
  5.1228176e-001	 -1.3615159e+000	  1.0010130e+000	  1.0442242e+000	  1.1209109e+000	 -5.7981609e-001	  6.8434910e-001	  6.9858598e-002	  5.8503229e-001	  5.0050008e-001	  4.9675071e-001	
  4.7447322e-001	 -1.3592766e+000	  9.1972406e-001	  9.5507126e-001	  1.0955308e+000	 -6.8944423e-001	  6.5250403e-001	  2.4033373e-002	  5.5620956e-001	  5.9763511e-001	  6.1483972e-001	
  5.4588935e-001	 -1.3852658e+000	  9.6349504e-001	  1.0239621e+000	  1.0891858e+000	 -6.5149603e-001	  6.2419730e-001	  2.0760143e-002	  5.3379188e-001	  5.3006292e-001	  4.7566338e-001	
  3.3584191e-001	 -1.3860572e+000	  1.5685848e-001	  5.5388325e-001	  4.1902403e-003	 -7.3160890e-001	  3.2697667e-001	 -1.5272107e-001	  2.2955195e-001	  2.6399739e-001	  2.9009494e-001	
 -1.7192202e+000	 -1.3860572e+000	 -1.9260772e+000	 -1.5478962e+000	 -1.6173071e+000	 -1.7730763e+000	 -1.7778762e+000	 -1.1618580e+000	 -1.3206946e+000	 -1.7068302e+000	 -1.6891613e+000	
  4.9547796e-001	 -1.3860572e+000	  6.8836319e-001	  7.6866067e-001	  6.5138060e-001	 -5.9668196e-001	  5.7112219e-001	 -1.5245391e-002	  4.6333632e-001	  5.2161639e-001	  4.8831578e-001	
  4.7027227e-001	 -1.3860572e+000	  7.5714615e-001	  9.0239000e-001	  7.1800313e-001	 -6.4306310e-001	  5.0035537e-001	 -4.1431234e-002	  4.5693127e-001	  4.8360703e-001	  3.9974902e-001	
  1.0289985e+000	  1.1048847e+000	  1.0385310e+000	  1.0523290e+000	  1.1526359e+000	  9.0016386e-001	  9.9926144e-001	  4.2009425e-001	  1.8628400e+000	  1.0157381e+000	  1.0408037e+000	
  1.1004146e+000	  1.0558021e+000	  1.2011089e+000	  1.0725910e+000	  1.5111286e+000	  9.5076147e-001	  1.0098765e+000	  4.5609978e-001	  1.8212072e+000	  1.1382127e+000	  1.0745434e+000	
  1.0710079e+000	  1.0312608e+000	  6.7865648e-003	  3.4315823e-001	 -2.7181741e-001	  9.0016386e-001	  7.6219260e-001	  5.1829116e-001	  1.8532324e+000	  1.0664172e+000	  1.0998482e+000	
  1.0374004e+000	  1.1079524e+000	 -1.1972425e-002	  4.0394429e-001	 -1.4808984e-001	  8.5378273e-001	  7.0557915e-001	  4.3318717e-001	  1.8948653e+000	  1.0875335e+000	  1.0576735e+000	
  1.0331994e+000	  1.0251255e+000	  9.0721807e-001	  1.0077525e+000	  1.0162183e+000	  8.7064859e-001	  1.0240298e+000	  4.5937301e-001	  1.7987895e+000	  1.0790870e+000	  1.1293704e+000	
  1.0500032e+000	  1.0680727e+000	  7.1962817e-001	  8.6997077e-001	  8.0048818e-001	  8.7486506e-001	  8.9311121e-001	  5.0847147e-001	  1.8948653e+000	  1.0284079e+000	  1.1040656e+000	
  1.1004146e+000	  1.0987494e+000	 -1.4464098e+000	 -9.7387312e-001	 -1.3564958e+000	  8.4956626e-001	  4.0482017e-001	  4.4628009e-001	  1.8340173e+000	  1.0833103e+000	  1.0239338e+000	
  1.0710079e+000	  1.0496668e+000	  1.0760490e+000	  1.0401717e+000	  1.2636734e+000	  9.0016386e-001	  1.0487982e+000	  4.8555885e-001	  1.8628400e+000	  1.0917568e+000	  1.1167180e+000	
  1.0374004e+000	  1.0527344e+000	  3.2568939e-001	  5.0120199e-001	  9.6192791e-002	  8.8751446e-001	  8.4003610e-001	  4.4300686e-001	  1.8212072e+000	  1.0241846e+000	  1.0450211e+000	
  1.0878117e+000	  1.0987494e+000	 -1.1312588e+000	 -6.0915674e-001	 -1.1791529e+000	  8.8329800e-001	  4.7912533e-001	  4.5937301e-001	  1.7923845e+000	  1.0706405e+000	  1.0323687e+000	
  1.0962136e+000	  1.0097872e+000	  6.0707423e-001	  6.9976980e-001	  4.8006550e-001	  8.4534979e-001	  7.4803924e-001	  4.5609978e-001	  1.8276122e+000	  1.0579707e+000	  1.1757625e+000	
  1.1298212e+000	  1.1079524e+000	  3.0693040e-001	  4.2420631e-001	  6.4467774e-002	  8.4113332e-001	  8.2942108e-001	  5.8375577e-001	  1.8628400e+000	  1.0875335e+000	  1.1715451e+000	
  1.0626060e+000	  1.0527344e+000	 -1.8503534e+000	 -1.4747503e+000	 -1.6301558e+000	  8.4113332e-001	  2.5267151e-001	  4.2336748e-001	  1.8948653e+000	  9.7772872e-001	  1.0745434e+000	
  1.0752089e+000	  1.0772757e+000	  1.1198200e+000	  1.0361193e+000	  1.1526359e+000	  8.8329800e-001	  9.7803139e-001	  4.5937301e-001	  1.8404223e+000	  1.0664172e+000	  1.1504577e+000	
  1.0626060e+000	  1.0956817e+000	  4.1948434e-001	  6.5519335e-001	  3.3095792e-001	  1.2374812e+000	  1.0806433e+000	  2.0730756e+000	  3.2242519e-001	  1.0790870e+000	  1.0787608e+000	
  7.7274058e-001	  9.1468962e-001	 -9.6868090e-001	 -5.6458030e-001	 -1.1283929e+000	  1.2796459e+000	  8.8957287e-001	  2.0927150e+000	 -4.0775066e-001	  8.2991454e-001	  8.3414788e-001	
  1.1424241e+000	  1.1171553e+000	  6.8211019e-001	  7.7271307e-001	  5.5303304e-001	  1.2796459e+000	  1.1337184e+000	  2.0796220e+000	  4.3451359e-001	  1.0917568e+000	  1.0998482e+000	
  1.1718307e+000	  1.0895464e+000	  1.1323259e+000	  1.1495867e+000	  1.4318160e+000	  1.2627800e+000	  1.1584868e+000	  2.1025347e+000	  5.4339946e-001	  1.1888918e+000	  1.1884149e+000	
  1.2054383e+000	  1.1877116e+000	  9.6974804e-001	  9.8343809e-001	  1.0764958e+000	  1.3175941e+000	  1.1089500e+000	  2.0828953e+000	  5.3699441e-001	  1.1297662e+000	  1.1125006e+000	
  1.1550269e+000	  1.0772757e+000	  7.1337518e-001	  7.9297509e-001	  6.0696557e-001	  1.2163989e+000	  1.1054117e+000	  2.0894417e+000	  4.5052622e-001	  1.1170964e+000	  1.1167180e+000	
  9.2397474e-001	  9.4536624e-001	 -9.3741592e-001	 -4.5921779e-001	 -1.0237003e+000	  1.2332648e+000	  9.1787960e-001	  2.1352670e+000	 -2.7004205e-001	  9.7350546e-001	  9.3536704e-001	
  8.2315197e-001	  8.8401299e-001	 -1.1375118e+000	 -6.4968079e-001	 -1.1854979e+000	  1.2754294e+000	  8.5418946e-001	  2.1679993e+000	 -5.2944663e-001	  8.2991454e-001	  8.2149549e-001	
  9.3657758e-001	  9.6990754e-001	 -6.7479006e-001	 -2.0391633e-001	 -8.8728275e-001	  1.2922953e+000	  9.3557130e-001	  2.1352670e+000	 -1.6756123e-001	  1.0241846e+000	  1.0070639e+000	
  1.2348449e+000	  1.1079524e+000	  1.1323259e+000	  1.1131150e+000	  1.3747110e+000	  1.2965118e+000	  1.2504836e+000	  2.1352670e+000	  6.1065250e-001	  1.1719988e+000	  1.2137197e+000	
  1.0205966e+000	  1.0527344e+000	 -2.5583929e-001	  1.3648562e-001	 -4.2092499e-001	  1.3808411e+000	  1.0240298e+000	  2.1352670e+000	  7.9033241e-002	  1.0706405e+000	  9.4380197e-001	
  9.4918043e-001	  9.8831352e-001	 -7.6233201e-001	 -3.6601249e-001	 -9.4121528e-001	  1.1995330e+000	  8.4003610e-001	  2.0927150e+000	 -2.1880164e-001	  9.3127283e-001	  9.5645436e-001	
  8.2735292e-001	  1.0097872e+000	 -1.1437648e+000	 -6.3347117e-001	 -1.1474279e+000	  1.2332648e+000	  8.9664955e-001	  2.0861685e+000	 -3.9494055e-001	  8.5525411e-001	  8.3836535e-001	
  1.1592279e+000	  1.1018170e+000	  6.5709821e-001	  7.4839865e-001	  5.9427557e-001	  1.3218106e+000	  1.1974085e+000	  2.1025347e+000	  4.1850096e-001	  1.0959801e+000	  1.1082831e+000	
