  4.8733934e-001	  1.2948538e-001	  2.7327725e-001	  6.7108161e-001	 -7.1752071e-001	 -7.3405427e-002	  2.3364126e-002	  6.9638730e-002	  1.7706943e-001	  1.3927134e-001	  1.8125666e-001	
  7.6238911e-001	 -1.6214599e+000	  1.6656354e+000	  3.3984205e+000	 -1.8545314e+000	  1.6439397e+000	 -1.6736449e+000	  9.7708608e-001	 -2.1185865e+000	 -2.2082209e+000	 -1.4630504e+000	
 -3.4828443e-001	  8.8682551e-001	 -8.0650933e-001	 -1.1488454e+000	  9.2047478e-001	 -1.2566205e+000	  1.2726297e+000	 -1.1068522e+000	  1.0892642e+000	  1.2023500e+000	  6.0619429e-001	
  5.3654675e-001	  5.5572890e-001	  4.9292056e-001	 -1.4562313e-001	 -7.8889309e-001	 -3.6229907e-001	  5.0397730e-001	  9.6717405e-001	 -7.9108060e-002	 -1.6214559e-001	  3.3470425e-001	
  1.6231596e-001	 -3.9232089e-001	  1.4802870e-001	  4.8954449e-001	  5.3864142e-001	  5.4506860e-002	  2.5754895e-001	  2.1875650e-001	 -3.9861958e-001	 -3.8000878e-001	 -4.2136467e-001	
  2.7665158e-001	  5.9509483e-001	 -8.9826170e-001	  1.1375801e-001	 -1.0845849e-001	 -6.3358921e-001	  6.6556333e-001	  2.4951859e-001	  6.1582488e-001	  6.2462404e-001	  2.3914788e-001	
  6.5503959e-001	 -1.5502450e-001	  2.2400230e-001	  4.2272300e-001	 -1.7630927e-001	  4.7604457e-001	 -5.6819807e-001	  5.0934039e-001	 -4.8281336e-001	 -5.9566777e-001	 -7.1834258e-002	
 -1.2613474e+000	 -7.2218660e-001	  2.3958011e-001	  9.8617950e-001	 -1.2287910e+000	  7.9277208e-001	 -1.1311343e+000	 -7.2725035e-001	 -2.9729198e-001	 -1.4564405e-001	 -6.2530574e-001	
  1.1960633e-001	  1.3660514e+000	 -1.8093440e+000	 -2.0485243e+000	  1.5346292e+000	 -1.2634706e+000	  1.6457787e+000	  3.0158622e-001	  1.4727740e+000	  1.1004232e+000	  1.4493875e+000	
  1.1541288e+000	  2.0198152e+000	 -1.1020677e+000	 -1.3063995e+000	  5.5362804e-001	 -2.1079210e+000	  2.4952361e+000	  1.5612325e+000	  9.6854362e-001	  4.8954997e-001	  1.6182418e+000	
 -1.4495649e+000	 -6.9423022e-002	 -8.0760081e-001	  4.6532655e-001	  3.4463200e-001	  1.3559337e-001	 -3.9592039e-002	 -4.5852533e-001	  3.9386959e-001	  4.4127535e-001	  1.1229389e-001	
  7.7306627e-001	 -5.3246299e-001	  9.9789949e-001	  5.8966273e-001	 -9.7207242e-001	  5.4753705e-001	 -4.9684144e-001	 -2.3204459e-001	 -5.5510505e-001	 -5.0783449e-001	 -4.7701472e-001	
 -8.2882428e-001	  1.2471458e-002	 -1.3944607e+000	 -6.5980060e-002	  4.3293687e-001	 -3.7186114e-001	  3.8305148e-001	 -8.1471365e-001	  7.1043438e-001	  8.0342461e-001	  7.3206043e-001	
 -2.3554477e+000	 -4.9152481e-001	  5.8494621e-001	 -1.0112649e+000	  3.0316408e-001	  3.4803456e-001	 -3.9089740e-001	 -1.6829729e+000	  2.4578391e-001	  7.5632832e-001	 -6.4317674e-001	
 -6.5722459e-001	 -9.7778497e-001	  1.2812591e+000	  1.0899982e+000	 -1.5657812e+000	  1.1381992e+000	 -1.0647759e+000	 -6.8838616e-001	 -9.3887241e-001	 -8.9598301e-001	 -1.2395546e+000	
  3.0606206e-001	 -3.5419148e-001	 -2.1899388e-001	  5.3873191e-001	  3.9740619e-001	  6.5585521e-002	  1.6966391e-001	  3.8001124e-001	 -1.9005823e-001	 -3.9602627e-001	 -1.8189723e-001	
  8.1461059e-001	  3.2855933e-001	 -4.8215439e-001	  4.2904438e-001	  1.5156095e-001	 -4.4112474e-001	 -8.2266809e-002	  6.5092000e-001	  2.8726426e-001	  5.2100269e-003	  4.0477204e-001	
 -7.9990361e-001	  1.0962763e+000	 -1.4986742e+000	 -1.5328714e+000	  1.8495353e+000	 -8.8451334e-001	  2.4791101e-002	  1.5249394e-001	  1.4072656e+000	  1.1959418e+000	  1.4227223e+000	
  7.5489958e-001	  1.3128485e+000	 -1.4765056e+000	 -1.4787138e+000	  3.3922422e-001	 -1.2591663e+000	 -6.4960609e-002	  9.9240261e-001	  1.0540443e+000	  1.1110538e+000	  1.1596359e+000	
 -8.6420295e-001	 -1.8585214e+000	  1.3652864e+000	  5.8371865e-001	 -1.0147903e+000	  1.6758152e+000	  2.8849031e-001	 -2.8113252e-001	 -1.1120545e+000	 -8.0852772e-001	 -1.1937564e+000	
 -5.9574911e-001	  2.3365644e-001	 -4.8239686e-001	 -1.2693741e-001	  2.8617495e-001	 -4.8595110e-001	  6.4348561e-002	 -7.1938412e-001	  5.9835180e-001	  8.6247408e-001	  4.2412164e-001	
 -1.1154379e-001	  2.9460293e-001	 -2.5001738e-001	 -8.6329915e-001	  2.2718920e-001	 -2.4965117e-001	  8.3834904e-002	 -2.9362958e-001	  5.1454870e-001	  5.8620339e-001	  7.3547783e-001	
 -9.2226335e-001	  1.5148747e-001	 -7.9357050e-001	  2.5698049e-002	  2.8980790e-001	 -2.4933899e-001	  4.6267603e-002	 -9.5048004e-001	  4.9283821e-001	  7.0139832e-001	  1.2654679e-001	
 -1.0006462e-001	  5.7338027e-001	  5.1047337e-001	 -1.1651284e+000	 -1.0919138e+000	 -4.4240107e-001	  6.8412579e-002	  1.1741480e-001	  1.3897992e-001	  6.2514297e-002	  2.6315650e-001	
 -1.6114017e-001	  1.2923967e+000	 -2.2281167e+000	 -1.8281454e+000	  2.6404315e+000	 -1.2574325e+000	  1.0864400e-002	 -2.2334808e-001	  1.3760731e+000	  1.5479993e+000	  1.3128688e+000	
 -4.5849432e-001	  4.9542060e-001	 -9.6622156e-001	 -5.0779991e-002	  2.3749460e-001	 -5.3687751e-001	  1.1258385e-001	 -6.3582989e-001	  6.4958306e-001	  7.5702685e-001	  4.4938655e-001	
  7.1781822e-001	  5.4354842e-001	 -3.1493790e-001	 -8.1823174e-002	  1.8328372e-001	 -5.1634622e-001	 -5.4934617e-002	  5.1695053e-001	  2.6809227e-001	  2.0934362e-001	  7.3098695e-001	
  3.8423539e-002	 -7.0596597e-001	  1.6277901e+000	  2.3118539e-001	 -1.2648241e+000	  7.9292931e-001	  1.1682800e-001	  8.7953666e-001	 -8.7196149e-001	 -9.4617154e-001	 -3.9571721e-001	
 -3.7830638e-001	  7.9800526e-001	 -5.9617838e-001	 -6.5642061e-001	  8.2527209e-001	 -9.2809460e-001	  2.9448254e-002	 -4.0575033e-001	  1.2280319e+000	  1.2149004e+000	  1.5151380e+000	
  3.8644475e-001	 -3.0286630e-004	 -7.6961199e-002	  5.1365280e-001	 -5.2228987e-001	  2.6319622e-002	  2.8564342e-002	  6.2056174e-001	  2.8444075e-001	 -2.0133943e-002	  7.4006474e-001	
 -3.8585980e-001	 -1.8169961e-001	  1.6175484e+000	  1.4473323e+000	 -2.0041988e+000	 -1.6512881e-002	 -1.0754881e-001	 -1.5087465e+000	  4.7113887e-001	  9.3188762e-001	  5.3969820e-002	
  1.0216774e-001	 -1.4950131e-001	  7.9736923e-002	  3.2589779e-001	 -4.9977743e-001	  3.7764977e-001	 -4.1129894e-001	  1.2538765e-002	  2.0665100e-001	  1.6526566e-001	  1.1190007e-001	
 -6.7854787e-001	 -3.6795275e-001	  2.3837479e-002	  3.0832154e-001	  5.9095535e-003	  3.7712863e-001	 -6.1602818e-001	 -1.5445353e+000	 -2.0036969e-001	  1.4142737e-001	 -8.0430029e-001	
 -1.2495378e+000	 -3.7069846e-002	  2.0637556e-001	  8.4545803e-001	 -1.1021117e-001	 -7.9355760e-002	  1.9353869e-001	 -1.0353283e+000	  3.6485275e-001	  5.7594077e-001	 -1.4444866e-001	
  1.1105924e+000	  2.8370899e-001	 -1.0252285e+000	 -4.7655911e-001	  8.2526050e-001	 -2.8290708e-001	  2.7925535e-001	  4.8609278e-001	 -9.4740181e-002	 -2.3806545e-001	  3.0073636e-002	
 -1.3959124e+000	 -4.8573991e-001	 -1.0933386e+000	 -4.9741857e-001	  1.6922953e+000	  3.0008784e-001	 -4.0424735e-001	 -1.4471956e+000	  1.7868309e-001	  4.1149714e-001	 -2.0097408e-001	
 -8.5917584e-001	  1.7389300e-001	  6.4951768e-001	 -6.0124043e-001	 -3.4032666e-001	 -3.6535025e-002	  4.2436480e-002	 -7.9634426e-001	  2.9245390e-001	  6.3914545e-001	 -2.1841972e-001	
  4.3611882e-001	 -5.8146005e-002	 -6.3731846e-001	 -1.4912920e+000	  1.0930906e+000	 -4.2561103e-002	  1.9475429e-001	  1.0470477e+000	 -1.9212239e-002	 -4.4092404e-002	  2.5015350e-001	
 -9.3986195e-001	 -4.9419764e-001	 -1.2043441e+000	  2.0126209e-001	  1.0009563e+000	  7.1350976e-001	 -6.4969088e-001	 -8.8785875e-002	 -9.3403512e-002	 -1.1673749e-001	 -4.8902241e-001	
  1.7523196e+000	  6.6825056e-001	 -3.3594770e-001	  6.1705843e-001	  1.0234254e-001	 -3.4565865e-001	  3.1630834e-001	  1.7193294e+000	  1.1867556e-001	 -2.1788979e-001	  8.4499457e-001	
  1.1389356e+000	  1.5761308e-001	 -4.1974812e-001	 -1.9773138e-001	  9.0978722e-003	 -1.5740179e-001	  3.1574164e-001	  8.3215292e-001	  2.1738733e-001	 -9.7312741e-002	  7.6566749e-001	
 -9.9603270e-002	  1.7207845e-001	  4.6339401e-003	  4.8895105e-001	 -7.1763228e-002	 -1.4232915e-001	  1.5528631e-001	  3.1494677e-001	  5.2850477e-001	  5.3126040e-001	  4.5312883e-001	
  1.0421685e-001	 -1.4568384e-001	  5.2820975e-001	 -1.0821536e-001	  1.4590471e-001	  1.5132107e-001	 -1.3222598e-002	  5.9779682e-001	  1.2816197e-001	 -2.5956062e-001	  2.8715516e-001	
  3.8063914e-001	  2.4365200e-001	  1.4645421e+000	  3.1597882e-001	 -6.4530506e-001	 -6.1741062e-002	  3.1830443e-001	  6.0253374e-001	  2.8362372e-001	  1.4258247e-001	  4.4722299e-001	
  2.0367299e-001	 -3.6010518e-001	  2.6759620e-001	 -3.0997081e-001	 -8.5576480e-001	  4.5652685e-001	 -4.2771444e-001	  1.7396653e-001	  3.6737363e-001	  2.2787415e-001	  4.8380008e-001	
 -1.3603472e-001	 -9.1123425e-001	  1.3857189e+000	  4.4196096e-001	 -1.4130772e+000	  8.3498189e-001	 -9.7626461e-001	 -3.6325507e-002	 -9.1018427e-001	 -1.1210799e+000	 -7.9922271e-001	
 -3.4623128e-002	 -4.4335410e-001	  4.6944598e-001	 -2.5835940e-001	 -8.8201026e-001	  3.9253259e-001	 -3.5812344e-001	  2.6737812e-001	 -2.7705616e-001	 -5.7169986e-001	 -6.4495092e-001	
  7.4929342e-001	  2.4548969e-001	 -6.7074768e-001	  7.6308931e-001	  1.0551224e+000	  1.6144290e-001	 -1.8450600e-002	  1.1617074e+000	  3.2334500e-001	  1.6107088e-001	  4.1768372e-001	
 -3.6931964e-001	 -3.6115716e-001	  2.0413348e-001	  1.0755679e+000	 -7.2218552e-001	  2.6392483e-001	 -9.6139624e-002	 -1.6378862e-001	 -4.0406319e-001	 -3.7484618e-001	 -7.3338778e-001	
  3.8662214e-001	  1.5204892e-002	  2.4088880e-001	 -4.9739104e-001	 -1.1122487e+000	  1.2031831e-001	 -1.0021656e-001	  6.0810677e-001	 -1.1658936e-001	 -2.0254658e-001	  3.0713082e-001	
  2.7596928e-002	 -7.8744875e-001	  1.8743790e+000	  3.9346156e-001	 -9.4762760e-001	  1.0060437e+000	 -9.0971142e-001	  6.6812276e-001	 -1.0941005e+000	 -1.0354277e+000	 -6.5459286e-001	
  5.5666184e-002	 -1.7123425e+000	  2.3155263e+000	  5.6789299e-001	 -1.5440187e+000	  1.8832803e+000	 -1.9947348e+000	  2.3616316e-001	 -1.2482802e+000	 -1.2215021e+000	 -9.7837780e-001	
 -5.3886526e-002	  1.5889202e+000	 -2.0893612e+000	 -1.9815405e-001	  1.5049496e+000	 -1.4616020e+000	  1.6009239e+000	 -1.4599275e-002	  1.4806610e+000	  1.6258932e+000	  1.4954811e+000	
 -6.7258089e-001	 -4.6750429e-001	 -1.8255725e-001	 -3.4558038e-001	 -2.9448266e-003	  4.1972713e-001	 -1.5656142e-001	 -2.6477459e-001	  2.7290171e-002	  3.2738976e-003	 -4.3646656e-002	
 -2.1167948e+000	 -1.3692680e+000	  6.5722025e-001	  9.7252195e-001	 -7.2109649e-001	  1.3367034e+000	 -1.3344584e+000	 -8.1550319e-001	 -5.5171340e-001	 -4.6998376e-001	 -5.2950843e-001	
 -2.8681225e-004	  3.7642940e-001	 -3.0429348e-001	  3.8243069e-001	  4.1085861e-002	 -4.1506943e-001	  5.7189160e-001	  1.5155971e-002	  5.9681022e-001	  5.8733219e-001	  1.6655454e-001	
 -9.9006251e-001	  9.2735826e-001	 -1.3588464e+000	 -1.0336439e-001	  7.9997947e-001	 -9.1787259e-001	  8.8557255e-001	 -1.0853925e+000	  1.1389625e+000	  1.3500772e+000	  5.0806011e-001	
 -7.1331981e-001	  6.9340203e-001	 -1.2786652e+000	 -8.7576488e-001	  1.2721011e+000	 -1.0833278e+000	  1.4606678e+000	 -3.6705906e-001	  1.1288979e+000	  1.0702732e+000	  9.9914876e-001	
 -6.7829627e-002	 -5.9586529e-002	  4.8121078e-001	  5.6048950e-001	 -8.0523436e-001	 -8.8478052e-002	 -9.4714546e-002	 -7.4457833e-001	 -7.7942803e-002	  6.6561463e-002	 -1.1150822e-001	
 -1.6409316e+000	 -3.0947224e-001	  1.6994959e+000	  1.4589425e+000	 -2.3819119e+000	  1.1478011e-002	 -3.5830738e-001	 -1.5554017e+000	 -1.1223403e+000	 -7.1804944e-001	 -1.7152886e+000	
 -7.1637859e-001	 -2.1645247e-001	 -8.5955823e-001	 -5.2388918e-001	  1.0779795e+000	  1.1692520e-001	 -9.6106406e-002	 -7.8134262e-001	  4.2304916e-001	  6.0139121e-001	 -3.5941985e-001	
  2.0005807e-001	 -1.4185755e-001	  4.5250537e-001	  1.3216168e+000	 -6.0699622e-001	  7.0655962e-002	 -1.0654209e-001	 -6.6928443e-001	 -4.2600171e-001	 -2.4599744e-001	 -6.0590545e-001	
  2.6596601e-001	 -1.0225843e-001	 -2.3223972e-001	 -5.3941001e-001	  8.6667124e-001	  2.5464897e-001	 -1.3621038e-002	 -6.7065066e-002	  4.4408298e-001	  5.1792700e-001	  4.3860672e-001	
 -5.4063372e-001	  8.5025193e-002	  6.3968907e-001	  3.3211976e-001	  3.4903313e-002	 -1.8031529e-001	  4.0082694e-001	 -1.1869378e-001	 -5.3137523e-001	 -3.8608205e-001	 -4.6227106e-001	
 -2.1319990e-001	  2.4290379e-001	 -8.5152685e-001	 -1.0955682e+000	  1.2693988e+000	 -2.4302132e-001	  2.3619343e-001	 -6.6304455e-001	  1.1196342e+000	  1.1660081e+000	  5.4736203e-001	
 -8.1475354e-001	  2.3275211e-001	  2.9463526e-001	  5.9904249e-001	 -4.6357020e-001	  5.2303522e-002	 -1.0125793e-001	 -8.3141164e-001	 -3.0266904e-001	 -1.4517276e-001	 -2.7666480e-001	
 -1.0603103e+000	 -2.5648913e-001	  5.7858016e-001	  3.6976958e-001	 -4.4898642e-001	  4.3916389e-001	 -2.8226092e-001	  2.4552818e-001	 -3.2194495e-001	 -2.9097468e-001	 -1.1688068e-001	
 -6.6821177e-001	 -1.1110262e-001	  5.4349652e-001	  1.3938743e+000	 -2.4666162e-001	  8.0604748e-002	 -1.3505792e-001	 -1.1968753e+000	 -5.8412448e-001	 -2.6246611e-001	 -8.4018619e-001	
 -4.4027420e-001	 -2.8677848e-001	  1.7733006e+000	  1.5739967e+000	 -1.4615650e+000	  3.4953958e-001	 -6.4437173e-001	 -1.3567800e+000	 -1.3310384e+000	 -6.9288113e-001	 -1.9089932e+000	
 -3.8115059e-001	  1.0569048e-001	 -5.5718582e-001	 -1.1057694e+000	  4.3583313e-001	 -3.8619950e-001	  2.9246594e-001	  5.5265477e-002	  6.1558744e-001	  4.9661291e-001	  9.5933349e-001	
  1.0463078e+000	  9.7439886e-002	  1.2979513e+000	  9.7091201e-001	 -1.3395131e+000	  2.0541483e-001	 -2.5860276e-001	  3.2642812e-001	 -1.2960677e+000	 -1.4077905e+000	 -1.0519454e+000	
  9.7084184e-001	  2.9006281e-001	  2.7832314e+000	  1.9688987e+000	 -2.1544610e+000	 -9.0132502e-002	 -4.3985751e-002	  4.3005433e-001	 -1.9963946e+000	 -2.1005673e+000	 -1.4776921e+000	
 -3.1088901e-001	  1.7558015e+000	  8.5222124e-001	  1.9005954e-001	 -3.6256816e-002	 -2.1013849e+000	  1.9644204e+000	 -9.8222980e-002	  2.6246698e+000	  2.4988100e+000	  2.3320360e+000	
 -1.0923506e-001	  1.7993035e+000	  1.0910512e+000	 -4.6589389e-002	 -3.9662892e-001	 -1.6986189e+000	  1.7164745e+000	 -4.2906052e-001	  2.1246859e+000	  2.2750693e+000	  1.6732050e+000	
 -1.0353617e+000	 -1.4437107e+000	  4.1783325e-001	  3.3770569e-001	  9.5417072e-002	  1.5891437e+000	 -1.6345140e+000	 -7.5638049e-001	 -1.6159113e+000	 -1.5646988e+000	 -1.6724951e+000	
  7.6969868e-001	 -1.6930426e+000	  7.0903657e-001	 -1.3298004e+000	 -2.1581401e-001	  1.8304967e+000	 -1.8401443e+000	  5.5573234e-001	 -1.6019668e+000	 -1.9610367e+000	 -1.3376286e+000	
 -1.0116907e+000	 -1.6030856e+000	  3.2909668e-001	  8.7151268e-001	  7.4292940e-003	  1.3719035e+000	 -1.5617267e+000	 -6.0250713e-001	 -1.5014378e+000	 -1.5189573e+000	 -1.5469852e+000	
  1.4129900e+000	  2.5380116e+000	  4.3544416e-001	 -1.0104159e-002	  4.3276200e-001	 -2.5079554e+000	  2.6844191e+000	  1.2839570e+000	  1.8417027e+000	  1.6627723e+000	  1.9060066e+000	
 -4.4607814e-001	  1.7166911e+000	 -9.9606510e-001	 -1.3019863e+000	  1.2805263e+000	 -1.9964007e+000	  2.1468418e+000	 -4.3084316e-001	  1.6132240e+000	  1.6167970e+000	  1.3390365e+000	
  8.3296167e-001	 -1.1084235e+000	 -1.2075047e+000	 -1.4443047e+000	  5.7720545e-001	  1.2592232e+000	 -1.1835342e+000	  7.4254111e-001	 -1.4897580e+000	 -1.4830932e+000	 -1.1109531e+000	
 -2.7345353e-001	 -1.9280388e+000	  5.1584720e-001	  1.2876489e+000	 -5.2648408e-001	  1.6453965e+000	 -1.7642833e+000	 -5.9972764e-001	 -1.6502111e+000	 -1.3758005e+000	 -1.8783714e+000	
 -1.3182687e+000	 -2.7255980e+000	 -1.3415426e+000	 -2.9068200e+000	  2.1416887e+000	  2.5265796e+000	 -2.3199432e+000	 -8.5719088e-001	 -1.9474235e+000	 -1.6487838e+000	 -2.1432228e+000	
 -4.0414754e-001	 -2.0492093e+000	 -1.0970836e+000	 -9.7036893e-001	 -1.8220613e-001	  2.0731941e+000	 -2.1165223e+000	 -6.4118055e-001	 -1.9892086e+000	 -1.7257310e+000	 -2.0759197e+000	
  1.0884397e+000	 -8.8194142e-001	  2.6399460e-001	 -1.0497257e+000	  1.4547882e+000	  1.1248796e+000	 -7.0376537e-001	  1.1199275e+000	 -1.6357930e+000	 -1.7954325e+000	 -9.2916287e-001	
  2.0113627e+000	 -1.0422370e+000	 -3.6801038e-001	 -6.0349635e-002	  8.3585074e-001	  1.2249351e+000	 -1.0713450e+000	  8.4800356e-001	 -1.6341843e+000	 -1.6453700e+000	 -1.1771821e+000	
  1.6815944e+000	 -1.4315643e+000	 -1.8531087e-001	  1.0566549e+000	  1.3141106e-001	  1.2719298e+000	 -1.1080955e+000	  3.0998311e-001	 -1.8763001e+000	 -1.8610948e+000	 -1.6487780e+000	
  2.9351436e-001	 -4.3432748e-001	 -2.5249139e-001	  1.2636163e+000	 -4.8787113e-001	  6.4310956e-001	 -3.4668046e-001	  1.6459481e+000	 -1.6633393e-001	 -5.6057386e-001	  2.1563146e-001	
  2.1938068e+000	  1.6982937e+000	 -3.5845506e-001	  5.5095078e-001	 -2.5708420e-001	 -1.7394741e+000	  1.6555584e+000	  1.7755755e+000	  4.0003544e-001	 -1.9420533e-002	  9.3507278e-001	
  2.6727040e+000	  8.9792466e-001	  4.7233654e-001	  1.0229729e-001	 -5.8704176e-002	 -6.9258156e-001	  8.7414964e-001	  2.0655425e+000	 -2.6722933e-001	 -7.3573744e-001	  4.3744560e-001	
  1.3614142e+000	  2.3894975e+000	 -1.7537465e+000	 -1.4338500e+000	  1.9763977e+000	 -2.1849564e+000	  2.5319917e+000	  1.5399613e+000	  1.8224496e+000	  1.5290087e+000	  1.8979591e+000	
 -1.7138350e+000	 -1.1471265e+000	  1.3122901e+000	  6.6460849e-001	 -1.2419527e+000	  8.3328976e-001	 -1.1199249e+000	 -1.8045163e+000	 -6.3582632e-001	 -8.0436205e-002	 -1.4191495e+000	
  1.4192448e+000	  3.2537860e-001	 -7.5693777e-001	 -2.7254914e-001	  1.2912098e+000	 -1.8611755e-001	  6.2773116e-001	  2.0655781e+000	  2.6439255e-001	 -1.6572639e-001	  1.1828743e+000	
  2.1354766e+000	  1.3568583e+000	 -1.7276653e-001	 -8.5978122e-001	 -3.8010630e-001	 -1.0856673e+000	  1.2130516e+000	  2.1079713e+000	  8.1763214e-001	  3.8000614e-001	  1.4903411e+000	
  1.3769784e+000	 -1.9230215e-001	  1.2492275e+000	  1.1574288e+000	 -1.1039858e+000	  1.6748557e-001	 -3.5757874e-002	  1.5701161e+000	 -6.9398624e-001	 -1.1049727e+000	 -1.5470173e-001	
 -1.4675509e+000	 -1.4973350e+000	  5.0915048e-001	  3.3411301e-001	 -7.2134843e-001	  1.3436711e+000	 -1.4511804e+000	 -1.9232066e+000	 -1.8862615e-001	  1.1337035e-001	 -7.2405774e-001	
 -9.2939025e-001	 -4.1066531e-001	 -3.0810146e-001	 -1.0177649e+000	  6.5149467e-001	  2.4298814e-001	 -2.2875260e-001	 -1.6535173e+000	  1.1433241e-001	  5.3586056e-001	 -3.9978089e-001	
  1.9345119e+000	  1.4501021e+000	 -9.6042879e-001	 -1.9108164e-001	  8.8779536e-001	 -1.3471623e+000	  1.7225485e+000	  1.9877684e+000	  1.0330301e+000	  4.6088122e-001	  1.4899032e+000	
  1.6057743e+000	  4.0422003e-001	  1.5561529e-001	  9.5805144e-001	 -8.5178537e-001	 -3.7108452e-001	  4.3349474e-001	  1.6191252e+000	 -6.4011736e-002	 -5.7341799e-001	  1.0897185e+000	
 -1.1893973e+000	  2.3607547e-001	 -1.2366886e-001	 -9.4964325e-001	  8.6620271e-001	 -3.0663900e-001	  1.5916638e-001	 -1.8604447e+000	  4.2626672e-001	  9.2318488e-001	 -4.0782110e-001	
 -9.2608936e-001	  1.4324917e+000	 -1.0716572e+000	 -2.4390668e+000	  1.6293121e+000	 -1.6522883e+000	  1.4773937e+000	 -2.1727175e+000	  1.4909651e+000	  1.8869984e+000	  3.9166726e-001	
