 -1.4964206e-001	  5.7026989e-002	 -9.5704207e-001	 -7.0623483e-001	 -4.5878335e-002	 -6.5251018e-002	  3.0698849e-001	  4.2163183e-001	 -5.9065276e-001	  2.5885898e-001	  7.9193248e-001	
 -3.2954188e-001	 -3.8448521e-001	  8.7381063e-001	 -1.2151198e-001	  2.0868622e+000	  3.6953315e-001	 -2.5900827e-002	 -6.7898382e-001	  5.5483809e-001	  3.3755532e-003	 -7.0550632e-001	
 -1.9202405e+000	 -1.3695652e+000	 -8.6591357e-001	  8.8444725e-001	  7.0068044e-001	  1.1939964e+000	  7.5904140e-001	 -1.0816061e+000	 -8.6962413e-001	  1.1244297e+000	  1.1992891e-001	
  5.7857496e-001	  3.1682659e-001	  7.6521236e-001	  1.2500752e+000	  3.0317622e-001	 -9.7679198e-001	 -4.9992165e-001	  1.4560668e+000	  1.4934297e-001	 -3.0758255e-001	  4.7058086e-001	
 -2.0111977e-002	 -1.1846388e+000	  2.3082980e+000	 -1.7365961e+000	 -2.0746802e+000	  5.4741128e-001	  1.4227876e+000	 -8.4797726e-002	  2.4438774e+000	 -1.9282183e+000	 -2.2645889e+000	
  1.0681717e+000	  1.0912573e+000	  5.9920698e-001	  8.4372374e-001	 -3.1477809e-001	 -1.5674617e+000	 -1.5483521e+000	  1.4210069e+000	 -1.3016536e-001	 -2.7629903e-001	  4.7647565e-001	
  4.3006746e-001	  2.8597249e-001	 -2.1507524e-001	 -7.7652724e-001	 -6.0945227e-001	 -7.9428248e-001	 -6.1951877e-001	  1.2519967e+000	  3.1675179e-001	 -4.0647635e-001	  2.1925237e-001	
  3.0990872e-002	  6.2442098e-001	 -1.4833122e+000	  4.7944851e-001	  3.9060215e-001	 -2.3870771e-001	 -2.5755453e-001	 -7.4501194e-002	 -1.2733710e+000	  1.0178443e+000	  1.4517210e+000	
  1.5315506e-001	  2.4492513e-001	 -3.7246977e-001	 -1.5194066e+000	 -5.6673694e-001	 -7.5516857e-001	 -5.3478605e-001	  5.5523722e-001	  1.9130679e-001	 -3.0367801e-001	 -7.7914483e-002	
 -8.5650241e-002	  5.1776530e-001	 -8.2694147e-001	  1.7369556e+000	  2.3344629e+000	 -3.2072551e-001	 -1.1733109e+000	 -8.2033821e-002	 -1.2301210e+000	  1.1365329e+000	  1.0146171e+000	
 -5.1367372e-002	  4.7877325e-001	 -1.5374538e+000	  3.6764725e-001	  1.6409223e+000	  8.2155375e-002	 -7.2949567e-001	 -5.4738909e-001	 -1.3001589e+000	  1.1996332e+000	  1.4059911e+000	
  8.2161884e-001	  1.0428196e+000	  7.1743616e-001	 -3.0927903e+000	 -1.2440567e+000	 -9.4813054e-001	 -6.8378741e-001	  1.0204804e+000	  5.3206489e-001	 -6.8814601e-001	 -3.3986496e-001	
 -1.5701885e+000	 -1.0644975e+000	 -6.0901114e-001	  1.2530608e+000	 -2.1013884e-003	  8.0079727e-001	  1.0855459e+000	 -5.7903216e-001	 -9.5599077e-001	  9.2277994e-001	  3.7980642e-001	
 -3.5915555e-001	 -3.0173852e-001	  1.1074114e-001	  1.6836873e+000	  1.4858439e-001	  6.8967028e-002	 -3.8562391e-001	 -5.8917290e-001	 -3.0399669e-001	  5.5247479e-001	  3.6191320e-001	
  8.7728939e-001	  9.0323178e-001	  1.6471111e+000	  2.7648302e-001	 -5.6103471e-001	 -8.3104118e-001	 -1.3125119e+000	  2.8403967e-001	  2.0334834e-001	 -1.5483490e-001	 -3.0234523e-001	
  1.5883620e+000	  1.6392664e+000	 -6.4239990e-001	  7.4300600e-001	 -1.9493624e-002	 -1.2938647e+000	 -1.0411629e+000	  1.0002738e+000	 -6.6093830e-001	  1.5721501e-002	  3.6321984e-001	
 -1.4580504e-001	 -9.0412481e-002	 -1.3431815e-001	  1.6075973e-001	  5.5991692e-001	  4.1264197e-001	 -1.3204545e-001	 -1.7368614e-001	 -2.3975308e-001	  2.3389148e-001	  6.4547729e-001	
  2.1823948e-001	  1.5249962e-001	 -8.5521164e-002	 -8.5100583e-001	  2.1537532e-001	  4.0514058e-001	 -1.1889126e-001	  1.5063823e-002	 -5.4196150e-002	  2.1182738e-001	  2.3152255e-001	
  2.5921128e-001	  1.3054418e-001	  5.5114017e-001	  9.0499539e-001	  3.8015399e-001	 -2.7113453e-001	  1.6537888e-001	  6.9689853e-002	  1.0517629e+000	 -1.0213242e+000	 -9.1419785e-001	
 -1.8997372e-001	 -2.5703470e-001	  1.3295824e+000	 -3.5675947e-001	 -7.0600416e-001	 -4.7585140e-002	  5.6827266e-001	  2.4757705e-001	  6.4373024e-001	 -8.4396654e-001	 -4.1060538e-001	
 -2.2382535e-001	 -7.6479966e-001	  2.0654766e+000	 -1.6694961e+000	 -2.2075251e+000	  8.6832924e-001	 -1.2498515e-001	 -2.3637004e-001	  1.3961402e+000	 -1.1774311e+000	 -1.5294213e+000	
 -5.2945381e-001	  1.9149741e-001	 -4.6337185e-002	  5.7178403e-001	 -2.2559381e-001	  2.8219496e-001	  3.1506657e-001	 -9.5858638e-001	 -4.0690919e-001	  6.5584893e-001	  6.6420454e-002	
  2.6948638e-001	  2.5543419e-001	  5.1950362e-001	  1.8531201e-001	  3.2003806e-001	 -6.4206963e-002	  3.2810668e-001	 -8.6478392e-002	  1.4033853e-001	 -1.1284257e-002	 -1.1660171e-001	
 -4.2782398e-001	 -1.1394063e+000	  8.6683419e-001	 -1.6605609e+000	 -1.8708970e+000	  1.8923516e-001	  8.1304655e-001	  4.3573121e-001	  1.2961259e+000	 -1.5064226e+000	 -1.1293329e+000	
 -1.8409514e+000	 -1.0824773e+000	 -1.0339003e+000	  7.9863968e-001	  4.2682596e-001	  1.1593009e+000	 -4.6489049e-001	 -2.0773645e+000	 -1.4393750e+000	  2.1656359e+000	  9.0014348e-001	
 -9.2986183e-001	 -1.1687125e+000	  3.4910989e-001	 -4.6418578e-001	 -7.0730913e-001	  1.1886052e+000	 -7.3692849e-002	 -6.4584224e-001	  9.2119652e-001	 -6.4754299e-001	 -1.2276395e+000	
  1.0470092e+000	  9.5783573e-001	  5.0976446e-001	  8.4498844e-001	 -5.4057799e-001	 -9.6504662e-001	 -3.1592882e-001	  1.1167422e+000	  2.4316557e-001	 -7.7311182e-001	 -1.4129028e-001	
  1.8991706e+000	  2.2427741e+000	 -6.4157660e-001	  7.6428369e-001	  6.8230992e-001	 -1.4676302e+000	  7.7670687e-001	  9.6390212e-001	 -7.9732803e-001	  3.5062229e-001	  9.8845190e-001	
  1.0903450e+000	  1.6210336e+000	 -1.7329314e+000	 -6.7605559e-002	  1.3404071e+000	 -1.2080057e+000	  2.6877094e-001	  1.1400636e+000	 -1.4499167e+000	  6.7527054e-001	  1.5559055e+000	
  5.1961711e-001	  7.8525427e-001	 -1.0746318e+000	  1.2830988e+000	  1.8088499e+000	 -7.7124906e-001	 -4.1293299e-001	  1.4729008e-001	 -1.3505674e+000	  9.8692549e-001	  1.2118509e+000	
  2.0850290e-001	  7.1043750e-001	  1.5344919e+000	 -1.1093289e+000	 -4.1137732e-001	 -7.8643278e-001	 -1.6718876e-001	  5.4614612e-001	 -1.1282008e+000	  6.7141857e-001	  1.5303619e+000	
 -1.2254046e+000	 -1.3607459e+000	 -3.0629963e-001	 -1.7350868e+000	 -2.3115233e+000	  1.1369670e+000	  1.1876220e+000	 -8.7121036e-001	  7.3805513e-001	 -7.6251132e-002	 -7.5506129e-001	
 -4.5293453e-001	 -1.1195148e-001	  7.6743332e-001	 -1.7939385e-001	 -5.3157986e-001	  3.1430933e-001	  3.5855062e-001	  9.5752918e-002	 -3.3069505e-001	  4.3406882e-001	  4.3538731e-001	
 -1.7063213e-001	 -9.9594902e-002	 -6.6552770e-001	 -3.4336511e-001	  3.9781032e-001	 -5.7007449e-002	  2.6198590e-001	 -2.6500406e-003	 -5.2657347e-001	  3.7982766e-001	  5.4477775e-001	
 -4.9878824e-002	  5.7403302e-001	  1.0876631e+000	 -9.4893241e-001	 -1.0678625e+000	 -3.4108511e-001	  6.5611318e-002	  2.4564823e-001	 -8.7182144e-001	  6.3726387e-001	  1.3260522e+000	
  1.2774096e+000	  1.2000746e+000	 -6.3035174e-001	 -4.4244713e-001	 -3.8610337e-001	 -9.7468447e-001	 -4.5566397e-001	  8.7667098e-001	 -2.5164717e-001	 -2.6829421e-001	  8.4749690e-001	
  2.4129752e-001	  2.6100456e-001	  7.2871499e-001	  1.7262801e+000	  1.2664982e+000	 -3.2194059e-001	 -1.3808559e-001	  4.3946953e-001	 -1.3643606e-001	  2.5717293e-001	  2.8969854e-001	
  1.0397587e+000	  1.3386226e+000	  1.5239201e+000	 -2.0015389e+000	 -2.7628224e+000	 -8.3565040e-001	 -6.6109254e-001	  3.5861625e-001	 -3.0020247e-001	  6.1424096e-002	  1.7466870e-001	
 -1.0666913e+000	 -1.1316764e+000	 -2.6080420e+000	  1.4586998e+000	  1.2808731e+000	  7.6896659e-001	 -1.1855689e-001	 -1.0127100e+000	  6.8350608e-002	  2.6090413e-001	  4.8177607e-003	
 -3.9571216e-001	 -3.1677997e-001	  1.8183346e-001	  1.2268437e+000	  3.8526096e-001	  7.3517150e-001	  3.0230416e-001	 -1.0049782e+000	 -5.8277634e-002	  6.4908651e-001	 -4.2232362e-001	
 -1.7566936e+000	 -1.9233207e+000	  4.3652760e-001	  5.8668058e-001	  2.9180540e-001	  2.3355971e+000	  2.1789544e+000	 -1.7049010e+000	 -4.7306127e-001	  8.2082044e-001	 -8.2964700e-002	
 -2.1097467e-001	  2.2382698e-004	 -6.1046680e-001	  3.2167356e-001	  2.0497279e-001	  4.7637931e-002	  5.1390444e-001	  1.5830318e-001	  1.3331875e-001	 -1.0786930e-001	 -3.9854233e-002	
 -2.9233020e-001	 -9.2800997e-002	 -6.3607608e-001	  4.2252974e-001	 -1.2293045e-001	  3.6732991e-001	  4.7599219e-001	 -4.1645719e-002	 -5.2349285e-002	  1.8819372e-001	 -1.6097724e-001	
  1.0852823e+000	  1.1012494e+000	  3.0152192e-001	  5.0757138e-001	  4.2798912e-001	 -7.7044846e-001	 -3.7875470e-001	  9.9123702e-001	  2.0982461e-001	 -6.4241972e-001	  7.8171272e-002	
 -4.7372191e-001	 -7.6780130e-001	  8.0715102e-001	 -7.3296460e-001	 -1.2387240e+000	 -1.4597948e-001	  5.0366278e-001	  7.9141001e-001	  4.7020376e-001	 -8.4013325e-001	 -4.5176677e-001	
 -1.6396911e+000	 -1.4435342e+000	 -1.0986889e+000	 -7.8445269e-001	  2.0125960e-002	  1.4928537e+000	  1.2658229e+000	 -8.7706497e-001	 -2.1612402e-001	  4.1093178e-001	  1.4310146e-001	
 -1.4487664e+000	 -1.6880360e+000	  9.4883833e-001	 -2.1780460e-001	 -1.7394321e-001	  1.2146858e+000	  1.4767875e+000	 -1.2304863e+000	  1.0218730e+000	 -4.5820804e-001	 -1.7356883e+000	
  5.9934826e-001	  3.0495782e-001	  9.3547454e-001	  1.1606773e-001	 -1.1472060e+000	 -7.3561812e-001	 -2.8858116e-001	  9.6314567e-001	  5.2629154e-001	 -6.6636741e-001	 -2.5868475e-002	
 -7.8239488e-001	 -3.8174138e-001	 -1.6429428e+000	 -1.0493624e+000	  1.9866229e+000	  6.4517404e-001	  4.1994872e-001	 -7.2852278e-001	 -1.4693455e+000	  1.8091661e+000	  1.2487617e+000	
  2.9637196e-001	 -1.2235831e-001	  3.2314692e-001	 -3.1862415e-001	 -4.0635619e-001	 -3.7623610e-001	 -3.1685233e-001	  7.0337040e-001	  6.4642806e-001	 -1.3737835e+000	 -6.0356722e-001	
  1.0018326e+000	  8.5700637e-001	 -3.7007842e-001	 -6.1952162e-001	 -3.4176270e-001	 -1.3016562e+000	 -4.3699700e-001	  9.3903122e-001	 -4.2874460e-001	  4.8968309e-002	  5.6692829e-001	
  5.7144549e-002	  2.6414263e-001	 -8.9555249e-001	  2.7035989e-001	  8.0063504e-001	  2.2161214e-001	 -2.8823013e-002	 -1.0793257e-001	 -5.1613917e-001	  4.9469245e-001	  3.6066119e-001	
  4.0882814e-001	  2.5114893e-001	  1.5322699e-001	 -1.8944764e-001	  7.8998736e-001	 -5.1528223e-001	 -8.5540311e-001	  2.3302549e-001	  2.6869174e-002	 -2.7854374e-001	 -1.4321858e-001	
  2.0672070e-001	  2.7897068e-001	 -9.7840866e-002	  4.1869873e-001	  4.6383377e-001	 -2.8586206e-001	 -6.4490883e-001	 -9.5117874e-002	 -7.5903218e-001	  8.0079939e-001	  6.8931876e-001	
  5.8050303e-001	  5.4410051e-001	 -2.8527544e-002	 -8.4699855e-001	 -2.6078354e-002	 -4.0654933e-001	 -6.0387179e-001	  5.6918447e-001	  7.1438536e-001	 -1.0571997e+000	 -1.3771900e-001	
  8.5511194e-001	  7.5423437e-001	 -5.6196949e-001	 -4.6006535e-001	  4.6492255e-001	 -5.1361665e-001	 -2.1963543e-001	  3.0160249e-001	 -2.0914667e-001	  1.7466572e-001	  4.0206146e-001	
  1.2404267e-001	  3.0047070e-001	  7.9423089e-001	  1.8202795e+000	 -9.7122431e-001	  5.1345195e-001	  1.9317795e-001	 -9.6259007e-001	  9.2151813e-003	  4.8010405e-001	 -4.4759874e-001	
 -1.2330800e-001	 -7.5840204e-001	  2.6668362e+000	 -3.3503506e-001	 -1.0207242e+000	  2.5807363e-001	 -1.0558504e-001	 -1.2595544e-001	  1.5518543e+000	 -1.3729871e+000	 -1.4088967e+000	
  6.5233129e-001	  4.6747261e-001	 -4.0787940e-001	 -7.0294478e-001	  8.4529465e-001	 -8.9511216e-001	 -9.5540969e-001	  8.3517836e-001	  9.9753771e-002	 -2.3319807e-001	  1.1028355e-001	
 -4.3885438e-001	 -4.1391164e-001	 -1.0469319e+000	  1.4614207e+000	  1.0821661e+000	 -1.9942439e-002	 -5.1207510e-001	 -7.4531106e-002	 -5.6187985e-001	  5.4871098e-001	  2.7419823e-001	
  1.2003590e+000	  1.1043252e-001	 -5.1115020e-001	 -2.6532977e-002	  7.7122586e-001	 -1.0326383e-001	 -4.4632734e-001	  2.9204721e-001	 -2.1389359e-001	  5.2621095e-002	  3.9495570e-001	
 -3.8561344e-001	  5.1520523e-002	  9.3628080e-001	  2.7838223e-001	 -9.3595993e-001	 -1.9191112e-001	  2.3262353e-002	 -2.4190283e-003	  1.8614172e-001	  6.7746545e-002	 -2.6011971e-001	
  1.0428123e+000	  1.3963425e-001	 -6.2469683e-001	  7.6978202e-002	  6.7670142e-002	 -5.9704912e-002	 -6.9816883e-001	  1.4986321e-001	 -4.7583828e-001	  2.5278368e-001	  1.0432575e+000	
 -3.0800011e-001	 -1.5360597e-001	 -1.3054696e+000	 -9.0639613e-001	  2.2769848e-001	  2.4047100e-001	  6.3197707e-001	  1.1054452e-001	 -1.2901985e+000	  1.0896702e+000	  1.3221087e+000	
 -5.6023456e-001	 -8.5523990e-003	 -4.8401294e-001	  1.5456244e+000	  2.4828446e+000	  7.5535352e-001	  5.8398249e-002	 -1.1541176e+000	 -5.0147652e-001	  8.8950238e-001	  9.4718299e-003	
  5.8295056e-001	 -3.5546543e-001	  5.6225418e-002	 -1.0689676e+000	 -7.3476992e-001	 -7.7652389e-002	  1.2270182e-001	  5.9364819e-001	 -1.4778838e-001	 -2.5768668e-001	  2.1059102e-001	
  5.7028053e-001	 -1.6034203e-001	  2.0277933e+000	  7.0949687e-001	  2.0442206e-001	 -2.9656067e-001	  4.4604547e-001	  8.5255578e-001	  7.2056012e-001	 -9.9425602e-001	 -7.7630581e-001	
  2.8178548e-001	  3.3771887e-001	 -2.0155945e+000	 -7.7595312e-001	  4.8774934e-001	 -2.4292611e-001	  2.3050911e-001	 -2.3186582e-001	 -1.2930465e+000	  1.3793393e+000	  7.4212481e-001	
 -5.7913250e-001	  1.3699915e-002	  1.0344799e+000	 -2.2297138e-001	 -8.7472134e-002	  1.0794666e-001	  1.4542877e-001	 -4.3377035e-002	  1.0506101e+000	 -7.3644611e-001	 -9.6157447e-001	
 -7.0790259e-001	 -4.3663588e-001	  4.1633451e-003	  7.0755567e-001	 -7.1855811e-001	  8.4240894e-001	  9.6049965e-001	 -3.5144003e-001	 -1.9386710e-001	  1.9058467e-001	 -3.5730937e-001	
 -4.2196436e-001	  8.2859867e-002	 -8.7139298e-001	 -1.8539037e+000	  4.7936097e-001	  2.0531421e-001	 -8.3930280e-001	 -3.7283722e-001	  1.0219417e-002	  7.6989115e-002	 -1.7243319e-001	
 -6.6512973e-001	 -1.4008200e-001	 -1.3338343e-002	 -5.6112207e-001	  2.4870070e-001	  8.3136914e-001	 -3.3697062e-002	 -1.6517903e+000	 -3.7834933e-001	  9.9695519e-001	 -3.8875480e-001	
 -9.0988677e-001	 -2.9376101e-001	  1.5907420e+000	 -3.9624485e-001	 -4.9509239e-001	  1.8222350e-002	 -1.6251262e-001	 -5.3558166e-001	 -1.7444951e+000	  1.8343011e+000	  1.9180129e+000	
 -7.7000093e-001	  2.9237641e-001	 -6.1568957e-001	  1.6079562e+000	  9.3380101e-001	  3.4066778e-001	 -3.6656334e-001	 -7.3335849e-001	 -1.9533519e+000	  1.9649819e+000	  1.6990182e+000	
 -1.8282305e+000	 -2.2375782e+000	  5.9035538e-001	  1.2584783e-001	 -8.2543956e-003	  1.5558525e+000	  1.6579419e+000	 -1.6571611e+000	  1.5799444e+000	 -7.0863700e-001	 -1.7468155e+000	
 -9.9801894e-001	 -1.0906499e+000	 -1.4708966e+000	  5.4843509e-001	  3.5190860e-001	  9.2890456e-001	  8.2608320e-001	 -1.5270301e-001	  1.8305324e+000	 -1.5097261e+000	 -1.9226694e+000	
  5.3606102e-001	  1.0453336e+000	 -2.1066380e-001	  7.5544287e-001	  1.9604399e-001	 -4.5096230e-001	  7.1652723e-002	  3.3494094e-001	 -2.1551760e+000	  1.7198286e+000	  2.2969218e+000	
 -7.3706051e-001	  4.8437201e-002	 -2.2347088e-001	 -1.1902131e+000	  6.9505215e-001	  1.5701201e-001	 -5.9901749e-001	  1.4993569e-002	 -2.0019875e+000	  1.7266579e+000	  1.7671976e+000	
 -1.6834601e+000	 -2.5581098e+000	  2.1811117e-001	 -1.6251905e+000	 -7.3188681e-001	  1.9554646e+000	  2.4663469e+000	 -1.6452670e+000	  1.8138413e+000	 -1.3864308e+000	 -1.9798327e+000	
 -3.9838358e-001	 -9.8044141e-001	  4.4552386e-001	  3.8913542e-001	  5.0937661e-001	  5.6270415e-002	  1.8318924e-001	  2.2031228e-002	  1.6627044e+000	 -1.7799533e+000	 -1.9992358e+000	
  1.0047816e+000	  3.2121144e-001	 -1.2745651e+000	 -5.2451288e-001	  5.7079776e-001	 -1.4697249e-001	 -3.0309695e-001	  2.3841237e-001	  1.6620853e+000	 -1.5040695e+000	 -1.5695132e+000	
 -6.5384724e-001	 -1.3985239e+000	 -1.2512408e-002	  5.3227014e-001	 -3.4796666e-001	  9.9843079e-001	  9.0108500e-001	 -5.5709279e-001	  1.8803713e+000	 -1.2484170e+000	 -1.7876632e+000	
  4.6060509e-001	 -3.9246913e-001	  6.7412256e-001	 -1.1427035e-001	 -1.0641227e+000	  1.2664057e-001	  5.5989693e-001	  8.4030108e-001	  1.6515485e+000	 -1.8192575e+000	 -1.2620669e+000	
  9.2862608e-001	  1.2879797e-001	 -1.4357293e+000	  1.0275933e+000	  1.0869595e+000	 -4.3042818e-001	 -2.7107983e-001	  8.5786744e-001	  1.9685609e+000	 -2.1090357e+000	 -1.3736137e+000	
  2.4439681e+000	  1.5135257e+000	  1.2398137e+000	 -8.0006086e-001	 -1.2717642e+000	 -1.4265533e+000	 -6.9277473e-001	  2.1476023e+000	  1.8614587e+000	 -2.3993643e+000	 -1.2299916e+000	
 -3.4767814e-001	 -7.4742203e-001	 -1.0148897e+000	  1.1111614e+000	  5.1600904e-001	  7.7814101e-001	  1.2028678e+000	 -6.7845265e-001	  1.6072914e+000	 -1.0443884e+000	 -1.8076590e+000	
  8.5544710e-001	  1.4201746e+000	 -7.5451561e-001	  5.7379164e-001	  1.3486589e+000	 -1.9296765e+000	 -2.6940788e+000	  1.5066570e+000	 -9.9163521e-001	  2.1249979e-001	  1.4076835e+000	
 -1.3747760e+000	 -9.6098416e-001	 -1.3851591e+000	  1.4568676e-001	  1.0094729e+000	  1.1701334e+000	 -9.3066581e-002	 -1.8417369e+000	 -1.2073067e+000	  1.8987681e+000	  9.8060529e-001	
 -1.4952202e+000	 -1.5606758e+000	 -7.9867440e-004	  1.2397879e+000	  4.7297462e-001	  1.6363845e+000	  1.1175508e+000	 -1.5763913e+000	  2.2624213e-001	  6.8740606e-001	 -1.0354293e+000	
 -1.7367172e+000	 -1.6197257e+000	  5.9605430e-001	  6.0482185e-001	 -5.0818399e-001	  2.4039385e+000	  2.5540925e+000	 -2.4429370e+000	 -4.7551498e-002	  9.5269215e-001	 -8.3262410e-001	
 -5.2635146e-001	 -6.8513956e-001	  6.2296571e-002	  1.1792445e-001	 -3.5345008e-001	  9.8104132e-001	  7.9749167e-001	 -1.4831848e+000	  2.4347582e-001	  4.1724456e-001	 -2.8555076e-001	
 -9.9722684e-001	 -5.0283066e-001	  1.7425094e-001	  2.0266397e+000	  7.3458233e-001	  1.1701178e+000	  4.1749681e-001	 -2.0155023e+000	 -1.0837418e+000	  1.7027311e+000	  7.7391318e-001	
  1.3445433e+000	  1.8706758e+000	 -3.2886206e-001	  5.2962386e-001	  1.0440749e+000	 -1.9843650e+000	 -3.1114350e+000	  1.6846454e+000	 -5.3715717e-001	 -3.4591372e-001	  9.0789770e-001	
 -1.3152543e+000	 -1.4847843e+000	  3.3544013e-001	 -3.2195518e-001	 -8.8079299e-001	  1.8682103e+000	  2.2003221e+000	 -1.5874300e+000	 -3.2883000e-004	  6.0683282e-001	 -5.9108263e-001	
  1.8858427e+000	  1.8627873e+000	 -3.6133264e-002	  9.7613821e-003	 -1.8549588e-001	 -2.0353566e+000	 -2.4862581e+000	  1.5108984e+000	 -1.8327688e-001	 -5.5967321e-001	  3.9050841e-001	
  1.9291016e+000	  1.4037365e+000	  1.0779701e+000	 -7.3701172e-001	 -9.8164387e-001	 -1.7087932e+000	 -1.2189596e+000	  1.5632935e+000	  1.1910725e+000	 -1.6523799e+000	 -7.9811584e-001	
  2.6153522e+000	  2.1352526e+000	  1.4150676e+000	 -1.3776824e+000	 -1.5636696e+000	 -2.7602883e+000	 -2.4087351e+000	  2.4754658e+000	  9.4604150e-001	 -1.6134184e+000	 -1.9022347e-001	
  1.5077968e+000	  1.6947707e+000	 -1.2087544e+000	  2.5000261e-001	  3.2707713e-001	 -1.4476975e+000	 -1.3855631e+000	  1.6241139e+000	 -9.7847241e-001	  3.8140923e-001	  1.3728844e+000	
 -1.3933480e+000	 -1.5598304e+000	  1.0695157e+000	 -1.3058880e-001	 -1.7052387e+000	  1.9122698e+000	  2.4455756e+000	 -1.4655727e+000	  6.8205792e-001	 -2.2346609e-001	 -7.5217626e-001	
  1.4189110e+000	  1.5277784e+000	 -2.8813820e-001	 -1.6098487e+000	 -1.6237676e+000	 -1.4982049e+000	 -8.8103724e-001	  1.5018920e+000	 -3.5349307e-001	 -4.2734419e-001	  7.3646341e-001	
