 -4.4981476e-001	  5.4202204e-001	 -1.4270537e+000	  1.9435460e-001	 -6.3950890e-001	 -3.4872118e-001	 -2.5779702e-001	  3.7168536e-001	  2.5362622e-001	 -5.0603252e-001	  2.7373072e-001	
 -3.3322812e-001	  1.6105998e+000	  1.2783422e+000	  7.7438654e-001	  1.5097079e+000	 -1.3145701e+000	 -1.2735271e+000	  1.1742543e-001	 -1.2270286e+000	  1.0956164e+000	 -1.4502951e+000	
  1.6393883e+000	 -1.2068245e+000	  7.8751311e-002	 -1.3738852e+000	 -1.5472344e+000	  1.3160765e+000	  1.1724133e+000	 -9.6141117e-001	  5.2898801e-001	 -5.5877801e-001	  9.6144075e-001	
 -2.0277150e-001	  1.4900531e-002	  5.5039816e-001	 -1.5450384e+000	 -1.4405052e-001	  1.3061089e-001	  2.6914803e-001	  5.5039873e-002	  1.4507843e-002	 -2.8737107e-002	 -2.8974285e-002	
 -1.1053768e-001	  3.9713132e-001	  7.9560670e-002	  7.9097546e-001	  9.7009691e-001	 -3.0452267e-001	 -5.5673310e-001	 -1.8245065e-001	 -8.0526325e-001	  6.3026834e-001	 -8.0049702e-001	
 -1.5241419e-001	 -3.8058987e-001	 -1.2239670e+000	 -1.2514330e+000	 -1.5524347e+000	  4.4908540e-001	  1.7636695e-001	 -3.4387064e-001	  5.7341460e-001	 -1.5585630e-001	  4.6416237e-001	
  2.7183737e-001	  2.0011560e+000	  1.3138824e+000	  1.8121770e+000	  1.3911388e+000	 -1.4681119e+000	 -1.6839498e+000	 -1.0749599e-001	 -1.5751457e+000	  1.4713548e+000	 -1.4218448e+000	
  7.9306642e-001	  2.5386548e-002	 -1.0532067e+000	  1.4030626e+000	  4.3481801e-001	  1.3840765e-001	 -1.5751326e-001	 -1.1234434e+000	 -2.9497232e-001	  8.4120883e-001	 -2.5482241e-001	
 -6.7592777e-002	  6.4804235e-001	  1.1671607e+000	  1.0943361e+000	  4.5109973e-001	 -6.7684296e-001	 -7.0413317e-001	  7.6360547e-001	 -5.7889195e-001	  5.0636192e-001	 -4.9529819e-001	
 -6.7409926e-001	 -2.0159365e-001	  2.2487165e-001	 -1.4247972e+000	 -3.3751329e-001	 -1.4840308e-001	  1.3069654e-001	  5.5102395e-001	  5.6753891e-001	 -7.5366450e-001	  3.5899752e-001	
  4.4328949e-001	 -1.1178143e+000	 -9.0272643e-001	 -1.3607940e+000	 -5.8925113e-001	  1.0165914e+000	  1.0404386e+000	 -3.4792728e-001	  7.9855996e-001	 -7.8852822e-001	  7.0456125e-001	
 -3.5603056e-001	  8.1335246e-001	  2.8094229e-001	 -1.5544163e-001	 -5.7675757e-001	 -6.7773471e-001	 -8.7461354e-001	  4.8720826e-001	 -3.2691246e-001	  2.8344584e-001	 -4.8950882e-001	
 -2.0182627e-002	  2.0198454e-001	  7.5934506e-001	  1.7224774e-001	  2.3205072e-001	 -5.3638407e-001	 -4.5421620e-001	  7.4643172e-001	 -3.3305538e-001	  1.1375849e-001	 -2.4257232e-001	
  5.0465551e-001	 -7.5952215e-001	  2.7555506e-001	 -1.4095793e+000	 -1.1882111e-001	  5.4564493e-001	  4.4225711e-001	 -5.3543845e-001	  4.3347988e-001	 -1.7832761e-001	  5.6234219e-001	
  8.1079243e-002	 -2.4816773e-001	 -2.7521316e-001	 -1.0138481e+000	 -6.8901966e-001	  2.9190339e-001	  4.6725666e-001	  3.7095391e-001	  2.5737346e-001	 -4.1735550e-001	  1.5889914e-001	
 -3.5523225e-001	 -3.5263784e-001	 -8.7033523e-001	 -2.3154454e+000	 -1.4656271e+000	  1.5201122e-001	  1.1999703e-001	  6.9929819e-001	  1.0712393e+000	 -1.1350526e+000	  9.7205969e-001	
  1.6609823e-001	  3.8314251e-001	  7.4728543e-001	  5.2351437e-001	  1.0453951e+000	 -5.1093439e-001	 -1.8300567e-001	  5.6317025e-001	 -8.7358147e-001	  7.4436557e-001	 -8.5168780e-001	
  2.0250616e-001	 -8.8578790e-001	  2.7344412e-001	 -1.2187786e+000	  4.8287422e-001	  6.0406190e-001	 -2.8509971e-001	  5.5522159e-001	  5.1581197e-001	 -5.2511488e-001	  4.9446743e-001	
 -9.9753758e-001	  1.6086806e+000	  1.4929129e-001	  1.1461617e+000	  2.8638523e-001	 -1.3345413e+000	 -3.1438798e-002	  4.3301279e-001	 -4.3766491e-001	  2.7843386e-001	 -4.9765576e-001	
 -1.9706562e+000	  1.4578554e+000	  2.0471654e-001	 -2.4629013e-001	 -3.0967422e-001	 -1.6812109e+000	 -1.1066407e-001	  2.2679587e+000	  1.0154919e-001	 -6.6681996e-001	 -1.5028323e-001	
  1.0081621e+000	 -6.0216523e-001	  2.8806027e-001	 -1.2753179e+000	 -8.8780172e-001	  2.6495127e-001	 -4.7151765e-002	 -4.5440375e-001	  2.2135368e-001	 -5.7216875e-002	  3.8097477e-001	
  2.6361492e-001	  1.5283201e+000	  1.8751541e+000	  2.8419493e+000	  2.4227460e+000	 -1.1363794e+000	 -6.6213188e-002	  1.7146228e-001	 -2.3063798e+000	  2.0403880e+000	 -2.5047596e+000	
 -2.9990341e-001	 -4.5172845e-001	 -3.8835136e-001	 -1.6906180e+000	 -1.6621210e+000	  2.5262436e-001	 -2.1576587e-001	  1.2400569e-001	  1.1728489e+000	 -1.1757372e+000	  1.0540736e+000	
  1.6026843e+000	 -7.8397565e-002	  3.9126512e-001	  2.1672123e+000	  1.3444863e+000	  4.0064155e-001	 -1.0998020e-001	 -1.2053709e+000	 -1.2397217e+000	  1.4735903e+000	 -8.7478484e-001	
 -1.1880501e+000	  8.0933197e-001	 -7.7938499e-001	 -2.2543784e-001	 -3.1721528e-001	 -1.0521839e+000	 -3.1824689e-001	  8.2947619e-001	  2.7197985e-001	 -2.7910384e-001	  1.4977447e-001	
  2.6091120e-001	 -6.3091780e-001	 -9.9211670e-001	  8.6935971e-002	 -1.5304807e-001	  5.1898247e-001	 -2.3807086e-001	 -1.6611323e-001	  3.7524146e-001	 -4.4732507e-001	  4.7027483e-001	
 -1.2463001e+000	 -3.2570950e-001	 -1.8654455e+000	 -1.2308054e+000	 -1.1040648e+000	 -1.6429997e-001	  1.9964588e-002	  6.8498453e-001	  9.7388353e-001	 -1.3369209e+000	  8.1689332e-001	
 -3.6566331e-001	  1.0117310e+000	  2.4237855e-001	  4.9656067e-001	 -7.6409730e-001	 -7.4610168e-001	 -2.5240989e-001	  4.6608148e-001	 -5.9307295e-001	  5.0415520e-001	 -5.9839008e-001	
 -6.6094684e-002	 -1.9399665e-001	 -8.8412598e-001	  4.3859279e-001	  5.0175177e-001	  9.4420004e-003	 -1.0574035e-001	  1.1340237e-002	  1.9734550e-001	 -1.2509226e-001	  2.3669945e-001	
  1.7003415e-001	 -4.2096750e-001	 -3.8863731e-001	 -2.2258744e-001	  5.7242410e-002	  3.6636432e-001	 -1.6929844e-001	 -1.6024237e-003	  3.0215780e-003	  2.3956591e-001	 -1.5754097e-001	
 -1.3828984e+000	  9.8567156e-001	  1.3396621e+000	  1.0378954e+000	  7.8713268e-001	 -1.1283059e+000	 -1.1360003e+000	  7.1309892e-001	 -1.0536101e-001	 -1.2968164e-001	  1.2685042e-002	
 -5.6094370e-001	  3.1446398e-001	 -1.5817866e-002	  1.7175251e+000	  1.8844332e+000	 -4.1712901e-001	  8.8566838e-002	  5.0807524e-001	  2.3295774e-001	 -3.8862321e-001	  3.3804283e-001	
  1.1425415e+000	 -6.4068818e-001	 -1.1180892e-002	 -6.5525877e-001	  2.0451131e-001	  7.6173513e-001	  5.4224405e-001	 -1.1590014e+000	 -1.5179964e-001	  5.1767179e-001	 -1.3060838e-001	
  7.2207444e-001	 -6.7660439e-001	 -5.0047507e-001	 -9.6404362e-001	 -1.2271225e+000	  8.1650965e-001	  6.2495674e-001	 -1.1511052e+000	 -1.2155993e-001	  5.2149559e-001	 -4.3482191e-002	
  3.3866342e-001	  2.2964531e-001	  3.7912556e-001	  4.0842957e-001	  1.0293796e+000	 -9.9917193e-002	 -2.2183798e-001	 -4.0555792e-001	 -4.5663852e-001	  2.6781506e-001	 -5.5163162e-001	
 -8.2568442e-001	  1.9058623e-001	  2.6679036e-001	 -2.0091937e-001	 -3.2951381e-001	 -2.5540648e-001	 -3.6454407e-001	  3.0591675e-002	  5.2697285e-002	  7.4162785e-002	 -3.1456191e-002	
  3.2555929e-001	 -6.4383137e-002	 -6.5903749e-001	  4.8965707e-001	  4.9516904e-001	  1.6415534e-001	  5.1979347e-001	  9.1652896e-003	 -1.0888091e-002	 -7.8140919e-003	 -2.6079139e-002	
  5.4118429e-002	  1.6570432e-001	  1.6809128e-001	 -6.0723732e-001	 -1.0376329e+000	 -1.7810432e-001	 -2.6946012e-001	  4.9071240e-001	  1.2889663e-002	 -2.4029871e-001	  2.7639611e-002	
 -7.5944980e-001	  9.8965461e-001	  7.7759470e-001	  1.3557943e+000	  1.4500082e+000	 -8.5025353e-001	 -1.0625862e+000	  3.6370332e-001	 -1.2670308e-001	  3.7701474e-002	 -4.8029323e-002	
  1.0254199e+000	 -8.2234268e-001	 -9.8336644e-001	 -2.9595310e-001	 -4.9975441e-001	  7.3088623e-001	  6.7987402e-001	 -9.2181777e-001	 -6.8094263e-002	  2.6173126e-001	  1.6041000e-001	
  9.7830088e-001	 -5.9849996e-001	 -2.3431091e+000	 -1.8971418e+000	 -2.6006241e+000	  4.8760328e-001	  4.3726207e-002	 -1.0133439e+000	 -6.2364715e-002	  2.6470156e-001	 -2.7995766e-002	
 -7.4828755e-001	  3.3531665e-001	 -6.0404573e-001	  1.5907009e-001	  5.9786435e-001	 -5.2863731e-002	 -6.9283895e-002	  7.0496737e-002	  1.1993039e-001	  6.6916521e-002	 -6.6538197e-003	
  1.2083621e+000	 -7.8414534e-001	  1.7847387e+000	 -7.6828382e-001	 -5.5815954e-001	  7.6229159e-001	  5.9419624e-001	 -1.3217688e+000	  8.6873289e-002	  3.9561347e-001	  3.4815283e-001	
 -3.8282623e-001	  3.9442906e-001	  1.4553814e+000	  6.0330125e-001	  6.0794266e-002	 -3.9867484e-001	 -4.5979064e-001	  5.6351522e-001	  1.8198546e-002	 -4.7914132e-002	 -1.7788597e-002	
  9.6418431e-001	 -4.6803297e-001	  7.3084108e-001	 -7.6990018e-001	  1.7753372e-001	  6.4475918e-001	  7.7449956e-001	 -6.4184482e-001	 -1.9899885e-001	  6.5591776e-001	 -1.4634537e-001	
 -4.5852136e-001	  1.4283392e+000	  1.7599627e+000	  5.3654838e-001	  8.5946365e-001	 -1.3972323e+000	 -1.3667674e+000	  1.5168948e-001	 -1.2846912e+000	  1.3346473e+000	 -1.3995033e+000	
 -6.6803299e-001	  1.1224402e+000	  7.5508387e-001	 -6.8758284e-003	 -7.8382451e-001	 -1.1906915e+000	 -1.3199151e+000	  9.2866570e-001	 -4.8605725e-001	  2.6726063e-001	 -4.2056892e-001	
  2.5967317e-002	  1.1493532e+000	  5.1641659e-001	  1.6203247e+000	  2.5974446e-001	 -1.3001263e+000	 -1.5451792e+000	 -9.8770748e-002	 -8.7851716e-001	  9.4145858e-001	 -8.1208719e-001	
  3.2208179e-001	 -5.5257493e-001	 -1.1934278e+000	 -2.7143616e-001	 -5.2896751e-001	  7.6963347e-001	  4.4156107e-001	 -1.1055813e+000	  3.3790363e-001	 -4.7867215e-002	  4.8285185e-001	
 -8.9344878e-001	 -2.6602582e-002	 -2.8132087e+000	  1.0204201e+000	 -8.6520746e-001	 -2.8655742e-001	 -3.8872351e-001	  1.1351381e+000	  6.5575979e-001	 -8.6644418e-001	  4.9896083e-001	
  6.1588690e-001	 -6.4789209e-002	  8.5165185e-001	  4.2091703e-002	  1.1169344e+000	  4.6519737e-001	  6.3604084e-001	 -5.3956449e-001	 -4.7151976e-001	  3.6090631e-001	 -4.0745973e-001	
  8.7598544e-001	 -4.2495660e-001	 -2.2792129e-001	  3.7048943e-001	 -8.8658252e-001	  2.9870012e-001	 -7.9070717e-003	 -8.4544610e-001	 -3.3663946e-002	  2.3578757e-001	 -7.3641284e-002	
 -1.2936946e-001	  5.1040108e-001	 -1.1685338e-001	  2.1920139e-001	 -2.7607395e-001	 -3.0003732e-001	 -5.9156734e-001	 -3.0830291e-001	 -1.9009001e-001	  2.4960251e-001	 -2.6821757e-001	
  1.3339984e+000	 -2.7628478e-001	  3.9742415e-001	 -3.9381785e-001	  1.5413894e+000	  4.1788569e-001	  3.1491478e-001	 -1.1210967e+000	 -1.9028067e-001	  3.8291993e-001	 -2.4203123e-001	
 -4.5752329e-001	 -4.6397561e-001	 -1.2013943e+000	 -6.5009558e-001	  9.8830647e-002	  6.3117579e-001	  7.2694290e-001	 -7.0381814e-001	  5.9878975e-001	 -2.9591999e-001	  6.8679838e-001	
 -6.5240969e-001	  1.2980882e+000	  8.4006713e-001	  2.5600272e-001	  1.6394736e+000	 -1.2436897e+000	 -1.0015347e+000	  9.2997928e-001	 -1.0304150e+000	  8.1742540e-001	 -1.0708827e+000	
  9.4001075e-001	 -2.3251077e-001	  7.4755205e-001	  1.3892681e-001	  5.0043429e-001	  1.9875037e-001	  2.4898689e-001	 -2.3092008e-001	 -4.9775183e-001	  3.8262681e-001	 -4.4280688e-001	
  3.9529905e-001	 -4.0003475e-001	 -2.2918820e-002	 -9.0908917e-001	 -4.5804152e-001	  5.7393337e-001	  3.6144877e-001	 -8.8440050e-001	  2.3047847e-001	 -2.2685384e-001	  2.8733609e-001	
 -1.8703320e+000	 -3.3534476e-002	 -1.0843744e+000	 -3.0088409e-001	  2.8930606e-001	 -4.2526073e-001	 -1.6808776e-001	  1.4413978e+000	  1.1754578e-001	 -5.5412224e-001	  6.8911653e-002	
 -2.4830526e-001	  2.2122151e-001	 -1.9256429e+000	  5.0526219e-001	  1.8191916e-001	  8.6512626e-002	  8.5870765e-002	  2.8100967e-001	  3.5717301e-001	 -4.0234912e-001	  2.5699961e-001	
  3.0966589e-001	 -1.4339684e-001	 -8.5215130e-002	  9.4819412e-001	  1.7695615e-001	  7.9062977e-002	  3.6098833e-001	  3.4217278e-001	 -5.9646944e-001	  4.0046584e-001	 -4.4472748e-001	
 -2.3367891e-001	  2.1443347e-001	  8.6420512e-001	 -8.3777185e-002	 -4.9854013e-002	  1.3208084e-002	 -2.1753108e-001	 -2.4979095e-001	 -5.7674784e-001	  5.4380872e-001	 -6.0396034e-001	
 -3.0540361e-001	  4.0878235e-001	  5.5210966e-001	  7.0283120e-001	  2.0196364e+000	 -4.6156853e-001	 -2.5292382e-001	  2.6623401e-001	 -3.2176436e-001	  2.0464694e-001	 -4.0249390e-001	
 -9.3675170e-001	 -2.2731081e-001	 -2.2353596e+000	 -1.1917398e+000	 -1.5891562e+000	  2.1364655e-001	  3.2215308e-002	  1.1266984e+000	  1.5583155e+000	 -1.8304016e+000	  1.5392942e+000	
 -3.3701559e-001	  3.3775646e-001	  3.0299221e-001	  8.5581365e-001	  7.2370087e-002	 -2.1366487e-001	 -1.4719327e-001	  7.1317321e-001	 -4.7894632e-001	  2.5389345e-001	 -5.4963745e-001	
 -2.0173392e-001	  5.5716516e-003	  7.5328422e-001	  9.4978642e-001	 -3.1535504e-001	  2.4679710e-001	  5.9643632e-002	 -8.5630989e-001	 -1.1067897e+000	  1.2256433e+000	 -1.0828161e+000	
  1.6956004e-002	  1.6112571e-001	  7.3813840e-001	  2.2209945e+000	  1.4107817e+000	 -1.1704736e-001	  2.7938261e-003	  1.6827641e-001	 -1.2567736e+000	  1.1606539e+000	 -1.2309371e+000	
 -8.3141154e-001	  1.0149497e-001	 -5.2052768e-001	 -5.3549734e-001	 -4.2930184e-001	 -4.5747615e-001	 -4.2031183e-001	  1.1163999e+000	  3.9828289e-001	 -5.2949521e-001	  2.1699070e-001	
  4.9562231e-001	 -5.6846634e-002	 -2.0043820e+000	 -1.5782912e+000	 -1.5952987e+000	  4.1989795e-001	  1.9964779e-001	 -8.1791708e-001	  1.6609765e+000	 -1.4340860e+000	  1.9162950e+000	
 -5.0238337e-001	  5.6194904e-001	  1.2558548e+000	 -9.0840086e-002	  1.1509389e-001	 -9.4313655e-001	 -8.8632003e-001	  1.1613069e+000	 -6.5891714e-001	  2.8718338e-001	 -8.2539655e-001	
  2.1030017e-001	  2.4048893e-002	  1.9585452e+000	  1.2027651e+000	  1.9252845e+000	 -8.1866040e-002	  1.1069802e-001	 -1.8312515e-001	 -1.3971226e+000	  1.3289210e+000	 -1.4312106e+000	
 -1.0785445e+000	  2.6844602e-001	  2.9950628e-002	 -9.7436553e-002	  3.7151373e-001	 -2.3070986e-001	 -3.4456691e-001	  4.1721591e-001	 -1.8805237e-002	  2.9691348e-002	 -1.3705737e-001	
  8.9869682e-001	 -1.9908550e+000	  7.7204683e-001	  4.1011269e-001	  4.8784664e-001	  1.7700357e+000	  2.1189896e+000	 -5.6283125e-001	  1.7095782e+000	 -1.2154903e+000	  1.6290075e+000	
 -6.6677301e-001	 -1.0140786e+000	 -1.0478247e+000	 -4.0776861e-001	 -4.4198667e-001	  8.7472237e-001	  9.7040127e-001	  5.2275269e-001	  1.6903183e+000	 -1.8680738e+000	  1.5611962e+000	
 -3.5322307e-001	  1.9171893e+000	 -5.3910862e-001	  6.2325558e-001	  1.0339863e+000	 -1.5079907e+000	 -1.6215658e+000	  5.5077840e-002	 -2.4348756e+000	  2.2532139e+000	 -2.4261377e+000	
  5.5249051e-001	  1.7228598e+000	  1.3314417e+000	  7.3314341e-001	  9.8522490e-001	 -1.5927671e+000	 -2.1026441e+000	 -5.6748152e-001	 -2.0887739e+000	  2.0786823e+000	 -1.9357777e+000	
 -1.5614149e+000	  4.4615334e-002	  1.9279453e+000	  7.5675714e-001	  9.6522849e-001	 -2.4088960e-001	  1.8009199e-001	  1.7421011e+000	  1.7694303e+000	 -2.1245610e+000	  1.5316254e+000	
 -1.0972392e+000	 -9.4753136e-001	 -2.9764192e-001	 -3.7472789e-001	 -1.2323781e+000	  5.1873317e-001	  6.1610680e-001	  7.8538909e-001	  1.9060355e+000	 -2.1103013e+000	  1.8561247e+000	
  5.9100877e-001	 -1.6251635e+000	  8.0701748e-001	  3.6789999e-002	 -3.5864144e-001	  1.5191971e+000	  1.7261606e+000	  8.6989296e-005	  1.8720422e+000	 -1.6874333e+000	  1.9683075e+000	
  3.1557654e-002	 -1.6025369e+000	  6.7448263e-001	  9.8971486e-001	  1.7483404e+000	  1.5745578e+000	  2.0559200e+000	 -5.2351953e-001	  2.0780377e+000	 -1.8021491e+000	  2.1208110e+000	
 -4.6317124e-001	 -8.6837477e-001	 -1.3524634e+000	 -6.4676573e-001	 -1.2570675e+000	  3.3217921e-001	  4.3594902e-001	  7.8262367e-001	  1.7468244e+000	 -2.0150707e+000	  1.7075527e+000	
  8.5677378e-001	 -2.4477263e+000	  1.0146055e+000	  1.5668996e+000	  5.0563582e-001	  1.9911925e+000	  2.2404728e+000	 -5.7826712e-001	  2.2135041e+000	 -1.7730206e+000	  2.3061591e+000	
 -1.8865095e+000	  2.2180229e+000	  5.3785968e-001	 -5.7808758e-001	 -2.1602532e-001	 -1.8809638e+000	 -2.2107532e+000	  8.1740842e-001	 -1.6804787e+000	  1.4159160e+000	 -1.7959389e+000	
  6.3006902e-001	  1.2585818e+000	  8.3196529e-001	  3.6545760e-001	  2.5036487e-001	 -7.7070187e-001	 -1.2597533e+000	 -1.1471832e+000	 -2.7898707e+000	  2.9987237e+000	 -2.5732659e+000	
  8.0651991e-001	 -1.9266975e+000	  3.3682994e-001	 -6.9973138e-001	 -1.1693783e+000	  2.0447054e+000	  2.2416663e+000	 -7.2002746e-001	  1.9604132e+000	 -1.6668671e+000	  2.1481140e+000	
 -6.0889350e-001	  1.8791204e+000	  7.6970134e-001	 -2.2779100e-001	  7.5526986e-001	 -2.0349090e+000	 -1.9455923e+000	  1.2852171e+000	 -1.7963519e+000	  1.1910521e+000	 -1.7958007e+000	
  1.6170678e+000	 -1.1738096e+000	 -1.5122293e+000	  4.4488798e-003	 -1.5167009e+000	  1.4016570e+000	  1.1577572e+000	 -1.5729461e+000	  3.7181017e-001	  8.0208015e-002	  6.0714613e-001	
 -1.3777339e+000	  1.2876282e+000	 -8.3220587e-001	  3.9985561e-001	 -5.3213465e-004	 -1.6456844e+000	 -1.6474309e+000	  2.2990265e+000	 -1.6321351e-001	 -6.1807871e-001	 -5.5723704e-001	
  1.7631025e+000	 -1.8642586e+000	 -8.1547621e-001	 -1.3780274e+000	 -5.8927395e-001	  2.2376543e+000	  2.3391183e+000	 -1.7119324e+000	  9.2835408e-001	 -5.1180720e-001	  8.3523220e-001	
  8.0549956e-001	 -4.0155105e-001	  4.9471872e-001	  3.2910268e-001	  4.2278577e-001	  6.2991106e-001	  4.1007552e-001	 -1.5943361e+000	 -5.5612532e-001	  1.0230841e+000	 -1.4861706e-001	
 -1.9352456e+000	  1.2930200e+000	 -2.3597457e-002	 -5.2031502e-002	 -3.3744525e-001	 -1.2733744e+000	 -9.7779409e-001	  2.0919903e+000	 -1.9773346e-001	 -4.8275103e-001	 -3.7800087e-001	
 -2.1624200e+000	  8.0515875e-001	 -7.2035707e-002	 -9.3514838e-001	 -3.3993671e-001	 -1.2329988e+000	 -9.5654565e-001	  2.2398345e+000	  5.3397523e-001	 -1.2034511e+000	  1.9234327e-001	
  1.8162635e+000	 -9.8029028e-001	  3.9556275e-001	  5.9034407e-001	  1.3368134e+000	  1.1594107e+000	  1.3308128e+000	 -1.7027320e+000	 -4.6910622e-001	  1.0838086e+000	 -2.9954939e-001	
  2.0674868e+000	 -9.2699277e-001	 -1.9245626e-001	  1.0994716e+000	  1.0565799e+000	  9.4799522e-001	  8.8580843e-001	 -1.6836110e+000	 -5.9102466e-001	  1.0516089e+000	 -5.1688343e-001	
  2.1695621e+000	 -1.7454110e+000	 -6.6578815e-001	 -7.8475407e-001	 -9.4470845e-001	  2.0049566e+000	  1.8444314e+000	 -2.5053179e+000	  5.1921916e-001	  1.5336744e-001	  7.9900006e-001	
  1.2071830e+000	 -2.4434786e+000	 -1.2208784e+000	 -2.0494316e+000	 -1.7132994e+000	  2.7563757e+000	  2.7138155e+000	 -1.4398538e+000	  1.6814701e+000	 -1.3603138e+000	  1.7536943e+000	
  1.6559198e+000	 -7.8192948e-001	 -2.0893891e-001	  4.8193908e-001	 -1.0550035e+000	  9.9851837e-001	  7.6495124e-001	 -1.5954567e+000	 -2.4019101e-001	  5.7773881e-001	 -2.3598944e-001	
 -1.8951268e+000	  7.5550099e-001	  2.4222063e-001	 -6.8619484e-001	 -4.5893365e-001	 -1.3115560e+000	 -1.4081913e+000	  1.9255662e+000	  4.6705415e-002	 -6.0150016e-001	 -2.5489934e-001	
  2.2817111e+000	 -1.3441505e+000	  2.6859746e-001	  1.9751340e-001	  3.2382527e-001	  1.4108543e+000	  1.1813359e+000	 -1.8083608e+000	 -1.9197002e-001	  6.4302110e-001	  1.4444696e-001	
 -2.1304223e+000	  1.2449128e+000	 -1.4313960e+000	 -8.3952220e-001	 -1.7476304e+000	 -1.7899004e+000	 -2.0341417e+000	  1.9576916e+000	  7.7088241e-001	 -1.0658050e+000	  5.5103785e-001	
