 -6.1492263e-001	 -6.6414609e-001	 -1.9823330e+000	  6.8631471e-001	 -1.3979448e+000	 -4.8494732e-001	 -1.4436029e-001	  3.3145651e-002	 -6.3182939e-001	 -1.0232369e+000	 -4.2378932e-001	
 -1.0234092e+000	 -1.0094155e+000	 -1.0044402e+000	  8.5852581e-001	 -1.1246707e+000	 -8.2236502e-001	  6.5182485e-001	 -3.8477964e-001	 -2.9205929e-001	 -3.2540030e-001	 -2.1852497e-001	
 -2.2481479e+000	 -3.8218011e-001	  9.0672380e-001	 -1.8148080e+000	  9.2150530e-001	 -5.4853631e-001	  1.1395232e+000	 -1.7021833e+000	  1.6759602e+000	  1.7960745e+000	  7.2124227e-001	
 -1.8831894e-001	  4.9515711e-001	  9.1163844e-001	 -1.4498129e+000	  1.0507698e+000	  2.9904462e-001	  4.3762995e-001	 -2.2601987e-001	  1.1911654e+000	  9.8155670e-001	  8.2980047e-001	
  1.6806770e+000	  1.1491880e+000	 -3.9523093e-001	 -2.4987020e-001	  4.2468138e-001	  1.1571666e+000	 -1.3300239e+000	  1.2294079e+000	  2.6665695e-001	 -1.7323959e-001	  9.6645464e-001	
  2.9305267e-001	 -3.8421219e-002	 -7.5176923e-001	  4.5909857e-001	  2.3353439e-001	  4.5583231e-001	 -5.3831655e-001	  6.5569689e-001	 -4.9587203e-001	 -5.2991634e-001	 -7.1101309e-002	
 -1.9228680e+000	 -1.5368056e+000	 -1.5012357e-001	  2.5447312e-001	  2.4242690e-001	 -1.5181524e+000	  1.4181302e+000	 -1.1045912e+000	 -2.5884514e-001	 -1.9098379e-002	 -6.5101858e-001	
  5.1954333e-001	  2.9659736e-001	  5.9454701e-001	 -6.7126861e-002	 -5.3299313e-001	  3.5333467e-001	 -4.4414761e-001	  7.4694986e-001	  6.5930634e-002	  1.9075744e-001	 -1.9309631e-002	
  9.9264922e-001	  5.2764353e-001	 -3.1427443e-001	 -7.7709147e-002	  2.8648122e-001	  5.2612557e-001	 -8.2883644e-001	  9.4299050e-001	 -8.2939697e-002	 -3.4932741e-001	  3.9044223e-001	
  1.4536334e+000	  1.9700480e+000	  8.2001747e-001	 -2.2337891e+000	  1.9175275e+000	  2.1733536e+000	 -1.6714513e+000	  1.7590075e+000	  1.8211462e+000	  8.9120265e-001	  2.5155810e+000	
  2.3302286e-002	  5.3337756e-001	  1.1673388e+000	 -8.3468515e-001	  4.0989588e-001	  4.0334746e-001	  1.1553629e-002	 -1.4413570e-001	  1.0829287e+000	  1.1244449e+000	  1.4163021e+000	
  7.6866074e-001	 -1.9740610e-001	  3.0564282e-001	  2.2947525e+000	 -1.5033413e+000	 -2.0119111e-002	 -1.9315556e-001	 -1.0474261e-001	 -1.3081577e+000	 -1.3828601e+000	 -1.1861416e+000	
  7.5996299e-002	  8.4118566e-001	  1.2100270e+000	  3.4759890e-002	 -4.4871750e-001	  7.0236906e-001	 -8.2447816e-001	 -1.5940725e-001	  3.8085188e-001	  2.9951844e-001	  4.3362483e-001	
 -9.2237513e-001	  5.6295477e-001	  8.4864136e-001	 -1.4274174e+000	  6.9542417e-001	  2.9412835e-001	 -1.1438917e-002	 -8.6934092e-001	  1.3333668e+000	  1.5670584e+000	  1.1057076e+000	
 -1.2701806e+000	 -1.2887938e-001	 -1.5103520e+000	 -1.3067004e+000	  8.0913707e-001	 -1.5187928e-001	  5.5815674e-001	 -1.3379876e+000	  8.3866079e-001	  1.3240482e+000	  2.9794273e-001	
  1.1298086e+000	 -1.2828235e-001	 -2.5002413e-001	  1.4366094e+000	 -1.5798121e+000	 -4.3382120e-002	 -5.3670350e-001	  7.8229649e-001	 -1.0197173e+000	 -1.1155260e+000	 -3.8219382e-001	
  1.1230491e-001	 -1.0913692e-001	  1.0785220e-001	  7.3727517e-001	  9.9389304e-002	 -4.5696740e-001	 -1.5946266e-001	 -6.1478433e-001	 -3.8182194e-001	  5.1811746e-003	 -5.2077654e-001	
 -8.1633268e-001	 -8.0365753e-001	  1.0349868e+000	 -9.6846024e-002	 -1.3042803e-001	 -8.3763846e-001	 -8.6271456e-003	 -4.7567351e-001	  2.5932880e-001	  1.0465417e-001	  1.1876024e-001	
  3.7717330e-001	 -8.1351960e-002	  1.3559143e+000	  9.4415694e-001	 -5.7467867e-002	 -2.1184077e-001	  1.9082726e-001	 -8.2415831e-002	 -2.7065026e-001	 -3.4399180e-001	 -1.8333262e-001	
  9.0095343e-001	  1.2029599e+000	  5.9735876e-001	  1.2897841e-001	  4.6063502e-001	  1.6364935e+000	 -1.6492248e-001	  1.4123745e+000	  2.8371382e-001	 -3.5150750e-001	  8.2327204e-001	
 -3.5197043e-001	 -3.4234497e-001	  5.6239606e-001	  3.8499820e-001	  1.4847574e-001	 -3.7475128e-001	  4.4512214e-002	  2.4488529e-001	  7.8167951e-002	 -5.2863780e-001	 -5.5163401e-002	
 -1.1066868e+000	 -4.0702925e-001	 -4.6895891e-001	 -1.3492509e+000	  9.1877744e-001	 -6.4114370e-001	 -3.4237606e-003	 -1.3015241e+000	  8.7009410e-001	  1.1683596e+000	  4.1123332e-001	
 -1.6506023e-001	 -5.0067309e-001	  9.5160430e-002	  6.7580258e-001	  1.0930412e-001	 -3.5002473e-001	 -1.1157644e-001	 -2.4636441e-002	 -2.8977642e-001	 -5.3127794e-002	 -8.4345923e-002	
 -7.8377170e-001	 -1.8593290e+000	 -8.3958223e-001	  1.9873895e+000	 -1.9447074e+000	 -1.6754077e+000	 -1.1202000e-001	 -3.1209784e-001	 -1.4449145e+000	 -1.3492320e+000	 -1.4273408e+000	
 -1.3701369e+000	 -2.4043246e+000	 -2.2381480e+000	  1.9683694e+000	 -1.9122431e+000	 -2.3255611e+000	 -2.5467746e-001	 -6.6317418e-001	 -1.3915556e+000	 -1.2174606e+000	 -1.6164574e+000	
 -1.7955057e-001	 -2.1228717e-001	 -1.1150464e+000	 -6.8490424e-001	  8.2181337e-001	 -4.3521013e-002	 -1.6347592e-001	  3.7614319e-001	  2.0522621e-001	  2.1250520e-001	  2.8797783e-001	
  6.5404207e-001	  5.9319043e-001	  8.0333709e-001	 -2.5788706e-001	  3.5416749e-001	  8.0581220e-001	  6.3756442e-002	  1.1838610e+000	  2.4872397e-001	 -4.1238530e-002	  1.0001829e+000	
 -3.6032562e-001	 -1.3029265e+000	  9.7199208e-003	  1.5849762e+000	 -1.0333809e+000	 -1.1114755e+000	 -1.7315242e-001	 -1.0694907e+000	 -1.2522493e+000	 -9.5974194e-001	 -1.6033167e+000	
  5.8282197e-001	  1.7430511e+000	 -2.0234319e-001	 -2.5106356e+000	  2.0532876e+000	  1.6236866e+000	  1.0402099e-001	  8.6098370e-001	  1.8952593e+000	  1.4758689e+000	  2.0725413e+000	
  1.7827423e+000	  9.0788588e-001	 -2.2211812e+000	  6.0639850e-001	 -1.4318821e+000	  7.1270589e-001	  1.1148141e-001	  7.3454090e-001	 -5.5724386e-001	 -9.1167564e-001	 -3.6450347e-001	
 -8.7937024e-001	 -4.1787070e-001	 -1.2595515e+000	 -2.5980992e-001	  4.6321713e-001	 -7.9756866e-001	  1.0663595e+000	 -5.7891923e-001	  7.2137613e-004	  3.1260058e-001	  1.5067922e-001	
  1.0083634e-001	 -1.5116206e-001	 -8.2085454e-001	  1.3751156e+000	 -1.2177007e+000	 -4.1073339e-001	  4.6734352e-001	 -1.0497001e+000	 -2.2029274e-001	 -2.1606507e-001	 -5.6498623e-001	
 -9.7908434e-001	 -5.9127561e-001	 -9.2196550e-001	 -1.5319765e-001	  3.8904919e-001	 -7.4080705e-001	  1.1061420e+000	 -8.9157252e-001	 -8.3567428e-002	  5.1544181e-001	 -4.4476952e-001	
 -1.3152228e+000	 -1.0346860e+000	  5.4521923e-001	  1.2015345e+000	 -7.8892719e-002	 -1.1692399e+000	  1.5982036e+000	 -1.2430399e+000	  2.8324542e-002	  4.7465389e-001	 -4.2380880e-001	
 -1.1096615e+000	 -1.1335138e+000	  8.1121722e-001	 -4.5570459e-001	  1.3235514e+000	 -8.2930045e-001	  1.4248544e+000	 -7.2815095e-001	  1.4707608e-001	  5.0578438e-001	 -4.3287760e-001	
  2.0047024e-002	  1.2540235e-001	  6.1218515e-001	  2.1693787e-001	  1.2532036e-001	  2.8099702e-002	  1.3183986e-001	 -1.2636619e-002	  1.1576340e-001	  2.2035206e-002	  2.4834762e-001	
  4.5004214e-002	  1.2865317e-001	 -5.5988245e-001	  5.5570421e-001	 -6.2392957e-001	  3.1666773e-001	 -3.5153149e-001	 -4.3763066e-001	  2.0820258e-001	  4.7721462e-001	  1.1541313e-001	
  4.9961519e-001	  3.9056860e-001	  8.0437590e-002	 -2.7852246e-001	  2.5949879e-001	  3.9849885e-002	  9.9359966e-002	  1.4757317e-001	  2.7918158e-001	  1.2648472e-001	 -3.9140580e-002	
  1.5466629e+000	  1.7721154e+000	 -2.6769506e-001	 -1.9281215e-001	 -8.2605983e-001	  2.0478487e+000	 -2.5789724e+000	  1.2048111e+000	  3.3268946e-002	 -1.6726704e-001	  8.1915629e-001	
 -1.1944901e-001	  4.0215194e-001	 -1.7817838e-001	 -1.6540856e+000	  1.6663961e+000	  3.6277246e-001	  2.1205491e-001	 -4.1529233e-001	  3.3553171e-002	  4.6988094e-001	 -5.5773714e-001	
 -9.0305105e-001	 -6.2081124e-001	  5.8782124e-001	  7.5638320e-001	 -6.8363247e-002	 -1.0560261e-001	 -1.3662585e-001	  3.3119619e-001	 -2.4267740e-001	 -3.3682672e-001	 -1.2308984e-001	
 -4.9017704e-001	 -1.3668162e+000	  5.5207496e-001	 -7.2016535e-001	  2.3197917e-001	 -1.1331192e+000	  1.2276980e+000	 -5.0559372e-001	 -2.7076957e-001	 -9.4000296e-002	 -6.5594433e-001	
  6.3148146e-001	  1.3587488e-001	 -4.6704974e-001	  4.8999885e-001	 -4.4630700e-001	  1.5888163e-001	 -2.2015431e-001	  6.7325936e-001	 -3.4034111e-001	 -6.2887262e-001	 -2.5198366e-001	
 -5.0168364e-001	 -1.5928675e-002	  1.6910536e+000	  1.4666379e+000	 -8.8494912e-001	 -3.3330610e-001	  1.2428254e-001	 -4.9146442e-001	  2.0574341e-001	  2.9462646e-001	  2.4523045e-001	
  6.4204079e-001	 -2.8813311e-001	 -1.4574012e+000	  6.0172842e-003	  4.1294488e-001	 -5.2657154e-001	  5.4925820e-001	  7.4137695e-001	 -5.1061480e-001	 -5.6044877e-001	 -5.8235578e-002	
 -3.9080172e-001	  7.6770072e-003	  2.7166449e-001	  3.3765765e-001	  1.0068484e-001	  1.2498680e-001	  9.2850041e-002	 -2.4696208e-001	 -2.6963845e-002	  1.1780973e-001	  2.4283671e-002	
  3.9125527e-001	  4.3486032e-001	 -9.5146780e-001	  2.2267557e-001	 -5.3140408e-001	  2.0701100e-001	 -4.6171959e-001	  5.7999632e-002	 -4.1219844e-002	  2.7666904e-001	  6.0530669e-002	
  4.2822979e-001	  1.0044334e+000	  1.4434020e+000	 -7.7109672e-001	  8.8341755e-001	  1.1485006e+000	 -8.7105542e-001	  3.8291868e-001	  9.1431816e-001	  8.1865606e-001	  9.4496106e-001	
  1.7079023e-001	  2.1003226e-001	  1.2142703e+000	  2.5962402e-001	 -4.6590306e-002	  1.7845132e-001	 -2.3374218e-001	  5.5860827e-001	  4.7268970e-001	  2.2740429e-001	  6.8622147e-001	
 -6.3297902e-001	 -4.0426283e-001	 -8.7845896e-001	  4.4101300e-001	 -5.5376268e-001	 -4.2895903e-001	  2.3503263e-001	 -2.3461554e-001	 -3.5890797e-001	 -3.9369298e-001	 -7.6128219e-001	
 -1.3881549e-001	 -2.2241574e-001	 -3.5256778e-001	  3.1457023e-001	 -9.2732322e-001	 -5.8654726e-002	 -2.9088556e-001	  4.2494549e-001	 -1.7084693e-001	 -3.4876397e-001	  1.3697529e-001	
  1.3282671e+000	  1.1786462e+000	 -3.2395462e-001	 -9.6066774e-003	  5.7349891e-003	  1.6723158e+000	 -1.9546666e+000	  1.8552859e+000	  2.6561927e-001	 -2.1609120e-001	  8.4115907e-001	
 -1.6868187e-001	 -2.3181804e-002	  7.3358363e-001	  1.0848475e-001	  6.4818946e-001	 -3.3063799e-001	  8.1407221e-001	 -3.9542487e-001	 -2.7694335e-002	 -4.1594593e-003	 -5.2797883e-001	
 -1.9760854e-001	 -4.2839895e-001	  5.9632213e-001	  7.8574311e-001	 -1.4914051e+000	 -6.1795269e-001	  3.0438059e-001	 -7.6909846e-001	 -4.2545963e-001	  3.8840959e-001	 -6.9760306e-001	
 -1.5200989e-001	  1.0719211e-001	  4.7340641e-001	  3.3122785e-001	 -3.3898382e-001	 -3.0513863e-001	  2.7746619e-001	 -9.4693543e-002	  3.4688157e-001	  3.4649210e-001	  2.4394302e-001	
  2.8665719e-002	  2.0728058e-001	 -5.3029046e-001	  1.9583496e-001	  3.2003363e-001	  1.0744347e-001	 -9.9809802e-002	  2.0945704e-001	 -1.8780876e-002	  1.0984091e-001	  3.8892255e-001	
 -6.0967714e-001	 -3.3599596e-002	 -4.4318750e-001	 -6.8355168e-001	 -4.7621872e-001	 -3.6520107e-001	  5.7804238e-002	 -4.7012124e-001	  5.6301809e-001	  9.3796411e-001	  7.0890987e-001	
 -9.6629096e-002	  5.8679662e-002	 -1.8977902e-001	 -1.5339517e-001	  3.1114729e-001	 -1.0910776e-001	  3.9225073e-001	 -6.2866960e-001	 -1.7828329e-001	  1.5019332e-002	 -8.3594042e-001	
  8.9931859e-001	  2.3193474e-001	 -3.8282523e-001	  7.4896662e-001	 -5.4283645e-001	  3.7819520e-001	 -4.8513255e-001	  4.8741333e-001	 -3.8158969e-001	 -5.4889018e-001	 -1.4893557e-001	
  5.1811404e-001	  2.5882246e-001	  2.4415745e-001	 -1.0182708e+000	  1.1967959e+000	  3.7176991e-001	 -3.5574230e-002	  1.9867315e-002	  7.3362463e-001	  9.7542800e-001	  9.5306484e-001	
  4.5641471e-002	  1.6366483e-001	  7.5730182e-001	  2.8900530e-001	 -1.3681173e-001	  6.5473214e-002	 -1.9940521e-001	  2.0667287e-001	  1.0056268e-002	  1.9902662e-002	  4.4652310e-001	
 -5.4880937e-001	  1.9637678e-001	 -3.3499730e-001	  2.3468808e-001	 -1.5390445e+000	 -1.2871938e-001	 -4.7082021e-001	  2.3077751e-002	  2.6141880e-002	  1.1647432e-001	 -5.1068297e-002	
 -3.8140032e-001	 -1.4323801e-001	  1.4871194e+000	 -6.0127482e-001	  1.1861822e+000	 -2.5496014e-001	  8.2470474e-001	 -1.0643983e+000	  8.4065763e-001	  1.2063153e+000	 -1.3334076e-001	
  3.0882562e-001	  3.6532215e-001	  1.9420955e-001	  3.4951000e-001	 -6.6750611e-001	  4.6986237e-001	 -7.9549370e-001	  8.7193042e-002	 -1.2824279e-003	 -1.4627027e-001	  1.6770688e-001	
 -1.8495568e-001	  9.4623249e-002	 -7.5538114e-001	  2.5134156e-001	  1.4071552e-001	  5.6624622e-003	  1.7293117e-001	 -3.4981067e-001	  7.1005715e-002	 -8.3835422e-002	 -5.2177926e-001	
  2.7604140e-001	 -3.7729614e-001	 -9.2692490e-001	  6.9516165e-003	 -6.0913507e-001	 -2.0609168e-001	  2.6228160e-001	  3.3327082e-001	  6.5161520e-002	  5.2286168e-002	 -2.6646134e-001	
 -1.1787314e+000	 -1.4105728e-001	  5.4048543e-002	 -9.5695478e-001	  9.3247286e-001	 -3.7050265e-001	  1.1864313e+000	 -1.4376218e+000	  6.1178167e-001	  1.0590147e+000	 -1.8154859e-001	
 -1.9447511e-001	 -5.2674291e-001	  4.1035554e-001	 -2.7473970e-001	  1.1523027e+000	 -3.1185071e-001	  4.2934681e-001	  4.2970670e-001	  4.6263082e-001	 -4.9081160e-002	  8.4076049e-001	
  1.7209397e-001	  4.6740746e-002	 -8.4388893e-001	  1.6446439e+000	 -1.0460488e+000	 -8.4008238e-002	 -2.7111336e-001	  1.3766190e-001	 -1.1072736e+000	 -8.6442052e-001	 -6.6211586e-001	
 -1.1180345e+000	 -2.3076397e-001	 -6.2455418e-001	  1.5996350e-001	 -3.8561499e-001	 -5.7177165e-001	  6.6808387e-001	 -1.0475663e+000	 -1.2988592e-001	  1.5260972e-001	 -8.2460614e-001	
  5.5928579e-003	  4.8381362e-002	 -1.7779935e+000	 -7.8358391e-001	  2.8095916e-001	  4.9249959e-002	 -8.4241352e-002	  1.8398283e-001	  1.9601139e-001	  2.0014703e-001	  3.5386253e-001	
 -3.0111439e-001	 -4.5467381e-002	  7.7303225e-001	 -7.3629508e-001	  1.2858242e+000	 -2.7606569e-001	  5.4888566e-001	 -1.0001254e+000	  6.9669739e-001	  1.2743933e+000	  2.2555530e-001	
  2.8649609e-001	 -6.6648708e-001	 -1.0089955e+000	  6.2010464e-001	  2.4314434e-001	 -6.8960969e-001	  6.2300526e-001	  2.4561676e-001	 -1.6103878e+000	 -1.7363374e+000	 -1.5490872e+000	
  7.3804338e-001	  2.7355011e+000	  1.3832540e-001	 -1.4472465e-001	 -4.5643965e-001	  2.4808777e+000	 -2.5946632e+000	  7.9312163e-001	  2.6938771e+000	  2.3581729e+000	  2.8219250e+000	
 -1.0673308e+000	 -1.9914237e+000	 -1.8824949e+000	  2.3118942e+000	 -3.8315993e+000	 -1.9005807e+000	  1.1652539e+000	 -1.5323231e+000	 -1.9869354e+000	 -1.3761601e+000	 -2.4529171e+000	
  1.1968390e+000	 -1.7340799e-001	  2.7593144e-002	 -6.4582496e-001	  8.9654365e-001	 -1.5120686e-001	  3.7293171e-001	  7.9481825e-001	 -1.6207255e+000	 -2.2361715e+000	 -1.1086914e+000	
  5.1874916e-001	 -1.4514067e+000	 -1.2069625e+000	  1.4428768e+000	 -7.0476288e-001	 -7.4073394e-001	  4.4261997e-001	  2.2865865e-001	 -2.1721330e+000	 -2.1058598e+000	 -1.5726315e+000	
  9.7916338e-001	 -6.5848507e-001	  1.1711780e+000	  1.0597477e+000	 -8.2922338e-001	 -4.1710914e-001	  5.2401416e-002	  1.0352135e+000	 -1.5341704e+000	 -1.7284178e+000	 -1.1422330e+000	
  1.6422918e-001	 -4.7262729e-001	  1.7566193e-001	 -2.9194316e-001	  6.1487276e-001	 -4.5436727e-001	  8.7735507e-001	 -3.3447742e-002	 -1.5390062e+000	 -1.3056525e+000	 -1.2086452e+000	
 -3.9315760e-002	 -1.4181554e+000	 -3.9102511e-001	  2.1377130e-001	 -7.9512992e-001	 -7.4876626e-001	  5.3257206e-001	  3.8127099e-001	 -2.0847502e+000	 -2.1464118e+000	 -2.1036270e+000	
  4.3084182e-002	 -1.8611250e+000	 -6.3579019e-001	  2.6124256e-002	  2.5499895e-002	 -1.4027851e+000	  1.3708027e+000	 -1.1374087e-001	 -2.3954108e+000	 -2.0043606e+000	 -2.1442538e+000	
 -1.0087446e+000	  7.0778113e-001	 -1.4056661e-001	  1.1920356e-002	  8.2611535e-001	  5.8332369e-001	  1.8408774e-001	 -8.0719044e-001	  1.7424319e+000	  1.5763484e+000	  9.7500553e-001	
 -1.5137562e-001	  1.5646181e+000	  1.4648054e+000	 -1.8393977e-001	  7.4996114e-001	  1.1229906e+000	 -8.1471753e-001	 -3.2914719e-001	  1.6214280e+000	  1.5756079e+000	  1.4383866e+000	
 -6.4915678e-001	 -1.9197204e+000	  1.2186397e+000	 -7.0547359e-001	  7.8670184e-001	 -1.6601643e+000	  1.9654288e+000	 -1.5098024e-001	 -2.3370383e+000	 -1.7850892e+000	 -2.0303121e+000	
  3.4156093e-002	 -8.3358313e-001	  9.9586860e-001	  1.4114204e-002	  1.4921987e-001	 -6.9480743e-001	  8.4767233e-001	  2.8200302e-002	 -1.5898215e+000	 -1.8292709e+000	 -1.0420622e+000	
  3.5772854e-001	  1.5170975e+000	  1.4186849e+000	 -1.6006789e+000	  9.5668050e-001	  1.4220204e+000	 -1.3732957e+000	  6.4151501e-001	  1.8288565e+000	  1.4923894e+000	  1.7462694e+000	
  2.2278181e+000	  2.2792282e+000	 -8.1293994e-001	 -2.0499818e+000	  4.3447577e-001	  2.5319553e+000	 -2.5772116e+000	  1.7204417e+000	  1.3624596e+000	  4.5979333e-001	  1.8331807e+000	
  1.3497357e+000	  3.6210294e-001	 -6.6094284e-002	  5.5657822e-001	 -1.1411132e+000	  4.8847389e-001	 -9.3579117e-001	  1.6177295e+000	 -3.9235194e-001	 -8.2992181e-001	 -4.0358868e-002	
  8.8994571e-001	  2.5323715e+000	  2.1452373e+000	 -1.8474588e+000	  2.5899222e+000	  2.4095475e+000	 -1.9236559e+000	  1.6619308e+000	  1.9595114e+000	  1.3830137e+000	  2.4620393e+000	
  1.7358983e+000	  1.2701405e+000	  1.3006342e+000	 -1.0878899e-001	  5.8852745e-001	  1.2673350e+000	 -1.4876884e+000	  1.7136694e+000	  3.0181006e-001	 -1.1139381e-001	  4.6885490e-001	
 -2.7767970e+000	 -1.7231763e+000	 -5.8059256e-001	 -4.1517921e-001	 -4.7434566e-002	 -1.9932476e+000	  2.2850793e+000	 -1.9489680e+000	  3.6357521e-002	  5.3470457e-001	 -6.7225113e-001	
 -1.3111346e+000	 -9.7429957e-001	  3.0086433e+000	  8.1290113e-001	  1.0264911e-001	 -1.4021079e+000	  1.5166389e+000	 -1.8016605e+000	  8.5380342e-002	  6.9228152e-001	 -2.8385241e-001	
  1.3165580e+000	  5.1143943e-001	 -1.7015618e+000	  1.1476012e+000	 -1.3148666e+000	  6.6028144e-001	 -1.3151222e+000	  1.9324680e+000	 -7.4105236e-001	 -9.8161337e-001	 -2.6369002e-001	
  2.1844582e+000	  6.7442588e-001	 -9.2870636e-001	  1.3986196e+000	 -1.4638490e+000	  1.0410346e+000	 -1.8394959e+000	  3.1682344e+000	 -1.1008564e+000	 -1.8112164e+000	  4.0811053e-001	
 -1.3521740e+000	 -1.8274769e-001	 -3.7060822e-001	 -1.7468719e+000	  6.9017139e-001	 -3.1648234e-001	  9.0122162e-001	 -1.7928402e+000	  1.1636669e+000	  1.4517396e+000	  4.7254864e-001	
 -1.0761475e+000	 -8.6813282e-001	 -1.0904422e+000	 -8.7791098e-001	 -1.6117012e-001	 -8.8256962e-001	  1.2894545e+000	 -1.7843138e+000	  3.6493598e-001	  1.1262596e+000	 -6.8152664e-001	
 -1.7581216e+000	 -8.2922565e-001	  6.9222452e-001	  3.3371244e-002	  1.9432882e-001	 -1.3305936e+000	  1.9065180e+000	 -1.9918508e+000	  2.9525681e-001	  8.6300245e-001	 -4.9139676e-001	
  1.6067999e+000	  2.5246494e+000	  1.7694834e+000	 -1.9821999e+000	  2.3329479e+000	  2.6528397e+000	 -2.2865492e+000	  1.6004626e+000	  1.8951881e+000	  1.2700635e+000	  2.3006507e+000	
  3.0357412e+000	  1.2984457e+000	 -9.8017272e-001	  4.1447471e-001	 -9.9497153e-001	  1.6048303e+000	 -2.0227712e+000	  1.6288037e+000	 -6.0498022e-001	 -1.2849467e+000	  3.5266058e-004	
 -9.6455079e-001	 -4.1251915e-002	  9.8445468e-002	 -1.1917231e+000	  8.2162400e-001	 -2.7323671e-001	  1.0477781e+000	 -1.6941608e+000	  7.4723124e-001	  1.1885618e+000	 -1.6051008e-001	
