 -1.9622129e-001	 -7.7197370e-001	 -7.8072506e-001	  5.4484074e-001	  4.7968748e-001	  6.8756216e-001	  6.6871165e-001	 -3.1072765e-001	 -7.9387615e-001	 -6.8747225e-001	  5.6901341e-001	
  2.7356078e-001	 -2.3353035e-001	  5.3109268e-001	  2.5920018e-001	 -7.2347993e-001	  1.5595293e-001	  3.7170598e-001	 -4.7768904e-001	 -9.2320350e-002	 -2.2684522e-001	  2.7705911e-002	
  1.0733614e+000	  2.0502996e-001	  1.0908079e-001	 -8.3107677e-002	  4.1870334e-001	 -2.4129751e-001	 -1.7453077e-001	 -1.2265096e-001	 -9.1594612e-002	 -2.4144686e-001	  1.1626098e-001	
  5.4531603e-001	  1.8140696e+000	  1.7658313e-001	 -2.7418233e+000	  2.0570455e+000	 -1.8593864e+000	 -2.2934059e+000	 -7.1115910e-001	  1.5360399e+000	  1.4210441e+000	 -1.7650501e+000	
 -2.4769437e-001	  8.6284007e-002	  6.7125242e-001	  4.4565228e-001	 -9.8010490e-001	 -4.3889693e-002	 -1.7768231e-002	 -5.2184210e-002	  1.6048835e-001	  3.5004188e-001	 -5.4460348e-003	
  5.7451230e-001	  3.5742134e-001	 -9.7355766e-002	 -8.0404024e-001	  3.7896980e-002	 -7.1448708e-001	 -5.8346579e-001	 -9.1566553e-001	  1.7210171e-001	 -1.0121097e-001	 -4.6496313e-001	
  1.8749975e-001	 -1.2991256e+000	 -1.6965270e+000	  4.8128497e-001	 -1.0269090e+000	  1.4344941e+000	  1.5510363e+000	 -2.9150946e-001	 -1.1425607e+000	 -1.0921028e+000	  1.2934463e+000	
 -5.2672904e-001	  6.6373024e-001	 -2.2777748e-001	 -1.0527679e+000	  8.6861191e-001	 -5.4521030e-001	 -1.0755679e+000	  3.6969267e-001	  6.6059441e-001	  7.0253062e-001	 -6.6231302e-001	
 -2.8625495e-001	  4.4977965e-001	  1.1130395e+000	 -3.9975131e-001	  9.7697110e-001	 -2.0722961e-001	 -5.1758197e-001	  5.1953091e-001	  7.4624219e-001	  6.3319707e-001	 -4.0132279e-001	
 -1.4811314e+000	  1.0869497e-001	  5.4110188e-001	 -7.2065164e-001	  8.5706103e-001	  1.1315469e-001	 -2.7899363e-001	  1.0606187e+000	  2.5857820e-001	  4.0402767e-001	  7.8216303e-002	
 -6.1627411e-001	 -1.3639291e+000	 -2.9099415e-001	  6.5011747e-001	 -4.4630425e-001	  1.4960587e+000	  1.6624863e+000	  3.3175855e-001	 -1.0775873e+000	 -1.2205519e+000	  1.0627889e+000	
 -1.8314940e-001	 -4.5905827e-001	 -3.2610193e-001	  5.9050640e-001	 -9.8514859e-001	  6.2141937e-001	  7.5055398e-001	  3.0029645e-001	 -4.3043987e-001	 -5.2051683e-001	  5.8575430e-001	
 -6.7309649e-001	 -1.6819521e-001	 -1.5965641e-001	 -1.7874444e-001	  5.6948764e-002	  1.4680787e-001	  1.1033668e-001	  2.8244325e-001	 -1.4387814e-001	 -1.8999090e-001	  8.0140490e-002	
 -2.8691185e-001	  7.8977461e-002	  4.2518133e-001	 -6.1644238e-001	  7.5554906e-001	  4.2899872e-003	 -2.2971122e-001	  1.2473618e-001	  2.2483816e-001	  4.3412443e-001	 -5.0306821e-001	
 -9.5049821e-001	 -1.1285268e+000	 -8.5097572e-001	  1.3820752e+000	 -1.5847577e+000	  1.2979652e+000	  1.2356093e+000	  1.1255241e+000	 -1.0115824e+000	 -5.1717839e-001	  1.0136124e+000	
 -8.8040438e-001	  3.1388384e-001	  7.3100697e-001	  1.4459853e-002	 -1.4582217e-001	 -4.0111380e-001	 -2.5895167e-001	 -1.6212174e-001	  5.4290699e-001	  4.7468392e-001	 -6.3433930e-001	
  2.0518384e+000	 -1.0638570e+000	 -9.9734195e-001	  1.6170143e+000	 -1.5092180e+000	  8.5439624e-001	 -1.5064227e-001	 -5.1852655e-001	 -1.3327504e+000	 -1.3988563e+000	  1.1723754e+000	
  1.6521727e+000	  9.5869760e-001	  1.0702222e+000	 -1.8584363e-001	  4.9376736e-002	 -1.1024683e+000	  1.7255858e-001	 -1.3231651e+000	  7.3162202e-001	  3.8919039e-001	 -1.1312801e+000	
 -2.1740247e-001	 -3.4828208e-002	 -4.8981964e-001	  4.0983187e-001	 -2.4843618e-001	 -9.5722866e-002	 -1.0975505e-001	 -6.4019622e-001	  6.1081110e-002	 -1.5357995e-001	 -2.2406422e-001	
  6.7697749e-001	  2.0252977e+000	  8.3284738e-001	 -3.1169583e+000	  2.8576474e+000	 -2.2526053e+000	 -5.4618055e-002	 -2.5562874e-001	  1.7085323e+000	  1.8151531e+000	 -1.6738026e+000	
 -6.7775515e-002	  4.7665721e-002	 -1.6363027e-001	 -3.8680330e-001	  6.8522048e-001	 -7.7084992e-002	 -2.0357821e-001	 -2.6706835e-001	  1.0577221e-001	 -8.8047888e-002	 -1.1116129e-001	
 -4.3626619e-001	 -6.6678956e-001	  2.4613668e-001	  1.5946028e+000	 -7.6742466e-001	  8.1385755e-001	  1.2260407e-001	  1.1503287e+000	 -7.2848767e-001	 -3.0908389e-001	  9.8585483e-001	
  2.5168745e-001	 -3.7992530e-001	 -8.6807138e-001	  5.9429054e-001	 -2.8769906e-001	  3.4219476e-001	 -8.5792146e-002	 -1.1197020e-002	 -4.1978939e-001	 -2.9652944e-001	  4.4323895e-001	
 -1.0937582e+000	 -2.4133781e-001	 -7.9277255e-001	 -1.0458620e+000	  3.9469299e-001	  1.9151840e-001	 -1.1301710e-001	  6.7420306e-001	 -7.5932668e-002	  2.8476695e-001	  1.3810268e-001	
 -3.4038500e-003	  5.7582401e-001	 -1.2438935e-001	 -1.2883977e+000	  7.7222689e-001	 -6.7792564e-001	 -2.5247330e-001	 -2.3359696e-001	  6.7126812e-001	  5.0870593e-001	 -5.9579891e-001	
  1.4879147e+000	  1.3274438e+000	  2.2559743e+000	 -5.4270557e-001	  9.6713110e-001	 -1.3621874e+000	  1.4999905e-003	 -8.2668518e-001	  1.2156762e+000	  8.0716233e-001	 -1.5926220e+000	
  1.0946511e+000	  7.0013164e-001	  3.2579812e-001	 -4.6952636e-001	  2.3858314e-002	 -9.0653438e-001	 -6.6775639e-002	 -1.7095012e+000	  5.3368736e-001	  1.1672890e-001	 -8.1891823e-001	
 -1.2991914e+000	  2.3215488e-001	 -7.9351278e-001	 -1.1098069e+000	  1.8777073e+000	 -1.0933781e-001	  3.3033740e-002	  7.3338543e-001	  9.3708253e-002	  4.2574449e-001	 -9.6529907e-002	
 -2.8021579e-001	  1.6819751e-001	  2.1871514e-001	 -2.0512943e-001	  3.9975144e-001	 -9.8687999e-002	 -3.7823861e-002	  4.7809012e-001	  1.7157204e-001	  3.1793712e-001	 -1.7905891e-001	
  6.7326319e-001	  1.2250910e+000	  7.2193948e-001	 -1.2743261e+000	  6.9208474e-001	 -1.2306134e+000	 -2.2216234e-002	 -4.9115807e-001	  9.8979924e-001	  7.2020431e-001	 -1.1209532e+000	
 -1.2913101e+000	 -7.0350724e-001	 -1.0424626e+000	  6.8702962e-001	 -9.0698135e-001	  7.4933301e-001	  6.9564548e-001	  8.1593833e-001	 -3.1053593e-001	  3.6939600e-002	  4.1783342e-001	
  2.5521516e-001	  8.1835385e-002	  6.6661610e-001	  4.5865907e-002	  3.1510460e-001	 -3.0243134e-001	 -1.5305929e-001	 -8.6244473e-001	  6.0389022e-002	 -2.2541944e-001	 -2.4628965e-001	
 -1.4290248e+000	 -3.9745859e-001	  1.0686684e+000	 -1.2209819e+000	  1.4978650e+000	  3.9253086e-001	 -1.6569515e-001	  4.9755598e-001	 -1.8812522e-001	 -7.4428328e-002	  2.8415386e-001	
 -1.3991232e+000	 -3.2880409e-001	 -5.8599324e-001	  2.1057103e-002	  6.2812967e-001	  3.4546522e-001	  9.5830111e-003	  5.8105753e-001	 -1.6108486e-001	 -6.2386964e-002	  4.3347626e-001	
  2.5193561e-001	  5.0572861e-001	  8.3036087e-001	 -1.3867796e+000	  2.1364475e+000	 -5.9142267e-001	 -1.2167307e+000	 -2.8771982e-001	  4.1031938e-001	  3.8976218e-001	 -2.3226532e-001	
 -7.1478158e-001	 -6.0835427e-001	 -2.6956376e-001	 -1.3017259e+000	  1.1395855e+000	  8.1782388e-001	  5.2527971e-001	  9.4174444e-001	 -2.9574226e-001	  3.2907865e-001	  5.1420701e-001	
 -2.7090753e-001	 -2.5625477e-001	  2.0103743e-001	 -1.5393765e+000	  1.1851497e+000	  2.3957601e-001	  6.4566479e-002	  1.8101114e-001	 -1.0418527e-001	 -2.3592497e-001	  2.5659355e-001	
  1.3431495e-001	 -4.1049023e-001	 -4.8774271e-001	 -3.6181331e-001	  2.9149471e-001	  5.0496715e-001	  4.7344097e-001	  1.9835461e-002	 -2.3756746e-001	 -2.4116273e-001	  4.4080409e-001	
  4.3281855e-001	 -4.5671607e-001	 -1.2303351e+000	  2.2213629e+000	 -1.6603214e+000	  4.6516669e-001	  6.0224890e-001	 -1.7249264e-001	 -3.9890851e-001	 -4.8406607e-001	  1.3865027e-001	
  6.9529988e-001	 -2.3908201e-001	 -1.8288911e+000	  1.3985682e+000	 -7.7944414e-001	  8.6499889e-002	  4.7244979e-002	 -4.8252888e-001	 -1.6828269e-001	 -1.9698453e-001	 -1.8737339e-002	
 -2.3608973e-001	  2.3730291e-001	  1.2193774e+000	 -6.1431906e-001	  3.4238958e-001	 -2.5181693e-001	 -6.2962164e-001	  3.2427014e-001	  2.1066088e-001	  2.9240228e-001	 -2.8129790e-001	
 -1.3674602e+000	 -4.9829048e-001	  3.4872425e-001	  1.6190976e+000	 -7.4143248e-001	  7.9319488e-001	  5.8764279e-001	  1.7631805e+000	 -3.3762939e-001	  2.9299569e-002	  8.5643840e-001	
 -4.1374551e-001	  5.0977656e-001	  1.7146368e-001	  9.4932837e-001	 -1.1360125e+000	 -3.8265153e-001	 -3.8511713e-001	 -1.8686141e-002	  3.3568610e-001	 -9.1679712e-002	 -2.9309814e-001	
 -2.5465848e-001	 -1.8121136e-001	 -1.2987927e+000	  4.8594124e-001	 -4.7596495e-001	  1.8768235e-001	  1.8831112e-001	 -3.4767087e-001	 -1.2931537e-001	 -3.3005117e-001	  9.8796058e-002	
 -1.2048800e+000	  8.3595130e-001	  2.0710717e+000	 -3.2436516e-001	  3.9914709e-001	 -7.0791872e-001	 -8.6721662e-001	  6.4530178e-002	  1.0513704e+000	  1.0007195e+000	 -9.3443570e-001	
 -8.1258251e-001	 -1.6605265e-002	  4.7315824e-001	 -6.9686460e-002	 -4.1561578e-001	  1.6545900e-003	 -1.2125201e-002	 -4.6720681e-001	  1.7647183e-001	  1.3340430e-001	 -3.9978992e-001	
  1.0009977e-001	 -1.0814405e+000	 -5.8334522e-001	  1.2091759e+000	 -9.6755919e-002	  9.5701913e-001	  1.0290696e+000	  1.0542016e-001	 -1.0660145e+000	 -8.1319720e-001	  1.1791645e+000	
  5.7535660e-001	  4.7749532e-001	  1.8177986e-001	  2.3861421e-001	 -1.9724872e-001	 -4.6850543e-001	 -4.3816567e-001	 -4.9986553e-001	  2.0074432e-001	 -3.6402418e-002	 -9.7946168e-002	
 -1.2351376e+000	 -3.0910356e-002	  3.5768046e-001	 -7.3316385e-002	 -6.5042392e-002	  1.7137637e-001	 -1.9550761e-001	  8.9632232e-001	 -3.1590840e-002	  2.7582977e-001	  1.4003062e-001	
  1.0358493e+000	 -2.9708663e-001	 -9.6691694e-001	 -5.8844868e-001	  2.9470729e-001	  3.0451480e-002	 -2.7390641e-002	 -6.5640582e-001	 -2.4923582e-001	 -3.0272488e-001	  3.9185394e-001	
  4.4087026e-001	 -1.5467751e+000	 -2.1525319e+000	  5.7620026e-001	 -8.6458729e-001	  1.5446108e+000	  1.6205453e+000	  3.7181867e-002	 -1.5960145e+000	 -1.5890563e+000	  1.5226381e+000	
  1.5656733e+000	  4.2078342e-001	 -1.7255337e+000	 -4.2458730e-001	 -7.2680506e-001	 -7.5204076e-001	 -4.7946113e-001	 -1.6679279e+000	 -7.9047067e-002	 -5.6257196e-001	 -2.1686554e-001	
 -4.8355911e-001	 -3.4324980e-001	 -1.3034139e-001	 -6.3372688e-002	 -1.1056752e+000	  3.5105864e-001	  4.6953434e-001	  7.6365507e-001	 -1.3181180e-001	 -8.4125524e-003	  3.8169725e-001	
  2.3348370e-001	 -6.9110000e-002	 -8.5648815e-004	  4.8869469e-001	 -7.6090538e-001	  1.6570956e-001	  2.7642044e-002	  6.7796680e-001	 -2.2906311e-001	 -9.7355077e-003	  3.1310993e-001	
 -7.8588681e-001	  6.1708914e-002	  8.1288349e-001	  3.7153881e-001	  5.2627587e-001	  1.7249643e-002	 -5.6923744e-002	 -4.5238466e-002	  3.3861249e-001	  3.1624641e-001	 -3.4920520e-001	
 -8.7740386e-002	  4.4862504e-001	  1.1146529e+000	 -4.2838981e-001	  1.9438392e+000	 -2.5691901e-001	 -9.8659257e-001	  9.5435479e-001	  3.8979995e-001	  7.5256683e-001	 -3.7001347e-001	
  1.6356727e+000	  6.6659193e-001	  5.4589261e-001	  1.7006178e-001	  5.5187269e-001	 -7.0057502e-001	 -6.1432560e-001	 -1.0054153e+000	  2.8527576e-001	 -8.5910190e-003	 -7.6638231e-001	
 -7.6190238e-001	 -1.5483812e-001	 -8.3060829e-001	  1.3241718e-001	 -8.5162062e-001	  3.5556240e-001	  1.0514127e-001	  1.2520294e+000	 -6.6158940e-002	  1.9617084e-001	  1.7140266e-001	
 -1.1718006e+000	  1.1198758e-001	 -1.1151708e+000	  1.4268995e+000	 -2.4261442e+000	 -1.1971775e-001	  4.3733179e-002	  8.1537791e-001	 -8.0606207e-001	 -7.0373352e-001	  9.7323903e-001	
  8.0155283e-001	  7.3985688e-002	  1.1489363e+000	 -1.0951374e+000	  1.0549897e+000	 -8.7891150e-002	  3.7173974e-002	 -7.9594051e-001	  9.3731296e-001	  7.3163831e-001	 -1.2091977e+000	
  2.2380973e+000	  9.2863157e-002	  1.6767379e-001	 -4.3284501e-001	  2.3401832e-001	 -1.8439674e-001	 -1.5917885e-001	 -9.4804673e-001	  6.5977841e-002	 -4.9075936e-002	 -3.2692470e-001	
 -4.5369435e-001	  9.3664119e-002	  4.8374629e-001	  9.0030259e-001	 -6.6222265e-001	 -3.1857341e-002	  1.1614877e-001	  2.9731819e-001	 -1.5953046e-001	 -1.0388101e-001	  2.9494020e-001	
 -9.7231481e-002	 -9.7091555e-002	  1.6153730e+000	 -1.4066272e+000	  2.0988917e+000	  5.0629539e-002	 -4.5616918e-001	  2.2194933e-001	  1.3856783e+000	  1.4365854e+000	 -1.1626369e+000	
  1.5658984e-001	  8.8384118e-002	  1.7516845e+000	  3.8017122e-001	  2.8132916e-001	  1.5952339e-001	 -5.4309634e-002	  4.4735534e-001	  8.6637980e-001	  9.1259740e-001	 -9.0955663e-001	
 -2.7976268e-001	  1.9267164e-002	  1.3326618e+000	 -1.0717530e+000	 -3.3416298e-002	 -1.5651935e-001	 -6.1974949e-002	  1.0215915e-001	  1.3104117e+000	  1.2525120e+000	 -1.1775140e+000	
  1.3380051e-001	  1.9585819e-001	 -2.1264432e+000	  9.0866539e-001	 -9.8088685e-001	 -1.8181518e-001	  1.2428980e-001	 -4.0837829e-001	 -1.2460096e+000	 -1.2519453e+000	  9.8271031e-001	
 -1.3004224e+000	 -4.5511679e-002	 -1.0672483e+000	  1.9525196e+000	 -1.2826935e+000	  8.8273396e-002	 -1.8031913e-001	  1.4904968e+000	 -1.0833871e+000	 -3.8516597e-001	  1.2021031e+000	
  9.0810369e-001	 -1.8328107e-001	 -1.1177784e+000	  6.4789655e-002	 -7.1662339e-002	 -4.7749566e-002	  2.3344209e-001	 -1.3362035e+000	 -2.6929667e-001	 -7.0313398e-001	  5.7225030e-002	
  1.0921838e+000	  1.7616797e-001	 -9.3698832e-001	  8.4560871e-001	 -6.1203046e-001	 -4.4255262e-001	 -4.7349173e-001	 -7.5590228e-001	 -5.2019575e-001	 -5.7393505e-001	  2.6154361e-001	
  4.0787784e-001	 -8.6152724e-003	  6.7135793e-001	 -5.2130952e-001	 -4.1210850e-001	  1.0274730e-001	  1.4527609e-001	  2.1760102e-002	  8.2037724e-001	  7.1986365e-001	 -8.1464303e-001	
  4.2832355e-001	  1.0218127e-001	 -1.8302565e+000	  1.5492837e+000	 -1.9530132e+000	 -1.6913633e-001	  3.9030110e-001	 -6.5861429e-001	 -1.5810788e+000	 -1.6180369e+000	  1.3220105e+000	
 -1.0041933e+000	  1.9336033e-001	 -4.5611315e-002	  4.8227181e-001	 -3.1672749e-001	 -2.6049972e-003	 -3.9637566e-001	  6.5234901e-001	 -4.7907918e-001	 -1.8451416e-001	  4.9900431e-001	
  9.8707399e-001	  2.3744834e+000	  7.8079303e-001	 -7.4043815e-001	  8.8669781e-001	 -2.4429156e+000	 -2.5732401e+000	  2.7864742e-001	  2.1803982e+000	  2.1353355e+000	 -1.9906927e+000	
  7.9040735e-001	 -1.8473610e+000	  1.5521216e-001	 -5.6171921e-002	 -1.0888169e+000	  1.7857992e+000	  2.0774259e+000	 -2.1599942e-001	 -1.7625873e+000	 -1.5011558e+000	  1.5934396e+000	
 -9.3328019e-001	  1.7703676e+000	 -1.5273703e+000	  3.5041885e-001	 -7.5538456e-001	 -1.5644223e+000	 -1.5499627e+000	  7.4020803e-001	  1.7525497e+000	  1.7700043e+000	 -1.5701648e+000	
  9.9074295e-001	 -2.7311297e+000	 -2.5581333e-001	 -9.2182141e-001	  1.1674299e+000	  2.3345745e+000	  2.4789442e+000	 -1.6394131e+000	 -2.6632341e+000	 -3.1061426e+000	  2.6798744e+000	
  1.3888689e+000	 -2.1477090e+000	  2.3846302e+000	 -1.1001661e+000	  1.2132839e+000	  1.8296945e+000	  1.8162243e+000	 -1.1799673e+000	 -2.1047907e+000	 -2.3828876e+000	  1.8048408e+000	
  8.5290964e-001	  2.1626217e+000	  9.8982948e-001	  5.2536907e-002	 -1.7810794e-001	 -2.2708809e+000	 -2.2594007e+000	 -7.7595194e-001	  2.0310605e+000	  1.7080248e+000	 -1.9559648e+000	
 -2.0022190e-001	  2.1985743e+000	  8.9683907e-001	  1.3167422e-001	 -5.4766685e-001	 -2.0404289e+000	 -2.0984125e+000	  5.4000787e-002	  1.9518076e+000	  1.8894299e+000	 -2.0270681e+000	
  1.2601723e+000	  2.0711839e+000	  6.5956840e-001	 -2.3715839e+000	  2.1434718e+000	 -2.0129653e+000	 -2.5323026e+000	 -2.2769652e-001	  1.9575538e+000	  1.6036154e+000	 -1.7762576e+000	
  1.7515808e+000	 -1.9098501e+000	 -9.7123200e-001	  1.4201306e+000	 -1.9338818e+000	  1.6110585e+000	  2.3413480e+000	 -1.6082162e+000	 -1.9901378e+000	 -2.3122590e+000	  1.6755877e+000	
 -3.2486919e-001	  2.5968859e+000	  8.6929755e-002	  1.1963846e+000	 -7.8514721e-001	 -2.3902995e+000	 -2.1720309e+000	 -4.8343251e-001	  2.3600072e+000	  2.1851926e+000	 -2.4319624e+000	
  4.3545838e-001	 -2.0167699e+000	  1.3449169e+000	  2.6346181e-001	  9.3890809e-001	  1.7447670e+000	  1.7121542e+000	 -3.4961427e-001	 -1.9658311e+000	 -1.7917356e+000	  1.9328032e+000	
 -8.0010619e-001	 -2.2792877e+000	 -2.4830703e-001	 -4.5801829e-001	  3.0430646e-001	  2.4315208e+000	  2.3648385e+000	  8.9599589e-001	 -1.9338079e+000	 -1.6106636e+000	  2.2739494e+000	
 -3.3260239e-001	  1.8636312e+000	 -2.7032891e+000	  1.6471393e+000	 -1.5006111e+000	 -1.6401658e+000	 -1.8099176e+000	  1.1401648e+000	  1.8766030e+000	  2.0960107e+000	 -1.6072516e+000	
 -1.4553856e-001	 -1.8726537e+000	 -1.5381169e+000	  5.4540326e-001	 -8.3737696e-002	  1.9303063e+000	  1.9319521e+000	  4.8318848e-001	 -1.9213971e+000	 -1.5951557e+000	  1.9669894e+000	
 -1.6400735e+000	 -9.7513798e-001	 -7.7144739e-001	  3.8665123e-001	  1.9320494e-001	  1.3180328e+000	  7.9863233e-001	  1.5478251e+000	 -4.6540340e-001	  1.0912720e-001	  8.5268305e-001	
 -1.5780931e+000	 -3.5245469e-001	  3.5332248e-001	  3.0815297e-001	 -7.4815256e-001	  6.4051009e-001	  3.8566738e-001	  1.5618226e+000	  1.8655158e-001	  4.0734987e-001	  1.5773560e-001	
 -7.2359961e-001	  7.5455363e-001	  1.0855850e+000	 -1.3671958e+000	  4.8565423e-001	 -4.0849183e-001	 -9.7931201e-001	  1.6885940e+000	  9.9492581e-001	  1.2650096e+000	 -6.4433365e-001	
 -9.6068483e-001	 -1.1286907e-001	  1.0786043e+000	  4.3009736e-001	 -4.2131648e-001	  3.2725483e-001	 -9.1121004e-002	  1.5979257e+000	  1.2121113e-001	  5.0826803e-001	  3.2119538e-001	
  1.4355453e+000	  1.0453074e+000	  3.5508617e-001	 -1.5901625e+000	  1.1553729e+000	 -1.5962922e+000	 -1.5149238e+000	 -2.3967142e+000	  9.5904386e-001	  1.9605857e-001	 -1.3740126e+000	
 -2.3012275e+000	 -2.6834600e-001	  8.6597066e-002	 -1.2130637e-002	 -2.1537654e-001	  8.1378787e-001	  4.3922140e-001	  2.4106687e+000	  2.5848137e-001	  1.0290651e+000	  1.6350371e-001	
 -1.3277810e+000	 -3.7093364e-001	  1.0581342e-001	  5.4185013e-002	  1.9862903e-001	  6.5772467e-001	  1.6099935e-001	  1.6213186e+000	 -7.6388899e-002	  1.5389933e-001	  3.3662980e-001	
 -1.6104809e+000	  1.1360608e-001	  1.0329238e+000	  3.8362844e-001	  2.9810488e-001	  2.8469403e-001	 -2.5947768e-001	  2.2177506e+000	  1.1864795e-001	  7.9157672e-001	  4.4467610e-001	
  1.2506983e+000	  1.3058786e-001	 -7.6489294e-002	 -1.3312003e-001	  2.5579391e-001	 -3.6458120e-001	 -1.0430692e-001	 -1.9322528e+000	 -9.9948400e-002	 -4.2289238e-001	 -2.9234100e-001	
  1.0116805e+000	 -7.4469737e-001	 -3.2977949e-001	  1.3991583e+000	 -9.8973667e-001	  4.7564406e-001	  1.3200895e+000	 -1.7608076e+000	 -8.6663297e-001	 -1.2450014e+000	  2.2789582e-001	
  1.4005736e+000	  5.8122609e-001	  6.5774777e-001	 -4.9679418e-001	  1.7251076e-001	 -9.6228859e-001	 -6.5368715e-001	 -1.8642024e+000	  2.0648977e-001	 -2.4476527e-001	 -4.8113428e-001	
  2.0087986e+000	 -1.0429919e+000	 -6.7949472e-001	  1.5930689e+000	 -9.9004527e-001	  6.0730623e-001	  1.2230243e+000	 -2.0194383e+000	 -1.1274292e+000	 -1.6487291e+000	  5.2824060e-001	
  1.5927571e+000	  3.2253607e-001	  7.2280397e-001	  7.2903081e-001	 -9.8998951e-001	 -5.8144707e-001	  7.5883250e-004	 -1.9174538e+000	 -8.9164519e-002	 -1.0053012e+000	 -1.3545492e-001	
 -1.5623093e+000	 -2.7950598e-001	 -8.4757280e-001	 -2.0533931e-001	 -9.4184480e-002	  5.0903045e-001	 -1.3316127e-001	  1.7947409e+000	 -5.2802248e-002	  2.9749310e-001	  4.1394850e-001	
