 -3.9503117e-001	 -3.1157506e-001	 -1.2942357e-001	 -4.6474679e-001	 -7.4081876e-001	 -1.0842453e+000	 -1.0415238e+000	 -4.0849042e-001	  8.8580696e-001	  5.5237409e-001	  8.4284496e-001	
  1.8086249e-001	  3.9418894e-001	 -9.1800160e-001	 -1.0414753e+000	 -8.0885397e-001	 -3.0162938e-001	 -4.0734978e-001	 -1.0600917e-001	  3.1460858e-001	 -2.2150203e-001	 -1.1599107e-001	
  4.3679537e-001	  9.3444422e-001	 -4.9462124e-001	 -7.9463355e-001	  8.0807546e-001	 -7.7630311e-001	 -8.8407963e-001	 -7.3297923e-001	  8.4711504e-001	  7.4026658e-001	  3.8117417e-001	
 -5.8199278e-001	 -1.8877066e-001	 -8.0882684e-001	  6.5046607e-001	  3.2667710e-001	 -6.4599381e-001	 -8.2974493e-001	 -1.3276344e-001	  4.3730959e-001	 -2.7451369e-001	  5.1386964e-002	
  7.7315842e-001	  9.7449465e-001	 -1.3277793e-002	  1.0600532e-001	 -5.8300395e-001	  7.7426289e-001	  5.8728030e-001	  2.6828573e-001	 -3.7086584e-002	 -1.1704392e-001	  4.6503418e-001	
 -5.5212739e-001	  1.5890744e-001	  9.1718313e-001	  2.8203599e-001	  1.0377013e+000	  3.8123961e-001	  4.2291734e-001	  7.4354219e-001	 -1.1890784e+000	  9.1765224e-001	 -4.9375921e-001	
  3.2668640e-001	 -3.1157506e-001	  9.5589274e-001	 -2.1397115e-001	  1.3957712e+000	  1.6728077e-001	  1.3278796e-001	 -2.6127013e-002	  6.6617866e-001	  5.8230098e-001	 -1.5488914e-001	
  9.0077356e-002	 -4.9662397e-001	  7.6871612e-002	 -8.8404152e-001	  3.8226605e-002	 -7.0975330e-001	 -2.6960870e-002	  1.8701598e-001	  4.6874333e-001	  3.6738594e-001	 -7.7255829e-002	
 -3.9503117e-001	  5.5689637e-001	  6.1256039e-001	 -3.5105175e-001	 -3.2745560e-001	  3.1305580e-001	 -4.1151023e-004	  1.3341547e-001	 -1.2397536e-001	 -4.9558343e-001	  1.6779256e-001	
  1.1591507e-001	  4.3748578e-001	 -4.6597537e-001	  3.7993240e-001	  9.5596846e-001	 -2.2179778e-001	 -1.8700795e-001	  3.5105438e-001	  1.0778804e-001	  7.6488804e-002	  3.2665747e-001	
 -2.2019801e-001	  3.5154851e-001	  7.9068331e-001	  1.0570137e+000	  1.7104267e+000	 -6.1501729e-001	 -6.1465268e-001	  4.9393739e-001	 -4.5145898e-001	 -1.6200075e+000	 -5.3741030e-001	
 -6.5890404e-001	 -3.8141173e-001	  1.2459325e-002	 -2.6979113e-002	 -3.8203148e-001	 -1.6932099e-001	 -6.4600061e-001	  5.5342843e-001	 -2.4079766e-001	 -4.6690852e-001	  5.1386964e-002	
 -1.9396897e-001	  1.9951091e-001	  1.2860510e-001	  4.0848228e-001	 -2.6129854e-002	  5.2309713e-001	  3.5170341e-001	  2.6977148e-002	  4.9721754e-002	 -2.4792731e-001	  2.9974400e-001	
  5.5208791e-001	  5.2643243e-001	  1.6760999e-001	  2.1364382e-001	 -3.2745560e-001	  6.1297707e-001	  4.8130055e-001	  8.1207382e-001	  4.0620706e-001	  1.9347820e-001	  1.9389828e-001	
 -1.6786370e-001	  2.6790338e-001	 -1.2942357e-001	  4.8124889e-001	  1.2776270e+000	  1.0226825e-001	  5.5644021e-001	  7.1038491e-001	 -1.1890784e+000	  7.0739402e-001	 -4.3687687e-001	
  5.5208791e-001	  5.8782850e-001	  4.6515690e-001	  7.9326111e-002	  9.1725658e-001	 -6.7755488e-001	 -2.9567955e-001	  4.9393739e-001	  1.1438264e+000	  8.8014284e-001	  5.3730176e-001	
  7.2310115e-001	  1.0590536e+000	 -9.9680151e-001	  8.0229978e-001	  1.2243283e+000	 -7.4264762e-001	 -1.5224549e+000	  1.0001343e+000	  1.6618016e-001	 -5.2464096e-001	 -1.8184394e+000	
  3.8120217e-001	  1.0159736e+000	 -1.2783510e+000	 -1.0844243e+000	 -2.2549961e+000	 -8.4619950e-001	 -1.5224549e+000	  3.0944864e-001	  5.0053880e-001	 -7.0913480e-001	 -1.9400683e-001	
 -5.1460097e-002	  6.5026082e-002	 -1.8206620e+000	  1.0140647e+000	  1.3345337e+000	  2.7280431e-001	 -1.5224549e+000	  1.0844373e+000	  9.2552738e-001	  2.9954005e-001	 -1.2909629e-002	
 -2.9981288e-001	  2.5019492e-002	 -3.5462023e-001	  5.2704664e-002	  2.7299284e-001	  4.3698415e-001	 -1.5224549e+000	 -5.5639385e-001	  1.0519872e+000	  5.2290018e-001	 -2.2023632e-001	
 -1.1256193e+000	 -4.0977011e-001	 -6.1337885e-001	  8.0229978e-001	  1.4623059e+000	  4.3698415e-001	 -1.5224549e+000	 -7.9329584e-002	 -1.5303996e-001	 -1.4649632e+000	 -1.0370193e+000	
  2.9977340e-001	  1.9951091e-001	 -1.6842846e-001	  3.5166026e-001	  1.0810861e+000	  1.5373282e+000	 -1.5224549e+000	  9.6020513e-001	  6.3203015e-001	  7.6488804e-002	 -8.7927221e-001	
 -4.7936250e-001	 -2.5661114e-001	 -5.8298998e-001	  4.3733618e-001	  6.7505266e-001	 -1.3025072e-001	 -1.5224549e+000	 -4.6653108e-001	  6.2975146e-003	 -1.2012588e+000	 -3.4030475e-001	
 -3.2672588e-001	 -9.4889302e-002	  7.3997713e-001	  1.1017622e+000	  2.4160515e+000	 -5.3982976e-001	 -1.5224549e+000	  4.3589672e-001	  1.3693401e-001	 -7.4200737e-001	  2.2012777e-001	
  2.4652951e-001	  4.6676075e-001	 -1.0384393e+000	  6.9945931e-001	  8.4342486e-001	 -1.3910242e-002	 -1.5224549e+000	 -4.3734473e-001	  8.0935908e-001	  3.7782364e-002	 -6.4328793e-001	
  3.8553587e-002	 -2.5661114e-001	 -7.0795633e-001	  6.0282842e-001	  5.5232712e-001	 -8.8261646e-001	 -1.5224549e+000	 -3.7994013e-001	 -9.4973675e-002	 -2.4196200e+000	 -3.8128272e-001	
 -2.1317975e+000	 -5.5629565e-001	  4.0888901e-001	  1.8656054e-001	  7.7364138e-001	  1.4121089e-001	 -1.5224549e+000	 -1.5960967e-001	  1.0970374e+000	  6.7521689e-001	 -5.3741030e-001	
  6.4295581e-002	  7.5110017e-001	 -7.7439476e-001	  3.2364114e-001	  5.8222544e-001	  6.3470299e-002	 -1.5224549e+000	  4.9393739e-001	  3.4488277e-001	 -8.8188362e-001	 -2.5985255e-001	
 -3.9503117e-001	 -1.6184292e-001	 -6.4430354e-001	  1.5960506e-001	  5.0831662e-001	  6.4395359e-001	 -1.5224549e+000	 -1.8656554e-001	  9.6638126e-001	  6.1272066e-001	 -2.5985255e-001	
 -1.2233885e+000	  2.9556962e-001	 -1.7111255e+000	 -2.6828428e-001	 -1.6841827e-001	  3.1305580e-001	 -1.5224549e+000	 -3.2364807e-001	  2.8456035e-001	  2.1976125e-001	  2.4649920e-001	
  1.3946030e+000	  1.8091632e+000	  1.2775325e+000	  1.1976810e+000	 -1.8207481e+000	  8.6223512e-001	  1.3045863e+000	 -1.5704566e+000	 -1.1890784e+000	  1.1747231e+000	  1.1731436e+000	
  1.1255798e+000	  1.6150501e+000	  1.5353646e+000	  1.6547291e+000	 -9.5674696e-001	  2.1365610e+000	  2.1876649e+000	 -1.2495267e+000	 -1.1890784e+000	  2.1352969e+000	  1.2233354e+000	
  1.2495564e+000	  1.4983401e+000	  1.8198435e+000	  1.8638696e+000	  6.3996980e-002	  9.5688497e-001	  1.3632855e+000	 -1.0140814e+000	 -1.1890784e+000	  1.7115803e+000	  1.6157834e+000	
  1.3334330e+000	  1.6150501e+000	  2.4158907e+000	  2.4786871e+000	  1.2480056e-002	  5.8253724e-001	  1.1977798e+000	 -1.8638984e+000	 -1.1890784e+000	  1.3966240e+000	  1.5341438e+000	
  8.0755458e-001	  1.2001501e+000	  1.2242370e+000	  9.7271188e-001	 -6.4432108e-001	  1.2519578e+000	  1.4950825e+000	 -1.4263607e+000	 -1.1890784e+000	  1.6182667e+000	  1.3945924e+000	
  1.2495564e+000	  1.3972117e+000	  1.9545259e+000	  2.0027933e+000	 -5.5310563e-001	  1.7125640e+000	  1.8640121e+000	 -2.1875345e+000	 -1.1890784e+000	  1.4632224e+000	  1.3334213e+000	
  1.7089121e+000	  2.0077184e+000	  2.1335946e+000	  2.1875011e+000	 -5.2365985e-001	  1.3360627e+000	  1.4264519e+000	 -1.3045014e+000	 -1.1890784e+000	  1.2783670e+000	  9.9531570e-001	
  1.5341520e+000	  1.8091632e+000	  1.1739936e+000	  8.5663090e-001	 -9.0585688e-002	  5.5259055e-001	  1.1018546e+000	 -1.6547549e+000	 -1.1890784e+000	  1.2250174e+000	  5.8192874e-001	
  2.1317580e+000	  2.4850639e+000	  1.1263657e+000	  5.5638361e-001	 -2.2549961e+000	  2.4193304e+000	  2.4788701e+000	 -1.1977004e+000	 -1.1890784e+000	  1.5364604e+000	  1.7089068e+000	
  1.0369275e+000	  1.2521337e+000	  1.4622007e+000	  1.4949642e+000	 -8.8056150e-001	  1.1753514e+000	  1.6114452e+000	 -1.7509109e+000	 -1.1890784e+000	  1.9560467e+000	  2.4137665e+000	
  1.0802646e+000	  1.3972117e+000	  1.3956698e+000	  1.4263381e+000	 -1.6179808e+000	  9.9704247e-001	  1.2496088e+000	 -1.3631975e+000	 -1.1890784e+000	  2.4178792e+000	  2.1317600e+000	
  1.6157903e+000	  2.1929896e+000	  1.3344359e+000	  1.3044805e+000	 -8.4420337e-001	  1.4640417e+000	  1.6114452e+000	 -2.4787246e+000	 -1.1890784e+000	  1.5428064e-001	  1.9528751e+000	
  3.5382177e-001	  1.1508724e+000	  1.6170880e+000	  1.5704320e+000	 -4.2366016e-001	  1.8222840e+000	  2.0029450e+000	 -1.4949877e+000	 -1.1890784e+000	  1.8212277e+000	  1.8183309e+000	
  1.1731580e+000	  1.3072754e+000	  1.7103071e+000	  1.7508837e+000	 -7.0797758e-001	  1.1276437e+000	  1.7510189e+000	 -2.0028241e+000	 -1.1890784e+000	  1.3353280e+000	  1.1255646e+000	
 -1.2874877e-002	  3.9418894e-001	 -1.0818216e+000	 -1.5223748e+000	 -1.1272298e+000	  1.0226825e-001	  2.1367789e-001	 -5.1099940e-001	  3.7540710e-001	  2.4618653e-001	 -3.4030475e-001	
 -8.0759406e-001	  6.1926998e-001	 -1.6179065e+000	 -1.5223748e+000	  3.6751555e-001	 -2.4824055e-001	 -2.1396521e-001	 -5.2707760e-002	  7.7245702e-001	  4.3684415e-001	 -7.0687542e-001	
  2.7306126e-001	  7.8586314e-001	 -2.2548847e+000	 -1.5223748e+000	 -9.1803509e-001	 -2.1386013e+000	 -1.5224549e+000	 -1.0570310e+000	  2.1027948e-001	  2.7277291e-001	 -9.5537508e-001	
  6.1231047e-001	  8.5805957e-001	 -1.3352544e+000	 -1.5223748e+000	 -4.2366016e-001	 -7.8430507e-002	 -1.6016034e-001	 -2.1364920e-001	 -2.9996694e-001	 -5.5411487e-001	  8.7916367e-001	
 -9.0116839e-002	 -1.3500741e-001	 -2.2548847e+000	 -1.5223748e+000	 -6.1339460e-001	 -3.4219101e-001	  1.5963557e-001	  4.0734644e-001	  5.9843485e-001	  4.9384265e-001	  1.1588252e-001	
  1.8086249e-001	 -1.6173112e-003	 -1.1748121e+000	 -1.5223748e+000	  1.4161199e-001	 -3.9698448e-002	 -1.0672372e-001	 -2.5455555e-001	  7.0092927e-001	  8.0836679e-001	  1.2801083e-002	
  4.0885155e-001	  6.8386546e-001	 -1.9553444e+000	 -1.5223748e+000	 -7.7441988e-001	 -5.8457746e-001	  1.0603230e-001	  5.8380016e-001	  5.3272867e-001	  3.6738594e-001	  9.0044369e-002	
  5.5208791e-001	  6.5126583e-001	 -5.2364934e-001	 -1.5223748e+000	  1.1567338e-001	  7.2406935e-001	  7.8472565e-001	  8.8405171e-001	  1.0084885e+000	  7.7389981e-001	 -3.8628263e-002	
  6.4320290e-001	  8.2148787e-001	 -1.2250554e+000	 -1.5223748e+000	  5.0831662e-001	  2.1975756e-001	  7.9351345e-002	 -2.9585816e-001	  2.1027948e-001	 -3.0128083e-001	 -1.0803571e+000	
 -7.0682877e-001	  6.5026082e-002	 -1.3964883e+000	 -1.5223748e+000	 -2.7377135e-001	 -3.8327983e-001	 -5.3841581e-001	  6.7788395e-001	 -6.6016743e-002	 -1.1058191e+000	  9.5526653e-001	
  9.9533317e-001	  1.1039386e+000	 -9.5671121e-001	 -1.5223748e+000	 -1.7112053e+000	  6.7551466e-001	  6.5052886e-001	  2.1397184e-001	  5.6534805e-001	  1.2011215e-002	  2.7303141e-001	
 -1.2889950e-001	 -2.8245909e-002	 -1.1271841e+000	 -1.5223748e+000	 -1.9455232e-001	 -4.2497586e-001	 -4.7930793e-001	  4.2915739e-004	  1.6209343e+000	  1.0816383e+000	  4.9365067e-001	
 -6.1234996e-001	  1.3197970e-001	 -1.4630192e+000	 -1.5223748e+000	 -9.9683960e-001	  4.3698415e-001	  7.5006613e-001	  8.4759072e-001	  7.8723436e-002	 -1.9521898e-001	 -1.5488914e-001	
  8.4286505e-001	  7.1712342e-001	 -3.2745653e-001	 -1.5223748e+000	 -1.4630844e+000	  9.1811046e-001	  8.3835206e-001	  6.1463865e-001	 -2.7030247e-001	 -7.7564059e-001	  8.0753389e-001	
  1.8183342e+000	 -1.4930252e+000	  7.0713786e-001	 -4.3149941e-004	 -6.4775487e-002	 -2.1386013e+000	  2.6830717e-001	 -8.5664540e-001	  2.5471502e-001	  4.0884280e-001	  1.0802486e+000	
 -9.1665494e-001	 -1.4930252e+000	 -1.5361830e+000	 -1.5223748e+000	 -2.2081028e-001	 -4.9606059e-001	  3.9432989e-002	 -6.3445610e-001	 -3.5986050e-001	 -5.8404176e-001	 -7.7324568e-001	
  4.6506075e-001	 -1.4930252e+000	 -3.0051542e-001	 -9.2154243e-001	 -1.4239050e-001	 -1.1773917e+000	 -4.3590153e-001	 -6.3445610e-001	 -5.1399525e-001	 -3.2824925e-001	 -4.0893257e-001	
  1.9528762e+000	 -1.4930252e+000	 -1.9456099e-001	 -8.4758104e-001	 -1.9554383e+000	 -1.3381029e+000	  2.4090952e-001	 -9.3279883e-001	 -1.1890784e+000	 -8.1010758e-001	 -8.0764243e-001	
 -1.5737891e+000	 -1.4930252e+000	 -3.9022842e-002	 -7.1037718e-001	 -1.0384798e+000	 -1.8243242e+000	 -3.5105481e-001	 -1.1249036e+000	 -4.2065902e-001	 -1.5602142e-001	 -7.3968099e-001	
  9.5528469e-001	 -1.4930252e+000	 -8.8053019e-001	 -1.6016982e-001	  7.0719907e-001	 -1.7146042e+000	 -3.7907579e-001	 -1.1249036e+000	  7.3633564e-001	  9.9653204e-001	  1.4179301e-001	
  2.2015853e-001	 -1.4930252e+000	  1.9374252e-001	 -6.1463228e-001	  1.8199696e+000	 -1.5393684e+000	  1.8659283e-001	 -6.8297860e-001	 -1.1890784e+000	 -3.9669518e-001	 -6.7476386e-001	
  6.7467828e-001	 -1.4930252e+000	 -6.4791716e-002	 -5.3840042e-001	 -1.0818646e+000	 -1.1296839e+000	  6.1862823e-001	 -5.8723235e-001	 -1.8218593e-001	 -4.3858494e-001	 -4.6514273e-001	
  7.2310115e-001	 -1.4930252e+000	  5.8217151e-001	 -2.9568013e-001	  8.9807181e-002	 -1.2277192e+000	  8.9421063e-001	 -3.5166760e-001	 -1.1890784e+000	 -1.1058191e+000	 -8.7927221e-001	
  2.4137597e+000	 -1.4930252e+000	 -3.9583314e-001	 -5.3534908e-002	  1.9377381e-001	 -1.2811042e+000	  3.0975947e-001	 -8.2018441e-001	 -5.4579072e-001	 -6.4541748e-001	 -6.1239498e-001	
 -2.4137992e+000	 -1.4930252e+000	 -8.4417417e-001	 -1.3341593e-001	  1.1264513e+000	 -1.4660819e+000	  4.2291734e-001	 -7.3297923e-001	 -4.8256151e-001	 -6.7695768e-001	 -2.9985255e-001	
  9.1661546e-001	 -1.4930252e+000	 -2.6047434e-001	 -8.0115277e-002	 -1.2251068e+000	 -1.3994395e+000	  8.3835206e-001	 -5.1099940e-001	 -1.1890784e+000	 -9.3860411e-001	 -7.7255829e-002	
  8.7918314e-001	 -1.4930252e+000	 -2.6047434e-001	 -6.7787669e-001	 -4.6598252e-001	 -1.6212289e+000	  6.8303149e-001	 -7.8466752e-001	 -1.1890784e+000	 -1.0399528e+000	 -1.1256731e+000	
  1.4610645e+000	 -1.4930252e+000	  3.8204374e-002	 -2.4105443e-001	  2.4643183e-001	 -2.1386013e+000	 -5.3841581e-001	 -9.7272803e-001	 -3.2981227e-001	 -6.5318144e-002	 -5.8203728e-001	
 -2.5981357e-001	  3.2344391e-001	  6.7499332e-001	 -4.9393273e-001	 -1.5362525e+000	  1.9571922e+000	  1.1486488e+000	  1.5223940e+000	  1.6209343e+000	  1.0382120e+000	  1.2765763e+000	
 -9.5532418e-001	 -3.5330713e-001	  3.8121075e-001	 -5.8379422e-001	 -2.4721034e-001	  1.1870021e-002	 -7.6040708e-001	  1.6016975e-001	  1.6209343e+000	  1.5428064e-001	  4.3676832e-001	
  4.9367674e-001	  8.9567488e-001	  9.9598304e-001	  1.2495066e+000	  1.5751153e+000	  7.2406935e-001	  4.8130055e-001	 -2.5455555e-001	  1.6209343e+000	  9.5640109e-001	  1.4610550e+000	
 -1.0369670e+000	 -6.1769172e-001	  1.0810031e+000	  1.1485532e+000	  1.5751153e+000	 -9.5892519e-001	 -4.7930793e-001	  5.3533319e-002	  1.6209343e+000	  4.6516774e-001	  7.3957245e-001	
 -5.1460097e-002	  4.9639885e-001	  4.3686200e-001	 -3.2326223e-001	 -6.7583117e-001	 -8.1079291e-001	 -9.2158301e-001	  6.4598496e-001	  1.6209343e+000	 -3.5544049e-001	  5.3730176e-001	
 -8.7922262e-001	 -9.4889302e-002	  2.4639747e-001	 -7.9463355e-001	 -1.1645189e-001	 -1.0407902e+000	 -7.6040708e-001	  9.2155315e-001	  1.6209343e+000	 -8.4549075e-001	  9.1659663e-001	
 -1.8183737e+000	 -5.8675959e-001	  8.6140130e-001	  2.6124295e-002	  4.0893284e-001	  1.0387500e+000	  1.0141514e+000	  7.7741609e-001	  1.6209343e+000	 -3.9669518e-001	  4.0882403e-001	
 -2.5981357e-001	  1.0514419e-001	  2.8630311e-001	 -6.4597815e-001	 -1.2784055e+000	  3.5378467e-001	  3.0975947e-001	  9.3418805e-002	  1.6209343e+000	  1.1530314e-001	  6.5884131e-001	
 -1.9529156e+000	 -5.2626207e-001	  6.4348507e-001	 -1.0673672e-001	  3.6751555e-001	 -1.9549733e-001	 -8.0100528e-002	  3.0944864e-001	  1.6209343e+000	 -9.1153006e-002	  7.7313714e-001	
 -1.3334724e+000	 -2.1580837e-001	  2.8630311e-001	 -7.4353399e-001	 -1.3353122e+000	 -9.2015068e-001	 -1.0844756e+000	 -8.9414685e-001	  1.6209343e+000	  3.2650846e-001	  6.1228644e-001	
 -6.5890404e-001	 -4.3840708e-001	 -9.0600413e-002	  7.4999680e-001	  2.9973442e-001	 -4.6736670e-001	 -6.7790124e-001	  3.7907391e-001	  1.6209343e+000	  6.4367670e-001	  1.0369107e+000	
 -1.2766284e+000	 -4.6734900e-001	  3.2663806e-001	 -4.3589289e-001	 -3.2745560e-001	  1.6191887e+000	  1.0571032e+000	  1.0414877e+000	  1.6209343e+000	 -1.3751996e-002	  3.5379330e-001	
 -1.7089516e+000	  2.4042396e-001	 -4.3768047e-001	  2.8203599e-001	 -2.6129854e-002	 -1.3025072e-001	 -1.3340468e-001	  2.4105551e-001	  1.6209343e+000	 -6.1446145e-001	  6.5884131e-001	
 -1.1731975e+000	 -5.4882712e-002	  5.5227493e-001	 -3.7907088e-001	 -1.3965497e+000	  1.9345711e-001	 -5.3518410e-002	  9.3418805e-002	  1.6209343e+000	 -1.5602142e-001	  7.0676687e-001	
  1.2835394e-002	 -9.8416383e-001	 -5.5309340e-001	 -1.0001225e+000	  1.9377381e-001	  4.9402037e-001	  3.9432989e-002	  1.5223940e+000	 -1.1890784e+000	 -1.2012588e+000	 -1.5342523e+000	
 -1.0803041e+000	 -1.4930252e+000	  1.2860510e-001	  2.4087366e-001	  4.3690747e-001	 -7.8430507e-002	 -3.2326347e-001	  1.5223940e+000	 -5.7798059e-001	 -3.9523146e-002	 -1.3046163e+000	
 -5.2271404e-001	 -8.1572636e-001	 -6.7581179e-001	  6.9945931e-001	  7.4004026e-001	 -5.3982976e-001	 -7.1040387e-001	  1.5223940e+000	 -1.1890784e+000	 -1.2801077e+000	 -9.9542424e-001	
 -4.7936250e-001	 -8.8792279e-001	  4.9380277e-001	 -4.0734301e-001	  1.9377381e-001	 -2.7484453e-001	 -8.2974493e-001	  1.5223940e+000	 -1.1890784e+000	 -1.8864074e+000	 -1.9529836e+000	
  1.4182511e-001	 -9.8416383e-001	 -7.4079560e-001	  9.3278325e-001	  6.4354257e-001	  2.4620033e-001	 -2.5464656e-001	  1.5223940e+000	 -1.1890784e+000	 -1.8864074e+000	 -2.1318686e+000	
 -1.3946425e+000	 -6.4913320e-001	 -2.2081742e-001	  4.8124889e-001	  1.1740820e+000	 -3.4219101e-001	 -1.0001682e+000	  1.5223940e+000	 -1.1890784e+000	 -1.8864074e+000	 -1.3046163e+000	
 -1.4611040e+000	 -9.8416383e-001	  8.6140130e-001	 -1.8701567e-001	  4.6520401e-001	  8.0875269e-001	  5.2606692e-001	  1.5223940e+000	 -2.1143208e-001	 -1.3370688e+000	 -1.4611636e+000	
 -7.3963379e-001	 -1.4930252e+000	  2.1999895e-001	  1.3275921e-001	  9.9606109e-001	 -9.9908269e-001	 -5.8381259e-001	  1.5223940e+000	 -1.1890784e+000	  1.1270469e+000	 -1.2234440e+000	
 -1.2889950e-001	 -7.8096339e-001	  3.5380177e-001	 -9.6019386e-001	 -1.1748605e+000	  1.3973993e+000	  7.1619048e-001	  1.5223940e+000	 -1.1890784e+000	 -1.5382012e+000	 -1.6607768e+000	
 -7.7319790e-001	 -7.4698664e-001	 -3.9583314e-001	  6.0282842e-001	  8.7978299e-001	  1.2519578e+000	  9.3286460e-001	  1.5223940e+000	 -1.1890784e+000	 -1.8864074e+000	 -8.7927221e-001	
 -3.9503117e-001	 -8.5135109e-001	  7.6871612e-002	  5.2601232e-001	  6.1261609e-001	  1.0822051e+000	  9.7279586e-001	  1.5223940e+000	  6.2975146e-003	  8.4374997e-001	 -1.1732522e+000	
 -9.9537266e-001	 -6.8112905e-001	  5.2283087e-001	 -5.3840042e-001	 -4.9463006e-001	  8.6223512e-001	  3.7997740e-001	  1.5223940e+000	 -1.1890784e+000	 -1.3983648e+000	 -1.3947009e+000	
 -8.4290453e-001	 -9.8416383e-001	  7.9068331e-001	  1.3631758e+000	  2.1337389e+000	  3.7658228e-002	 -2.5464656e-001	  1.5223940e+000	 -1.1890784e+000	 -9.3860411e-001	 -2.4138751e+000	
 -1.5737891e+000	 -7.1372868e-001	  1.0376208e+000	  8.9413181e-001	  1.9546598e+000	 -4.2497586e-001	 -9.6023698e-001	  1.5223940e+000	 -3.9013469e-001	 -9.9827282e-001	 -1.6607768e+000	
