 -9.1656201e-001	  9.0891669e-002	  3.8118391e-001	 -7.7740889e-001	 -5.0812763e-001	 -1.6843337e-001	 -1.6016470e-001	  6.6186140e-001	  3.2800275e-003	 -4.3774285e-001	 -1.3940766e-002	
  1.2849675e-002	  5.5743084e-001	  3.8569328e-002	 -2.9568159e-001	 -1.0803123e+000	 -1.0174632e+000	 -5.2348427e-001	  4.0734989e-001	 -1.0945479e-001	 -8.0891613e-001	  2.9955812e-001	
 -1.2858421e-002	  7.1813959e-001	  8.4280097e-001	  1.0600387e-001	 -2.7304413e-001	 -6.7584232e-001	 -4.2158276e-001	 -1.1017502e+000	  6.9354541e-001	  7.0715849e-001	  7.7423107e-001	
  2.2015527e-001	  1.5824540e-001	 -8.7911580e-001	 -1.0001240e+000	 -2.4651025e-001	 -4.0566851e-004	 -8.0108231e-002	 -2.9584239e-001	 -1.6611965e-001	 -5.2371795e-001	  3.2654435e-001	
  2.7305353e-001	  3.2327653e-001	  5.6692499e-001	  8.3827551e-001	  1.9531116e+000	 -2.2082498e-001	  1.2853626e-002	 -6.1855723e-001	  6.2647584e-001	  1.0268308e-001	 -3.8330975e-001	
 -6.4314254e-002	  3.7990925e-001	  4.6503416e-001	 -9.3421282e-002	 -1.0369717e+000	 -7.4082941e-001	 -1.5224023e+000	 -3.9402005e-002	  1.0791353e+000	  8.4338622e-001	  1.3360299e+000	
  5.9703264e-001	  1.0392803e+000	 -1.1592348e-001	  4.3733474e-001	  6.1243823e-001	  9.1723302e-001	  5.8724471e-001	  2.1397868e-001	 -4.7377650e-001	 -1.3966202e+000	  1.0821728e+000	
 -2.2016401e-001	 -1.5000070e-001	  1.8086411e-001	 -9.2154391e-001	 -7.7318147e-001	 -9.0601401e-002	  9.7274415e-001	  1.0414801e+000	  5.6156440e-001	  7.4000014e-001	  6.7548300e-001	
 -1.6156777e+000	 -5.5910788e-001	  9.0087984e-002	  7.1612195e-001	 -3.2667358e-001	 -5.1902338e-002	  8.9416220e-001	 -8.2015945e-001	  5.9377262e-001	  2.1998426e-001	  3.7627618e-002	
 -1.9393719e-001	  2.3954926e-002	 -4.6503451e-001	 -6.4597962e-001	 -1.6779863e-001	 -6.2879950e-001	 -4.6474896e-001	  9.6019890e-001	 -1.3774761e-001	 -8.8062468e-001	 -3.5585486e-001	
  5.9703264e-001	  9.7628458e-001	 -2.7305408e-001	  2.6826807e-001	  8.7933234e-001	 -1.2784119e+000	 -9.6020790e-001	 -3.2363181e-001	  2.1592429e-001	 -1.9460574e-001	 -1.4328143e-001	
 -9.5522798e-001	  2.4000698e-001	  7.0673872e-001	 -3.3713116e-001	 -9.9537408e-001	  1.6762204e-001	  1.0601682e-001	  8.1207018e-001	  3.7666713e-001	 -3.5467659e-001	  1.4118011e-001	
 -7.7311711e-001	 -8.2929103e-002	  3.1319196e-001	  4.6652068e-001	  3.2679121e-001	 -1.4240581e-001	 -4.9393560e-001	  1.3342373e-001	  3.4695334e-001	  1.4156336e-001	  6.3439648e-002	
  4.3677377e-001	  9.3611374e-001	  7.7310126e-001	  4.9606865e-001	  1.7613886e+000	 -4.0566851e-004	 -1.0673032e-001	 -4.3732647e-001	 -5.5140441e-001	 -1.0819307e+000	  8.2630392e-001	
 -2.8639341e-001	  1.5824540e-001	 -1.9393015e-001	  5.2601089e-001	  4.0896296e-001	  8.0805275e-001	  4.0850103e-001	  3.7907785e-001	 -6.7124858e-002	 -9.5681123e-001	 -1.0408191e+000	
 -9.9527307e-001	 -1.4648951e+000	 -7.0673906e-001	  7.8465262e-001	  1.2235258e+000	  8.9790064e-002	  2.2725363e-001	  3.3713682e-001	  2.1592429e-001	 -2.2086407e-001	 -6.7758432e-001	
 -1.4183723e-001	 -3.8369819e-001	 -9.5520980e-001	  5.5638218e-001	  7.3973229e-001	 -4.8027319e-001	 -1.5224023e+000	 -1.1936322e-001	  1.1615439e-001	 -6.1345398e-001	 -8.1082213e-001	
 -1.3333443e+000	  1.5824540e-001	 -4.9364766e-001	 -7.2687140e-001	  2.1320079e+000	 -1.5362570e+000	 -1.5224023e+000	  5.8380052e-001	 -2.4873249e-002	 -6.4438090e-001	 -2.2182796e-001	
 -2.4135796e+000	 -6.2068853e-001	 -1.1730615e+000	  9.7271046e-001	 -1.6779863e-001	  6.9102102e-001	 -1.5224023e+000	 -7.9317604e-002	  4.0664922e-001	 -4.9468775e-001	 -6.1504682e-001	
  7.0674485e-001	  6.8478165e-001	 -1.2232475e+000	  8.9413040e-001	  4.7944009e-001	 -8.6225971e-001	 -1.5224023e+000	  5.5342933e-001	  9.9293779e-001	  1.8064434e-001	 -9.9911160e-001	
 -6.7464531e-001	  9.0891669e-002	 -1.0368445e+000	 -3.3713116e-001	 -8.7921471e-001	 -1.1272375e+000	 -1.5224023e+000	  8.6569289e-001	  5.9629991e-002	 -1.2784743e+000	 -6.5540960e-002	
  3.8118528e-001	  5.0696534e-002	  1.4183061e-001	 -8.4758252e-001	 -2.1318902e+000	  5.5230640e-001	 -1.5224023e+000	 -3.9402005e-002	  1.4452643e-001	 -8.4426603e-001	 -8.8264556e-001	
 -5.3730573e-001	 -3.5550910e-001	 -7.7192744e-002	  1.8655910e-001	 -2.2013715e-001	  1.9375589e-001	 -1.5224023e+000	 -1.1936322e-001	  7.2801161e-001	  2.7294608e-001	 -2.8824316e-001	
 -4.7930657e-001	  5.2687531e-001	 -3.4021105e-001	  8.3827551e-001	  1.0370894e+000	 -5.3834075e-001	 -1.5224023e+000	  4.7930307e-001	  5.2981119e-001	  6.3947243e-002	 -4.3905420e-001	
  2.9976340e-001	  5.8845596e-001	 -4.0883089e-001	  7.4999538e-001	  1.2767701e+000	 -9.5675593e-001	 -1.5224023e+000	 -4.0847267e-001	  9.1217957e-001	  3.2663110e-001	 -1.8242501e-001	
  4.0883232e-001	  2.9531844e-001	 -4.0883089e-001	  1.2495052e+000	  5.5221082e-001	  2.9971567e-001	 -1.5224023e+000	 -5.2600232e-001	  1.0352814e+000	  5.5228434e-001	 -6.7758432e-001	
 -1.7087916e+000	  4.9675144e-001	 -8.0749435e-001	  1.0140633e+000	  6.4333314e-001	 -3.2746947e-001	 -1.5224023e+000	 -2.5454050e-001	 -6.7124858e-002	 -9.9690443e-001	 -3.9728930e-002	
  5.5205656e-001	  8.5949945e-001	  8.7911545e-001	 -2.6980564e-002	  1.5343539e+000	 -4.8027319e-001	 -1.5224023e+000	  1.6017753e-001	  4.3692587e-001	 -1.0385452e+000	 -6.7758432e-001	
  4.6503676e-001	  6.1999197e-001	 -5.2264260e-001	 -3.7907234e-001	  7.7329910e-001	  5.9733552e-001	 -1.5224023e+000	 -5.8721147e-001	  2.5917989e-001	 -1.3309399e-002	  2.7277331e-001	
 -5.8192817e-001	  2.1261196e-001	  6.5881874e-001	  3.9408931e-002	  8.0769803e-001	 -2.4722483e-001	 -1.5224023e+000	  5.2348719e-001	  4.6752492e-001	 -1.1749279e+000	 -3.2864566e-001	
  7.3954709e-001	  1.3100658e+000	  1.8181733e+000	  1.8638682e+000	  5.2279511e-001	  1.0591372e+000	  1.2232691e+000	 -1.4949509e+000	 -1.3504105e+000	  2.4160353e+000	  2.1365270e+000	
  9.9526432e-001	  1.5776305e+000	  2.1315660e+000	  2.1874997e+000	 -3.8517614e-002	  2.4160163e+000	  2.4787555e+000	 -1.5704185e+000	 -1.3504105e+000	  1.1740481e+000	  9.9701029e-001	
  1.7087828e+000	  2.4913952e+000	  1.3333202e+000	  1.3044791e+000	 -9.5532238e-001	  1.4622781e+000	  1.8639232e+000	 -1.2494942e+000	 -1.3504105e+000	  1.6171747e+000	  1.2790313e+000	
  7.7310837e-001	  1.4002725e+000	  1.4609391e+000	  1.4949628e+000	 -1.1732132e+000	  2.1337059e+000	  2.1875625e+000	 -1.1485412e+000	 -1.3504105e+000	  1.3957404e+000	  1.1753190e+000	
  8.7912411e-001	  1.2547584e+000	  1.9527019e+000	  2.0027919e+000	  9.5544001e-001	  1.1740565e+000	  1.4950090e+000	 -1.1976688e+000	 -1.3504105e+000	  1.9546370e+000	  1.9571584e+000	
  1.1025805e+000	  1.7591769e+000	  1.7087620e+000	  1.7508823e+000	 -5.5209319e-001	  1.9546282e+000	  2.0028503e+000	 -2.0027784e+000	 -1.3504105e+000	  1.3345020e+000	  1.3973664e+000	
  1.2232608e+000	  1.6624390e+000	  1.3944842e+000	  1.4263367e+000	 -1.2496177e+000	  8.7975972e-001	  1.3632175e+000	 -1.3631630e+000	 -1.3504105e+000	  1.5354452e+000	  1.8222505e+000	
  8.4280910e-001	  1.4002725e+000	  1.2232471e+000	  9.3278183e-001	 -1.3946760e+000	  1.1264261e+000	  1.3045207e+000	 -1.3044679e+000	 -1.3504105e+000	  1.2775945e+000	  8.2630392e-001	
  1.5340376e+000	  2.0976732e+000	  2.4135397e+000	  2.4786857e+000	  1.4272928e+000	  8.4340187e-001	  1.2232691e+000	 -1.8638551e+000	 -1.3504105e+000	  8.0803632e-001	  1.6191555e+000	
  1.3333355e+000	  2.0976732e+000	 -9.9525431e-001	 -8.8404300e-001	 -9.0045523e-002	  1.3055622e+000	  1.6547777e+000	 -1.4263251e+000	 -1.3504105e+000	  1.8199448e+000	  2.4192959e+000	
  1.1730742e+000	  1.8728481e+000	  1.2764818e+000	  1.0570122e+000	 -1.9529940e+000	  1.3055622e+000	  1.7509346e+000	 -1.7508696e+000	 -1.3504105e+000	  2.1337186e+000	  1.7125306e+000	
  6.7463657e-001	  1.2026184e+000	  1.6156495e+000	  1.6547277e+000	 -7.2312018e-001	  1.5354457e+000	  1.5704786e+000	 -2.1874855e+000	 -1.3504105e+000	  1.2242951e+000	  9.5685285e-001	
 -1.2765051e+000	  8.9722784e-001	  1.5340194e+000	  1.5704306e+000	 -9.1665004e-001	 -1.9456722e-001	  1.1017975e+000	 -1.6547153e+000	 -1.3504105e+000	  1.4622761e+000	  1.2256465e+000	
  8.0750162e-001	  1.5017049e+000	  1.1254877e+000	  3.3761913e-001	 -1.2496177e+000	  1.0591372e+000	  1.4263813e+000	 -2.4786706e+000	 -1.3504105e+000	  1.7104004e+000	  1.5372951e+000	
  6.4316384e-001	  7.5221850e-001	 -8.4280131e-001	 -1.5223763e+000	 -3.9498435e-001	 -1.0174632e+000	 -4.2158276e-001	  1.0674461e-001	  6.5971757e-001	  5.2283814e-001	  1.6724995e-001	
 -1.2232696e+000	 -8.2929103e-002	 -1.1254880e+000	 -1.5223763e+000	 -1.3335010e+000	 -1.0818726e+000	 -5.5342723e-001	  4.7930307e-001	 -3.0982593e-001	 -7.2436838e-001	  1.1276113e+000	
  1.1592063e-001	 -1.5000070e-001	 -1.6156498e+000	 -1.5223763e+000	 -2.9975841e-001	  3.2665813e-001	  1.3277136e-001	 -6.8295604e-001	  2.8823271e-001	 -4.0976783e-001	 -2.4827069e-001	
  1.6782538e-001	  6.5208401e-001	 -2.1315664e+000	 -1.5223763e+000	 -5.8196098e-001	  1.7103970e+000	  1.0140979e+000	  4.3589968e-001	  8.7861565e-002	 -5.5316415e-001	 -4.9609032e-001	
 -2.4653276e-001	 -2.1759696e-001	 -1.8181737e+000	 -1.5223763e+000	 -3.9498435e-001	  9.5594459e-001	  5.2603389e-001	  7.1038305e-001	  9.5194863e-001	  6.1257416e-001	 -7.7633238e-001	
  3.8565692e-002	 -2.7619574e-003	 -1.3944846e+000	 -1.5223763e+000	 -2.4139146e+000	  2.5967257e-001	  1.5961785e-001	  1.3713503e-002	  4.9847609e-001	  4.0888801e-001	 -2.8824316e-001	
 -8.2504428e-001	  8.2281781e-001	 -1.7087624e+000	 -1.5223763e+000	  2.4662788e-001	 -3.0052701e-001	 -3.0944505e-001	  1.3713503e-002	  7.9909599e-001	  4.7943818e-001	 -8.4622866e-001	
  9.5521923e-001	  7.8708597e-001	 -9.1654440e-001	 -1.5223763e+000	  3.6758796e-001	  3.8123359e-001	  1.8657398e-001	 -4.9606019e-001	 -6.4806906e-001	 -9.0637626e-002	 -9.2017972e-001	
 -7.3955584e-001	 -2.4484453e-001	 -1.9527023e+000	 -1.5223763e+000	 -6.4261676e-002	  1.2861518e-001	 -1.8701119e-001	 -7.1611274e-001	  1.5891207e+000	  1.0376654e+000	  8.8054425e-001	
 -3.8119403e-001	 -1.9047797e-001	 -1.5340197e+000	 -1.5223763e+000	  5.8207861e-001	  4.6518397e-001	  1.1485897e+000	 -7.4998605e-001	  8.7351389e-001	  3.2663110e-001	  1.1839454e-002	
 -1.1489928e+000	 -8.2929103e-002	 -1.6782747e-001	 -1.5223763e+000	  1.6791626e-001	 -6.2879950e-001	 -1.0844413e+000	 -2.1363487e-001	  8.3584938e-001	  6.5918023e-001	 -9.1392879e-002	
  1.0368551e+000	  1.1531926e+000	 -1.3333205e+000	 -1.5223763e+000	 -5.0812763e-001	 -3.9584953e-001	 -2.6828174e-001	  2.4106187e-001	  7.6317382e-001	  1.8064434e-001	  2.1972665e-001	
  3.5380720e-001	  3.5146562e-001	 -1.0801773e+000	 -1.5223763e+000	  2.5773132e-002	  4.2286194e-001	  2.9586767e-001	 -4.6651232e-001	  1.7299598e-001	 -7.2436838e-001	  5.2306573e-001	
  5.2264570e-001	  4.0863232e-001	 -2.5709872e-002	 -1.5223763e+000	  8.4301133e-001	  6.4352114e-001	  3.2365786e-001	 -8.5661980e-001	  1.1246819e+000	  8.7974487e-001	  6.1294551e-001	
 -5.3730573e-001	 -1.4648951e+000	 -1.4183095e-001	 -4.9393420e-001	 -1.6158810e+000	 -1.8207503e+000	 -2.4105125e-001	  6.1463847e-001	 -2.2317501e-001	  3.8176501e-002	  6.4392198e-001	
  2.4135708e+000	 -1.4648951e+000	 -4.0883089e-001	  6.0282699e-001	  6.4379305e-002	 -1.9554395e+000	 -1.0001375e+000	 -1.0570019e+000	 -4.7377650e-001	 -5.8306289e-001	 -1.3682037e+000	
  1.8181957e+000	 -1.4648951e+000	  9.1654406e-001	 -5.3536359e-002	 -6.4321551e-001	 -1.6179846e+000	  4.9609094e-001	 -9.7270039e-001	 -1.9458920e-001	  6.5918023e-001	 -5.5466041e-001	
  1.3945004e+000	 -1.4648951e+000	  2.2015625e-001	 -1.3341738e-001	  2.7316176e-001	 -8.6225971e-001	  7.3299301e-001	 -5.5637351e-001	 -3.8337150e-001	 -2.8717304e-001	 -1.2811326e+000	
  2.1315930e+000	 -1.4648951e+000	  8.0749401e-001	 -2.0048004e-001	  9.0163152e-002	 -7.0798848e-001	  3.5167766e-001	  1.5223779e+000	  3.1441978e-002	  3.2663110e-001	  7.4057564e-001	
  1.1025805e+000	 -1.4648951e+000	 -5.8191545e-001	 -5.2348217e-001	  1.6159987e+000	 -2.2549949e+000	  8.5666039e-001	 -9.3277189e-001	 -7.1513863e-001	 -3.5467659e-001	 -7.4267695e-001	
 -8.2504428e-001	 -1.4648951e+000	  9.9525396e-001	  1.3275777e-001	 -8.4289370e-001	  3.5382321e-001	  5.5640591e-001	  7.7741306e-001	  3.1748304e-001	  3.8120775e-001	  8.9291567e-002	
  1.9527263e+000	 -1.4648951e+000	 -2.2015659e-001	  6.8296514e-001	  7.0692464e-001	 -1.4630895e+000	  6.5049063e-001	 -6.5045566e-001	 -3.8337150e-001	 -1.6847131e-001	 -4.1103435e-001	
 -3.8574438e-002	 -1.4648951e+000	  1.1592313e-001	 -8.1206613e-001	 -1.1256312e+000	  5.9733552e-001	  6.5049063e-001	  9.2154759e-001	 -2.8077311e-001	  5.8218308e-001	 -5.2516704e-001	
  1.4609563e+000	 -1.4648951e+000	  1.2853687e-002	 -1.6017128e-001	  1.7613886e+000	 -1.2251137e+000	  2.6828491e-001	 -8.9412059e-001	 -7.4960483e-001	  2.4638469e-001	 -1.1730089e-001	
 -6.4317259e-001	 -1.4648951e+000	 -1.4609394e+000	 -1.0844258e+000	  2.5773132e-002	  2.2001364e-001	  4.6654226e-001	  7.4353975e-001	 -1.3504105e+000	 -2.8717304e-001	 -4.6739648e-001	
  1.6156689e+000	 -1.4648951e+000	 -7.7310160e-001	 -9.6019534e-001	  9.9549170e-001	 -1.7112083e+000	  8.2019905e-001	 -3.7992289e-001	 -2.5189635e-001	 -1.3353818e+000	 -5.8460705e-001	
  1.2764963e+000	 -1.4648951e+000	 -6.7463124e-001	  2.2723778e-001	 -1.6779863e-001	 -1.1748678e+000	 -3.5105119e-001	 -7.8464318e-001	 -3.3907627e-001	 -1.1749279e+000	  4.9398901e-001	
  9.1655327e-001	 -1.4648951e+000	  1.8086411e-001	  3.3761913e-001	  1.0804299e+000	 -2.2549949e+000	  4.3735562e-001	 -1.0140530e+000	 -5.8315762e-001	 -2.4726451e-001	 -1.7146319e+000	
 -1.0801973e+000	 -2.7223955e-001	  4.0883054e-001	 -5.8379569e-001	 -1.7090103e+000	  5.2286085e-001	 -4.0246964e-002	  3.3713682e-001	  1.5891207e+000	  4.3686304e-001	  4.6529516e-001	
 -8.7913286e-001	 -4.4086489e-001	  1.0368442e+000	  7.9324664e-002	 -6.1232060e-001	 -5.1902338e-002	  1.2853626e-002	 -2.5454050e-001	  1.5891207e+000	 -9.1809881e-001	  3.8120844e-001	
 -7.0675360e-001	  4.5229915e-001	  1.1730612e+000	  1.1017607e+000	  1.4272928e+000	 -9.1804436e-001	 -6.4598466e-001	 -1.8655168e-001	  1.5891207e+000	 -6.7589144e-001	  5.8250574e-001	
 -2.1316018e+000	 -2.9470611e-002	  9.5520946e-001	  1.1976796e+000	  1.3336187e+000	 -1.3353182e+000	 -6.7788396e-001	  2.6829162e-001	  1.5891207e+000	 -7.7448156e-001	  2.4616938e-001	
 -9.0093847e-002	  4.5229915e-001	 -2.4135401e+000	 -1.5223763e+000	 -7.2312018e-001	 -1.3965552e+000	 -2.1396732e-001	  8.0123252e-002	  1.5891207e+000	  1.0268308e-001	  5.5255910e-001	
  9.0085102e-002	 -4.9925680e-001	  2.7305373e-001	  3.9408931e-002	 -1.4611429e+000	  4.2286194e-001	  7.9336978e-002	  5.3542971e-002	  1.5891207e+000	 -3.5467659e-001	  9.1807841e-001	
 -1.9527350e+000	 -2.9980159e-001	  6.4308767e-002	 -4.3294921e-004	  2.2025478e-001	  1.3957439e+000	  9.3281456e-001	  1.0001274e+000	  1.5891207e+000	 -1.1749279e+000	  1.1519957e-001	
 -1.5340463e+000	 -3.2755101e-001	  4.9364731e-001	 -6.7787816e-001	 -6.7469342e-001	  9.9603691e-001	  6.5049063e-001	  2.9568738e-001	  1.5891207e+000	 -1.8208246e+000	  4.3695288e-001	
 -1.1489928e+000	 -7.5037216e-001	 -2.5709872e-002	 -2.0048004e-001	 -1.2797354e-002	  1.6171733e+000	  1.0570479e+000	  1.0844289e+000	  1.5891207e+000	 -9.0637626e-002	  1.9342625e-001	
 -1.6783413e-001	  2.6756902e-001	  7.3954048e-001	  3.7993096e-001	  6.7481105e-001	  7.7361893e-001	  3.7995047e-001	 -1.5959629e-001	  1.5891207e+000	  1.2429585e-002	  3.5375355e-001	
  1.9392845e-001	  1.1061177e+000	  2.4652461e-001	  1.5960362e-001	 -4.6505904e-001	  1.2243023e+000	  7.3299301e-001	 -3.5165085e-001	  1.5891207e+000	  7.7360174e-001	  1.0387178e+000	
 -1.4609650e+000	 -4.4086489e-001	 -7.3954082e-001	  2.2723778e-001	 -1.5342362e+000	  3.8209889e-002	  2.2725363e-001	  8.6569289e-001	  1.5891207e+000	  4.7943818e-001	  7.0768137e-001	
  3.2667412e-001	  1.0392803e+000	  3.5380623e-001	 -4.3589435e-001	 -1.8184413e+000	 -7.7443027e-001	 -7.2687837e-001	  6.6186140e-001	  1.5891207e+000	  9.1721899e-001	  1.4640088e+000	
 -1.3945092e+000	 -4.4086489e-001	  3.1319196e-001	 -7.2687140e-001	 -8.0758040e-001	 -1.1646740e-001	 -3.7907099e-001	  1.8702329e-001	  1.5891207e+000	 -1.4244318e-001	  4.0893304e-001	
 -3.2668287e-001	 -9.8826240e-001	 -7.7192744e-002	 -4.6474826e-001	  1.2894892e-001	 -3.5463455e-001	 -8.1207515e-001	  1.5223779e+000	 -5.2006931e-001	  1.0810509e+000	 -2.1386283e+000	
  4.9365033e-001	 -9.8826240e-001	 -2.9976356e-001	  1.1485518e+000	  4.7944009e-001	 -5.8301582e-001	 -9.2155554e-001	  1.5223779e+000	 -7.8476704e-001	 -1.7112803e+000	 -1.1774203e+000	
  1.4182848e-001	 -5.2898401e-001	 -5.5205303e-001	  4.0848084e-001	  1.9402363e-001	 -4.3769898e-001	 -8.8405373e-001	  1.5223779e+000	 -1.3504105e+000	 -3.9056315e-002	 -1.1297126e+000	
 -1.1592937e-001	 -8.5505038e-001	 -3.4021105e-001	  2.9585018e-001	  4.3690902e-001	  1.8199390e+000	  7.8468181e-001	  1.5223779e+000	 -6.8131080e-001	 -2.2550788e+000	 -2.1386283e+000	
 -4.7930657e-001	 -9.2946041e-001	  6.5881874e-001	 -9.3421282e-002	  2.9987604e-001	  1.2861518e-001	 -6.1463804e-001	  1.5223779e+000	 -1.3504105e+000	  9.5593142e-001	 -1.5393964e+000	
 -4.3678252e-001	 -6.5222454e-001	  1.0801769e+000	  1.3631744e+000	  2.4140322e+000	 -2.7378563e-001	 -7.2687837e-001	  1.5223779e+000	 -1.3504105e+000	 -1.5363251e+000	 -1.4661101e+000	
 -6.1228278e-001	 -8.9173202e-001	  5.6692499e-001	 -5.5342440e-001	  1.1492368e+000	  2.5967257e-001	 -5.8379925e-001	  1.5223779e+000	 -1.3504105e+000	 -9.0637626e-002	 -1.2277478e+000	
 -1.8182045e+000	 -7.8445106e-001	  5.2264226e-001	 -2.6828574e-001	 -3.5381113e-001	 -5.3834075e-001	 -1.0414913e+000	  1.5223779e+000	 -1.3504105e+000	 -1.4631559e+000	 -2.1386283e+000	
 -2.8639341e-001	 -6.8431658e-001	 -2.4652496e-001	  6.0282699e-001	  1.2894892e-001	  4.9383129e-001	 -4.0246964e-002	  1.5223779e+000	 -1.3504105e+000	 -1.6180545e+000	 -1.6212568e+000	
 -1.0368639e+000	 -1.4648951e+000	 -1.2764822e+000	 -1.0414768e+000	 -1.1588531e-001	  7.4001807e-001	  5.2714893e-002	  1.5223779e+000	 -1.3504105e+000	  1.1264167e+000	 -1.0842741e+000	
  6.4305508e-002	 -8.1931854e-001	  6.1226928e-001	 -4.0734447e-001	  1.1492368e+000	  6.3980064e-002	 -3.0944505e-001	  1.5223779e+000	 -6.1536584e-001	  9.9602462e-001	 -1.8242501e-001	
 -3.5381595e-001	 -5.8966340e-001	  4.3677159e-001	 -2.4105589e-001	 -4.3679139e-001	  6.9102102e-001	 -1.3341016e-001	  1.5223779e+000	 -1.3504105e+000	 -2.2550788e+000	 -9.5895416e-001	
  2.4652402e-001	 -1.4648951e+000	 -6.4315898e-001	 -6.1463375e-001	  3.6758796e-001	 -3.9584953e-001	 -7.7741707e-001	  1.5223779e+000	 -8.2068921e-001	 -1.9555168e+000	 -1.8243518e+000	
 -4.0884107e-001	 -7.1701422e-001	 -6.1226962e-001	  6.5046465e-001	  9.1676766e-001	 -8.0886409e-001	 -8.4759239e-001	  1.5223779e+000	 -4.2824245e-001	 -4.6603980e-001	 -1.3682037e+000	
