 -4.9385524e-001	 -4.6984153e-001	  7.7498253e-001	 -3.5105178e-001	 -3.9861921e-001	 -4.6903717e-001	 -3.9317765e-001	 -3.2363058e-001	 -3.4408718e-001	 -1.1751414e+000	  1.0021407e+000	
 -6.4422836e-002	  2.5348512e-001	  5.0872180e-001	  4.3734853e-001	  1.0400739e+000	 -6.1698371e-001	 -5.5342801e-001	 -4.6651084e-001	  9.1531749e-001	  5.5229843e-001	  4.3725778e-001	
 -1.0312007e-001	  4.3729587e-001	 -9.2293234e-002	  5.2602607e-001	 -5.2690257e-001	  2.4078088e-002	  1.2843613e-002	 -1.5959534e-001	 -1.1297028e-001	 -5.5329574e-001	  3.4491911e-002	
 -1.8186708e+000	 -3.2756423e-001	 -2.0459829e+000	  3.6577442e-001	 -1.2308723e+000	 -1.1823927e-001	 -1.3341779e-001	 -2.0007513e-001	  6.6121133e-001	  4.2283406e-001	  8.6600999e-002	
 -1.8100366e-001	  5.4168338e-001	  3.4004275e-001	 -4.6474861e-001	 -3.5725568e-001	  4.0905031e-001	  1.5960545e-001	 -2.6825924e-001	  8.3849020e-001	 -1.4252064e-001	  1.7841747e-001	
 -7.0699323e-001	  2.3779939e-002	 -1.1803930e+000	 -8.4758888e-001	 -4.6901781e-001	 -6.7964666e-001	 -2.9568323e-001	  4.2158839e-001	 -1.3066897e+000	  6.1259620e-001	 -8.9371039e-001	
  1.9387254e-001	  9.1593282e-001	  7.4126287e-001	 -1.6016686e-001	 -1.9661142e-001	  1.6688239e-001	 -1.7358233e-001	  1.6017792e-001	  8.5631096e-002	 -2.6243014e-002	 -1.8435304e+000	
  6.4319957e-001	  1.0604454e+000	  2.0622802e-001	 -4.2602471e-004	 -1.4426200e-001	  2.4078088e-002	 -2.5465263e-001	  4.9393912e-001	 -5.6183262e-002	  2.5245704e-002	  1.1273223e-001	
  9.9537187e-001	  1.1524979e+000	 -1.7040038e-001	  2.1365266e-001	 -1.2843626e+000	 -5.4164548e-001	 -8.8404912e-001	  3.7907786e-001	  4.9871915e-004	 -7.5773993e-001	  3.2589796e-001	
  8.0757087e-001	  1.0172558e+000	  8.4501218e-001	  1.0601246e-001	  1.9603303e+000	  9.5806927e-001	  7.3297126e-001	  4.2158839e-001	  8.0149745e-001	  2.1995456e-001	  1.3893662e-001	
 -3.2684497e-001	  6.6788230e-001	  6.6015901e-001	 -1.8701313e-001	 -7.6160376e-001	 -2.0461597e+000	 -1.5223873e+000	 -1.1017476e+000	  2.8730716e-001	  2.4635847e-001	  5.8406473e-001	
 -2.5992467e-001	  4.0828030e-001	 -2.0459829e+000	  4.9608336e-001	  6.1345995e-001	  5.5296448e-001	  3.2364278e-001	  8.1206943e-001	 -1.3066897e+000	  7.7364501e-001	 -8.5697972e-001	
 -3.5398358e-001	  4.9635887e-001	 -4.6901433e-001	  2.6827921e-001	  3.8126474e-001	  8.0964008e-001	  6.5047022e-001	 -3.7992156e-001	  5.6241893e-001	 -1.4252064e-001	 -5.6544344e-002	
 -5.5227338e-001	 -3.9786752e-001	 -7.7853976e-001	 -4.3589426e-001	  7.7506436e-001	 -2.3620493e-001	 -3.5105527e-001	  2.4106212e-001	  1.1292038e+000	  3.8119930e-001	 -3.9007227e-001	
  5.3731112e-001	  3.0896374e-001	  1.1469345e-001	 -8.8404993e-001	  1.9311132e-001	 -9.0377677e-001	 -1.0001310e+000	 -4.0847129e-001	  1.7131995e-001	 -6.4452451e-001	  1.7841747e-001	
 -5.9725863e-001	  1.7154696e-001	 -2.6277635e-001	  3.6577442e-001	 -1.4665642e-002	 -1.8349404e-001	 -8.1207171e-001	  1.3714143e-002	  5.7215663e-002	  1.6755490e-001	  5.5386007e-001	
 -1.5344547e+000	  5.4168338e-001	 -7.1186307e-001	  4.0849418e-001	  1.1769452e+000	 -1.8349404e-001	 -1.5223873e+000	 -2.4086353e-001	 -2.7837906e-002	 -1.2787015e+000	 -1.4797586e-001	
  9.0008014e-002	  8.2227518e-001	 -1.0435312e+000	 -1.5223932e+000	 -1.0435740e+000	 -7.6163163e-001	 -1.5223873e+000	  5.3543541e-002	 -2.2743111e-001	 -1.6183264e+000	 -7.1935812e-001	
 -5.9725863e-001	 -5.2890453e-001	  7.0830584e-001	  1.1485768e+000	  1.6667543e+000	 -4.0511703e-002	 -1.5223873e+000	  3.5105887e-001	  3.6133169e-001	 -5.0927881e-001	 -2.2719915e-001	
  3.8116757e-001	  1.1054447e+000	 -9.6151003e-001	 -1.0844358e+000	 -1.6251592e+000	 -1.0018189e+000	 -1.5223873e+000	  2.9568753e-001	  4.9891976e-001	 -8.8079943e-001	 -9.5640234e-002	
  3.2664530e-001	  6.6788230e-001	 -1.0017441e+000	 -3.2326183e-001	  1.3994316e+000	 -5.4164548e-001	 -1.5223873e+000	  5.8380016e-001	  7.6534134e-001	 -1.9469008e-001	 -1.2177147e-001	
  4.0882025e-001	  7.3458262e-001	 -1.4696337e+000	  3.2365170e-001	  1.1473000e-001	 -6.4802233e-001	 -1.5223873e+000	 -2.6115256e-002	  6.9525947e-001	 -5.9833179e-001	 -2.5386971e-001	
 -8.0777054e-001	 -2.4489581e-001	 -1.1825068e-001	 -1.0673292e-001	  1.6667543e+000	 -7.1190962e-001	 -1.5223873e+000	  1.3342416e-001	  5.3045893e-001	 -9.1827849e-001	 -5.3315181e-001	
  2.7301376e-001	  7.8655979e-001	 -6.1694643e-001	  6.5048178e-001	  1.0836148e+000	  7.7508114e-001	 -1.5223873e+000	  5.5342902e-001	  1.4266499e-001	 -1.0387408e+000	 -2.8070287e-001	
 -7.0699323e-001	 -2.9246495e-003	 -2.7610022e-002	 -2.8195916e-001	  1.2273722e+000	  2.7261744e-001	 -1.5223873e+000	  8.8404593e-001	  4.0649487e-001	 -1.2253951e+000	 -4.1803576e-001	
  1.2879530e-001	  6.1954268e-001	 -6.7960326e-001	  8.2018880e-001	  6.6023297e-001	  3.2649634e-001	 -1.5223873e+000	 -5.5637188e-001	  6.2775311e-001	 -7.0819031e-001	 -4.6054782e-001	
 -4.6523583e-001	  1.0410854e-001	  8.8735999e-002	  1.4949931e+000	  2.4233814e+000	 -1.2309138e+000	 -1.5223873e+000	  6.3024473e-001	  5.9483691e-001	 -1.4252064e-001	  6.0526338e-002	
 -1.2956507e-002	  3.7957046e-001	 -1.2308166e+000	 -9.4072614e-001	  1.4662057e+000	  6.1347204e-001	 -1.5223873e+000	 -7.1611083e-001	 -1.9865913e-001	 -9.9709451e-001	 -1.7427031e-001	
 -1.4196162e-001	  4.6664534e-001	 -9.2266159e-001	  1.0140861e+000	  9.5804717e-001	  1.2773380e-001	 -1.5223873e+000	 -6.1855548e-001	  7.2995013e-001	 -3.8219661e-001	 -8.2126812e-001	
 -7.7337028e-001	  3.5113991e-001	 -3.9862056e-001	  7.5001407e-001	  1.2808625e+000	 -3.5727179e-001	 -1.5223873e+000	  1.0674509e-001	  8.7640000e-001	 -3.0066616e-001	 -6.2380601e-001	
  4.7930013e-001	  1.2019010e+000	  2.1398780e+000	  2.1875409e+000	  4.7984706e-001	  1.9603815e+000	  1.8638830e+000	 -1.6547118e+000	 -1.3066897e+000	  2.1339412e+000	  1.7238260e+000	
  6.7467872e-001	  1.2540170e+000	  1.2807460e+000	  1.0570357e+000	 -6.4799776e-001	  1.0189971e+000	  1.5704432e+000	 -1.8638512e+000	 -1.3066897e+000	  1.7105672e+000	  1.1338669e+000	
  1.3946894e+000	  1.7582033e+000	  1.3378534e+000	  1.3941708e+000	 -4.4061949e-001	  8.8160759e-001	  1.3044897e+000	 -2.4786656e+000	 -1.3066897e+000	  1.1265065e+000	  1.3440813e+000	
  7.0679355e-001	  1.3092989e+000	  1.4660765e+000	  1.6547606e+000	 -2.0460945e+000	  1.0836406e+000	  1.3631854e+000	 -1.0569994e+000	 -1.3066897e+000	  9.9609720e-001	  2.1514755e+000	
  9.5531862e-001	  1.5767405e+000	  1.8250018e+000	  1.8639043e+000	 -8.1312239e-001	  1.1291703e+000	  1.2495153e+000	 -1.2494913e+000	 -1.3066897e+000	  1.0811347e+000	  1.8344912e+000	
 -2.5992467e-001	  8.5893994e-001	  2.4231865e+000	  2.4787315e+000	  5.2340248e-001	  1.6667970e+000	  2.1875170e+000	 -1.3044650e+000	 -1.3066897e+000	  8.4343868e-001	  1.9705615e+000	
  9.1664476e-001	  1.4318393e+000	  1.1290371e+000	  7.1614011e-001	  2.1946372e-001	  2.4234461e+000	  2.4787053e+000	 -1.7508659e+000	 -1.3066897e+000	  1.4624101e+000	  1.5470806e+000	
  1.8184712e+000	  2.1972671e+000	  1.5395027e+000	  1.2495317e+000	  4.0904416e-001	  1.8252029e+000	  1.6547409e+000	 -1.1976660e+000	 -1.3066897e+000	  1.9548359e+000	  1.4059463e+000	
  8.7920797e-001	  1.3683231e+000	  1.7150726e+000	  1.7509167e+000	 -2.0460945e+000	  1.2274021e+000	  1.4949748e+000	 -1.3631600e+000	 -1.3066897e+000	  1.1741441e+000	  1.2865916e+000	
  1.5342551e+000	  2.0115244e+000	  1.1768358e+000	  7.8467185e-001	 -5.5645425e-001	  1.4662426e+000	  2.0028078e+000	 -1.4949477e+000	 -1.3066897e+000	  2.4162950e+000	  1.6296463e+000	
  1.4611588e+000	  1.8718222e+000	  1.2272593e+000	  8.5664985e-001	 -1.7187190e+000	  1.3380070e+000	  1.4263482e+000	 -1.4263220e+000	 -1.3066897e+000	  1.8201260e+000	  2.4366808e+000	
  2.4139677e+000	  2.4900847e+000	  1.3993070e+000	  1.1977053e+000	 -2.0460945e+000	  8.4511764e-001	  1.1976894e+000	 -1.5704151e+000	 -1.3066897e+000	  1.5355889e+000	  7.7744198e-001	
  1.3335120e+000	  1.5008498e+000	  1.6215192e+000	  1.5704622e+000	  7.2477167e-001	  4.3712636e-001	  9.9320693e-001	 -2.1874811e+000	 -1.3066897e+000	  1.6173291e+000	  1.4731628e+000	
  1.1256341e+000	  1.6615099e+000	  1.9601672e+000	  2.0028303e+000	 -5.8646010e-001	  1.5396759e+000	  1.7508963e+000	 -2.0027742e+000	 -1.3066897e+000	  1.2777042e+000	  1.2327468e+000	
 -1.1258337e+000	  1.7154696e-001	 -1.3414107e+000	 -1.5223932e+000	  5.5295416e-001	 -6.6375513e-002	  4.9607305e-001	  9.2154665e-001	 -3.1464635e-001	  2.5245704e-002	  8.8467116e-001	
  5.8194266e-001	  2.1235015e-001	 -1.0870691e+000	 -1.5223932e+000	  2.7261525e-001	  1.1769736e+000	  8.5663663e-001	  1.0206145e+000	  9.9660165e-001	  7.4003898e-001	  3.5334160e-001	
  1.2756833e-002	  5.8802119e-001	 -2.0459829e+000	 -1.5223932e+000	 -2.7611535e-001	  5.2341195e-001	  7.3297126e-001	  9.6019788e-001	 -1.4144737e-001	 -9.0708261e-002	  1.0880369e+000	
 -1.8100366e-001	  3.0896374e-001	 -8.1309532e-001	 -1.5223932e+000	  3.7004690e-002	 -4.2656137e-001	  1.3275939e-001	  6.3024473e-001	  9.5534555e-001	  7.0719300e-001	  4.6584426e-001	
  1.6776415e-001	 -9.6434000e-002	 -1.5430599e+000	 -1.5223932e+000	 -9.6154727e-001	  2.0627111e-001	  1.2843613e-002	 -5.8720978e-001	  1.0392210e+000	  5.2284836e-001	  2.1815992e-001	
 -8.7940765e-001	  1.3101234e-001	 -1.7186298e+000	 -1.5223932e+000	 -7.1188320e-001	 -4.9778858e-001	 -5.3536155e-002	 -5.2695490e-002	  2.2900031e-001	  7.6797981e-002	 -3.6238083e-001	
 -2.2030439e-001	  2.5348512e-001	 -1.6250765e+000	 -1.5223932e+000	 -1.1804453e+000	 -2.3620493e-001	 -3.2326555e-001	 -1.1936234e-001	  3.1674799e-001	 -5.9833179e-001	 -3.3493720e-001	
  3.8478096e-002	 -1.9055427e-001	 -8.8505581e-001	 -1.5223932e+000	  1.1165545e-002	 -5.8648288e-001	 -9.3421381e-002	  4.6475333e-001	  4.3696869e-001	  2.9966885e-001	  4.0899652e-001	
 -9.9557155e-001	 -3.9786752e-001	 -5.2689513e-001	 -1.5223932e+000	 -8.4859891e-001	 -8.1315175e-001	 -7.4354052e-001	 -2.9584121e-001	  3.6133169e-001	  3.5378472e-001	  8.4815545e-003	
 -4.2295504e-001	 -5.6325600e-002	 -1.2843033e+000	 -1.5223932e+000	  3.2649259e-001	  5.8297120e-001	  5.2601551e-001	  1.0206145e+000	  1.0833605e+000	  8.0808412e-001	  1.0442075e+000	
 -9.1684444e-001	 -2.1766078e-001	 -1.4028642e+000	 -1.5223932e+000	  1.6688328e-001	  8.8767616e-002	 -1.7358233e-001	 -7.4998408e-001	  1.5966672e+000	  9.5599871e-001	  9.6163724e-001	
  1.2879530e-001	 -9.6434000e-002	 -8.4856941e-001	 -1.5223932e+000	 -2.4945882e-001	  4.6552550e-001	  2.1364462e-001	 -4.3732505e-001	 -3.7374939e-001	 -8.0908143e-001	  8.2996349e-001	
  5.3731112e-001	  9.1593282e-001	 -2.0459829e+000	 -1.5223932e+000	  7.2477167e-001	  7.4135820e-001	  9.9320693e-001	  1.0844277e+000	  4.6776702e-001	  7.6797981e-002	  2.7166364e-001	
  4.3676741e-001	  7.3458262e-001	 -6.4798201e-001	 -1.5223932e+000	 -1.4697058e+000	 -8.4862931e-001	 -9.2155032e-001	 -4.9605866e-001	  2.5806514e-001	 -3.4116818e-001	 -5.6544344e-002	
  8.4288555e-001	 -1.4643849e+000	 -2.6277635e-001	 -6.4598282e-001	  2.9945301e-001	 -1.4697542e+000	  1.8656113e-001	  7.1038247e-001	 -1.3066897e+000	 -2.2095187e-001	 -1.8435304e+000	
  7.7317060e-001	 -1.4643849e+000	  1.6684314e-001	 -5.3530267e-002	 -4.9776838e-001	 -1.7187746e+000	  1.1485612e+000	 -3.5164957e-001	 -5.8975812e-001	  6.4352720e-001	 -4.6054782e-001	
  1.0369712e+000	 -1.4643849e+000	  4.0898742e-001	 -1.0414862e+000	 -3.2999269e-001	 -1.4029782e+000	  7.8465921e-001	  7.7741236e-001	 -5.2625895e-001	 -4.5196755e-001	 -2.0067214e-001	
  1.2234149e+000	 -1.4643849e+000	 -2.2297722e-001	  1.5961305e-001	  4.7984706e-001	 -1.1326819e+000	 -6.3024470e-001	 -1.0140506e+000	 -4.3383405e-001	 -2.7392067e-001	 -1.8435304e+000	
  7.3960249e-001	 -1.4643849e+000	 -1.1325943e+000	 -8.1207193e-001	 -4.0504788e-002	 -9.0377677e-001	 -1.0844334e+000	 -5.2600074e-001	 -4.6430787e-001	 -1.0821320e+000	 -1.7520790e-002	
  1.1732180e+000	 -1.4643849e+000	 -1.9662663e-001	  7.9332839e-002	  8.8158771e-001	 -1.5431876e+000	  4.6652485e-001	 -6.8295419e-001	 -5.5779812e-001	 -3.4116818e-001	 -1.0111799e+000	
  1.0803134e+000	 -1.4643849e+000	 -7.4482011e-001	 -5.8379792e-001	  8.4509882e-001	 -1.2844057e+000	 -2.5465263e-001	 -8.9411836e-001	 -7.2259866e-001	 -8.4443599e-001	 -7.8648121e-001	
  4.7930013e-001	 -1.4643849e+000	  8.8149857e-001	  1.3276678e-001	  9.1919608e-001	 -2.0461597e+000	  1.0570209e+000	 -8.2015735e-001	  2.0009192e-001	  4.9381432e-001	 -5.6289930e-001	
  1.9530291e+000	 -1.4643849e+000	  2.7256787e-001	 -9.4072614e-001	  3.5375558e-001	 -2.0461597e+000	  5.8722533e-001	 -9.3276960e-001	 -4.9510620e-001	 -1.1275038e+000	 -6.8688233e-001	
  2.3327287e-001	 -1.4643849e+000	 -3.9862056e-001	  2.6130187e-002	 -2.2296382e-001	 -1.6252122e+000	  8.9413783e-001	 -6.5045386e-001	  1.1410818e-001	  1.1558093e-001	 -3.0771846e-001	
  1.2766612e+000	 -1.4643849e+000	  1.1136090e-002	 -7.7741415e-001	 -1.4029317e+000	 -1.0436101e+000	  2.9585305e-001	 -7.8464114e-001	 -6.5509229e-001	  4.6516260e-001	 -7.5253581e-001	
  1.6159030e+000	 -1.4643849e+000	  2.9940379e-001	 -1.0001327e+000	 -3.9861921e-001	 -2.0461597e+000	 -9.3421381e-002	 -1.1485385e+000	 -6.8855052e-001	 -2.4735578e-001	 -1.8435304e+000	
  1.7090359e+000	 -1.4643849e+000	  9.7788680e-001	  2.9586175e-001	  4.3711940e-001	 -1.1804853e+000	  9.2657315e-002	 -8.5661764e-001	 -2.5633950e-001	 -6.7603920e-001	 -5.0382457e-001	
  2.1319324e+000	 -1.4643849e+000	  5.0872180e-001	 -8.0111055e-002	 -8.8508781e-001	 -1.3415187e+000	 -5.8379953e-001	 -9.7269803e-001	 -8.4554850e-002	  4.2283406e-001	  2.9867922e-001	
 -2.9992876e-001	 -1.6355800e-001	  4.3706073e-001	 -2.2749376e-001	 -1.0871149e+000	  2.0627111e-001	  2.4087467e-001	  6.7788215e-001	  1.5966672e+000	 -6.4894291e-002	  3.8103304e-001	
 -1.3948891e+000	 -2.7227823e-001	 -1.4428080e-001	  1.8656895e-001	  1.4076190e-001	  2.4596013e-001	  5.2704231e-002	  7.4353911e-001	  1.5966672e+000	  5.8220112e-001	  8.2996349e-001	
 -1.3337117e+000	 -4.9919100e-001	  1.4072356e-001	  5.8723638e-001	 -9.2270872e-002	 -2.8952446e-001	 -5.0866423e-001	  2.6829182e-001	  1.5966672e+000	  9.1728118e-001	  1.1819857e+000	
  2.9972908e-001	 -2.9982758e-001	  1.0835118e+000	  8.9415135e-001	  1.5396369e+000	  4.9427690e-001	  4.0848457e-001	 -2.0007513e-001	  1.5966672e+000	 -7.5773993e-001	  5.2411258e-001	
 -6.4339925e-001	 -1.3665420e-001	  9.7788680e-001	  1.1017850e+000	  1.3379739e+000	 -9.2279292e-002	  9.2657315e-002	  5.2348694e-001	  1.5966672e+000	 -9.5699602e-001	 -5.9310397e-001	
 -1.9532288e+000	  7.7279849e-002	  2.0622802e-001	 -5.5342615e-001	 -6.1696005e-001	  6.4451065e-001	  3.6576516e-001	  8.0123776e-002	  1.5966672e+000	  2.7292336e-001	  6.1476677e-001	
 -1.5344547e+000	 -6.2056685e-001	 -2.7610022e-002	 -6.1463646e-001	 -1.5431370e+000	 -1.4671807e-002	 -3.9317765e-001	  3.2326949e-001	  1.5966672e+000	  3.2661546e-001	  9.2252871e-001	
 -1.7092356e+000	 -5.5901454e-001	 -3.1645334e-001	 -7.4354019e-001	  2.4595872e-001	  9.1921705e-001	  5.5638704e-001	  1.8702363e-001	  1.5966672e+000	 -5.0927881e-001	  2.4483048e-001	
 -1.0371708e+000	  5.0509240e-002	  5.9807587e-001	 -4.9393501e-001	 -1.0017841e+000	  1.6667970e+000	  1.1017698e+000	  1.5223759e+000	  1.5966672e+000	  1.4152333e-001	  6.4601014e-001	
 -2.1321320e+000	 -5.8955600e-001	  8.0953808e-001	  9.3280339e-001	  9.9828400e-001	 -9.6158095e-001	 -9.6020205e-001	 -7.9316802e-002	  1.5966672e+000	  8.7980212e-001	  7.2681605e-001	
 -1.5344547e+000	 -4.4082596e-001	  3.6973464e-002	 -2.6974056e-002	 -6.7962117e-001	  6.9218311e-001	  4.3733869e-001	 -1.1936234e-001	  1.5966672e+000	  1.9369277e-001	  7.2681605e-001	
  2.3327287e-001	  9.7567133e-001	 -3.1645334e-001	 -2.8195916e-001	 -1.1823010e-001	 -4.2656137e-001	 -4.6475119e-001	  1.3714143e-002	  1.5966672e+000	 -2.6243014e-002	  6.7784309e-001	
 -1.1981646e+000	 -2.9621012e-002	  6.6015901e-001	 -1.3341254e-001	 -3.0295311e-001	  1.2773380e-001	  2.6827073e-001	  2.1397897e-001	  1.5966672e+000	 -1.3356165e+000	 -6.5504938e-001	
 -1.1981646e+000	 -3.5550945e-001	 -6.6391983e-002	  6.1858274e-001	 -1.7038337e-001	  1.2808940e+000	  6.8297096e-001	  8.4758564e-001	  1.5966672e+000	 -4.0988052e-001	  4.9478534e-001	
 -5.2285652e-001	 -1.4643849e+000	  2.4591317e-001	 -2.2749376e-001	  7.5813256e-002	 -2.8952446e-001	 -8.4758837e-001	  1.5223759e+000	 -1.3066897e+000	 -4.5196755e-001	 -1.8435304e+000	
 -4.2295504e-001	 -1.4643849e+000	  4.6545710e-001	 -7.1038286e-001	 -7.6160376e-001	  3.8127008e-001	 -4.3589706e-001	  1.5223759e+000	 -6.2217610e-001	 -1.8845109e+000	 -1.8435304e+000	
  6.4223162e-002	 -1.4643849e+000	 -5.8644857e-001	 -5.2348344e-001	  6.6023297e-001	  3.5376012e-001	 -2.6980157e-002	  1.5223759e+000	 -2.8540432e-001	 -1.5365862e+000	 -1.1429062e+000	
 -1.2768609e+000	 -7.1684821e-001	  6.2834749e-002	  6.8298278e-001	  1.1291432e+000	 -1.4427193e-001	 -6.7788272e-001	  1.5223759e+000	 -1.3066897e+000	 -2.2554347e+000	 -1.4822021e+000	
 -3.8677770e-002	 -8.5482084e-001	 -4.4061797e-001	  2.4088293e-001	 -1.1326433e+000	  6.9218311e-001	  3.6576516e-001	  1.5223759e+000	  2.8844075e-002	  1.3958656e+000	 -9.3156795e-001	
  3.5378391e-001	 -9.2919663e-001	 -3.5725987e-001	  4.6653493e-001	  5.8296000e-001	  1.3994666e+000	  9.3278956e-001	  1.5223759e+000	 -1.3066897e+000	 -2.2554347e+000	 -1.4149856e+000	
 -1.0805131e+000	 -7.8425402e-001	  5.9807587e-001	 -3.7907135e-001	 -2.0460945e+000	  2.9945598e-001	 -5.0866423e-001	  1.5223759e+000	 -7.5728932e-001	 -1.4634074e+000	 -1.2417860e+000	
 -1.0312007e-001	 -8.1910545e-001	 -5.5644478e-001	  9.7273265e-001	  8.0962229e-001	 -3.5727179e-001	 -1.0414841e+000	  1.5223759e+000	 -1.3066897e+000	 -1.3968630e+000	 -1.3531206e+000	
 -9.5551829e-001	 -9.8797156e-001	  3.8120991e-001	  5.2710974e-002	 -6.6367846e-002	  6.2863837e-002	 -6.3024470e-001	  1.5223759e+000	 -1.3066897e+000	  6.7504189e-001	 -1.2956308e+000	
 -7.0699323e-001	 -8.9148560e-001	 -4.9776293e-001	  5.5639784e-001	  7.5813256e-002	  1.0189971e+000	  6.1857144e-001	  1.5223759e+000	 -1.7000417e-001	  1.3346192e+000	 -1.0532467e+000	
  6.1230346e-001	 -6.5208835e-001	  1.0399739e+000	  1.3045065e+000	  2.1400535e+000	 -7.6163163e-001	 -7.1038346e-001	  1.5223759e+000	 -1.3066897e+000	  1.2243977e+000	 -9.7067648e-001	
 -2.4141674e+000	 -6.8416562e-001	  9.1910436e-001	  1.3941708e+000	  1.8251556e+000	 -3.5727179e-001	 -7.7741420e-001	  1.5223759e+000	 -4.0365670e-001	 -1.8845109e+000	 -1.1910249e+000	
 -3.8136725e-001	 -9.8797156e-001	  5.5288755e-001	 -4.0734393e-001	 -9.2269617e-001	  2.1401099e+000	  8.2017588e-001	  1.5223759e+000	 -1.3066897e+000	 -1.7115645e+000	 -1.8435304e+000	
 -8.4308522e-001	 -7.5019080e-001	  3.4004275e-001	 -6.7788186e-001	 -1.3414740e+000	 -1.0871523e+000	 -2.1397363e-001	  1.5223759e+000	 -1.3066897e+000	  1.0377435e+000	 -1.0970761e+000	
