  2.7315306e-001	  8.9669849e-001	  1.0821981e+000	  1.0140471e+000	  1.1753707e+000	  4.5135703e-001	  1.0599768e-001	  4.5028315e-001	  6.9798610e-001	  6.1384015e-001	  6.7605654e-001	
 -7.3979239e-001	  1.0412557e-001	 -9.1409856e-002	 -6.6824054e-002	 -1.3994512e+000	  2.9921721e-001	  7.9318237e-002	  4.9393570e-001	  1.1097644e-001	 -3.8645225e-001	 -4.9781418e-001	
 -9.5553611e-001	 -4.8447831e-001	 -7.4271740e-001	 -3.5105100e-001	 -7.8426317e-002	 -4.7085535e-001	 -6.7789121e-001	 -4.5188177e-001	 -3.5183781e-001	 -5.8856527e-001	  8.8151989e-001	
 -1.0302888e-001	  1.4451640e-001	 -3.9744046e-002	 -4.6474452e-001	 -1.0842532e+000	  3.2631314e-001	 -1.7359026e-001	 -2.6826568e-001	 -2.6320558e-001	 -1.2343122e+000	  9.1912766e-001	
  4.0897692e-001	  1.0173080e+000	 -4.3908370e-001	  5.2600131e-001	 -1.3905275e-002	 -3.5886028e-001	 -8.0124551e-002	  3.3713285e-001	  2.4852823e-002	 -5.4433453e-002	 -3.5730372e-001	
 -5.8211240e-001	 -5.6314741e-002	  1.9341953e-001	 -7.7740094e-001	 -1.5393818e+000	  4.9443853e-001	 -1.0674623e-001	  5.2348363e-001	 -8.9689233e-002	  1.1407719e-001	  6.2812997e-002	
 -1.2853784e-002	  6.8434190e-001	 -1.6937105e-001	  3.7992334e-001	 -1.4324770e-001	 -1.8472537e-001	 -4.0735516e-001	  5.8379709e-001	 -2.0494376e-001	 -8.5124705e-001	  2.4590105e-001	
  1.2862844e-002	  8.4052848e-001	 -4.6742700e-001	 -2.6828464e-001	  7.7427734e-001	 -2.3754459e-001	 -4.6475944e-001	 -3.3761665e-001	  3.4562022e-001	  1.6633849e-001	  1.1111618e-002	
  4.7946581e-001	  4.3732572e-001	  5.2307089e-001	  1.8655408e-001	  6.1298958e-001	 -4.9966585e-001	 -8.1208035e-001	 -1.1936819e-001	  6.4662562e-001	  6.2107513e-002	 -5.2694791e-001	
 -3.8131164e-001	  2.6730522e-001	 -6.5557005e-002	 -6.4597344e-001	  2.9959790e-001	 -3.0444453e-001	 -3.2327364e-001	  3.7907398e-001	  2.5638457e-001	 -3.3156665e-001	  7.7499824e-001	
  8.4309772e-001	  1.1525553e+000	  1.1519004e-001	 -7.2686413e-001	 -6.1501955e-001	  3.6738390e-001	  4.9606587e-001	  6.1463511e-001	 -6.1031642e-002	 -7.1424816e-001	  2.7255715e-001	
 -4.3691858e-001	 -4.4082989e-001	  4.5108452e-001	 -4.3589100e-001	 -1.7146197e+000	 -3.8642678e-001	 -5.5343636e-001	  3.3713285e-001	  4.0631057e-001	 -3.0447107e-001	  1.1467442e-001	
 -2.7314400e-001	  8.4052848e-001	  4.9399313e-001	 -2.4105516e-001	  1.6728792e-001	  1.4684018e+000	  1.1485547e+000	  1.5223766e+000	  1.6876494e-001	 -1.1936544e-001	  1.6682686e-001	
  4.7946581e-001	  9.3556798e-001	 -1.3029943e-001	  2.6826196e-001	 -3.8327931e-001	  9.2025201e-001	  4.3733144e-001	  2.0048189e-001	 -3.2400548e-002	 -2.1109589e-001	  4.6545653e-001	
  1.5487503e-001	  4.0830903e-001	 -3.1515109e-001	 -1.0844137e+000	 -6.4599645e-001	  8.1044984e-001	  9.3278286e-001	  6.6185814e-001	  4.9966716e-001	  3.3990874e-001	  4.9420664e-001	
  7.7337386e-001	  1.1055002e+000	  1.5419468e-001	 -5.2347763e-001	 -3.8327931e-001	 -9.2547933e-001	 -5.3543948e-002	  8.8404404e-001	  1.6084806e+000	  9.2020954e-001	  1.1768727e+000	
  2.2023724e-001	  1.4451640e-001	 -1.6213289e+000	 -1.0001130e+000	 -1.2277289e+000	  8.8256526e-001	 -1.5223967e+000	  1.0001249e+000	  3.1565899e-001	 -7.4727573e-001	 -1.9666203e-001	
 -4.0896786e-001	 -2.4489221e-001	 -1.8244312e+000	  8.9411587e-001	  6.3476198e-002	 -6.8189769e-001	 -1.5223967e+000	  1.6017317e-001	  1.0023660e+000	  4.3713434e-001	 -4.0557889e-002	
 -1.9533742e+000	 -1.6260431e-002	 -7.0982195e-001	  4.6651190e-001	  1.0822232e+000	  2.3273360e-002	 -1.5223967e+000	 -2.9584775e-001	  8.8095263e-001	  2.5891214e-001	 -5.8650449e-001	
  1.1596800e-001	 -1.6260431e-002	  8.8056229e-001	  1.3044591e+000	  2.1365919e+000	  8.4600031e-001	 -1.5223967e+000	  9.6019629e-001	  9.6069400e-001	  4.6559147e-001	 -4.2659018e-001	
  1.9400171e-001	  5.8805683e-001	 -1.3092005e+000	 -1.0414653e+000	 -1.8243411e+000	 -8.1567716e-001	 -1.5223967e+000	  9.2154491e-001	  5.3152426e-001	 -9.2549779e-001	  8.8715610e-002	
  4.3692764e-001	  7.1768577e-001	 -9.3945103e-001	  7.8463956e-001	  6.1298958e-001	  3.6738390e-001	 -1.5223967e+000	 -3.7992843e-001	  4.6820038e-001	 -4.7087973e-001	 -4.6906407e-001	
 -1.4187540e-001	  4.9639099e-001	 -9.9916129e-001	  9.7269488e-001	  9.5690162e-001	  8.8095838e-002	 -1.5223967e+000	 -5.7173763e-001	  7.6877443e-001	 -2.6441260e-003	 -8.1316315e-001	
 -6.2785732e-001	  3.7959808e-001	 -6.7762242e-001	  4.9605947e-001	  9.9705961e-001	 -5.5847405e-001	 -1.5223967e+000	 -2.4086986e-001	  8.0529502e-001	 -5.4433453e-002	 -2.6281524e-001	
  5.8212146e-001	  1.0604993e+000	  4.5108452e-001	  6.3443229e-001	  1.8223111e+000	 -2.3754459e-001	 -1.5223967e+000	 -7.9322489e-002	  8.2212292e-002	 -8.1569704e-001	 -6.4804116e-001	
  3.8587396e-002	  7.8660307e-001	  4.0893409e-001	  3.2363284e-001	  1.1276624e+000	  2.3231727e-001	 -1.5223967e+000	  2.9568332e-001	 -1.2456594e+000	 -9.6442936e-001	 -1.0436111e+000	
 -1.8187990e+000	 -4.8447831e-001	  1.1826197e-002	 -3.2326186e-001	 -5.8457937e-001	 -1.9687836e+000	 -1.5223967e+000	 -1.3044755e+000	 -1.7599994e-001	 -8.8781153e-001	  9.5797813e-001	
 -6.2785732e-001	  2.9504294e-001	 -6.4606026e-001	  7.1610981e-001	  4.9403145e-001	 -1.4542265e-001	 -1.5223967e+000	  5.5342583e-001	  5.9655121e-001	 -5.2888439e-001	 -3.0300202e-001	
 -1.1258733e+000	 -3.8368731e-001	 -1.9554829e-001	  1.4263150e+000	  2.4193647e+000	 -1.4067159e+000	 -1.5223967e+000	 -8.5662639e-001	  1.3982112e-001	 -1.3451430e+000	 -6.6420534e-002	
 -2.4660568e-001	  7.7295848e-002	  7.7424529e-001	  8.5661546e-001	  1.4300066e+000	 -4.2829226e-001	 -1.5223967e+000	 -6.5046180e-001	  2.8592138e-001	 -5.5849728e-001	 -8.8512743e-001	
  8.7942479e-001	  1.4656516e+000	  1.1276382e+000	  4.3732635e-001	 -1.8239182e-001	  1.2290704e+000	  1.4949687e+000	 -2.4786807e+000	 -1.2456594e+000	  1.3398547e+000	  1.4661285e+000	
  9.5554517e-001	  1.4656516e+000	  1.9572153e+000	  2.0027625e+000	  5.5260234e-001	  7.5882383e-001	  1.4263421e+000	 -1.2495016e+000	 -1.2456594e+000	  1.4014398e+000	  1.2807883e+000	
  3.8132070e-001	  1.2019603e+000	  1.2790637e+000	  1.1485339e+000	 -1.8239182e-001	  1.2826723e+000	  1.7508905e+000	 -1.4263330e+000	 -1.2456594e+000	  2.1435957e+000	  2.1399655e+000	
  1.5345556e+000	  1.8719073e+000	  1.6192001e+000	  1.6547029e+000	  4.0897432e-001	  1.4019533e-001	  1.3044834e+000	 -2.0027875e+000	 -1.2456594e+000	  1.9635002e+000	  2.4232889e+000	
 -1.9399265e-001	  9.7572188e-001	  1.8223024e+000	  1.8638406e+000	  8.4417458e-001	  1.0202372e+000	  1.5704372e+000	 -1.1976761e+000	 -1.2456594e+000	  1.4683522e+000	  1.3993555e+000	
  9.1686637e-001	  1.3683887e+000	  1.5373368e+000	  1.5704070e+000	 -3.2861447e-001	  1.7179340e+000	  2.0028023e+000	 -1.8638639e+000	 -1.2456594e+000	  1.2826251e+000	  1.3378988e+000	
  2.4143808e+000	  2.4901935e+000	  1.2256769e+000	  1.1017434e+000	 -7.7630732e-001	  9.5918409e-001	  1.2495090e+000	 -1.5704267e+000	 -1.2456594e+000	  1.7178811e+000	  1.6215795e+000	
  1.3949721e+000	  2.0116148e+000	  1.3360644e+000	  1.2494859e+000	 -2.1386219e+000	  1.8280999e+000	  2.1875117e+000	 -1.3631708e+000	 -1.2456594e+000	  1.8280456e+000	  1.5395586e+000	
  1.7093589e+000	  2.1973646e+000	  1.4640478e+000	  1.4949402e+000	 -8.1079753e-001	  1.6241792e+000	  1.8638774e+000	 -1.4949589e+000	 -1.2456594e+000	  1.6241276e+000	  1.7151377e+000	
  1.2236757e+000	  1.7582840e+000	  2.4193694e+000	  2.4786499e+000	  8.8059197e-001	  6.7667037e-001	  1.1976830e+000	 -1.1485484e+000	 -1.2456594e+000	  1.2290240e+000	  8.4503158e-001	
  9.9560355e-001	  1.5768142e+000	  1.1753476e+000	  7.4998278e-001	 -3.8327931e-001	  6.2138821e-002	  1.1017633e+000	 -1.7508782e+000	 -1.2456594e+000	  1.0849689e+000	  1.9602453e+000	
  7.3980145e-001	  1.3093623e+000	  2.1365903e+000	  2.1874678e+000	 -1.1726681e-001	 -1.5556174e-002	  8.5662985e-001	 -2.1874951e+000	 -1.2456594e+000	  1.5419355e+000	  1.2272988e+000	
  7.0698832e-001	  1.2540782e+000	  1.7125786e+000	  1.7508563e+000	 -8.4620455e-001	  2.1436541e+000	  2.4787003e+000	 -1.1017574e+000	 -1.2456594e+000	  1.1784925e+000	  1.0835438e+000	
  1.3337869e+000	  1.6615869e+000	  1.3974031e+000	  1.3631536e+000	  3.7663815e-002	  1.3700973e+000	  1.6547350e+000	 -1.6547237e+000	 -1.2456594e+000	  2.4275104e+000	  1.8250727e+000	
  9.0123905e-002	  2.3975481e-001	 -6.1508267e-001	 -1.5223583e+000	  6.9154415e-001	 -8.0338632e-002	 -4.6475944e-001	  1.3708822e-002	 -3.2210020e-001	 -1.1358798e+000	 -7.4488435e-001	
 -1.5741540e+000	 -4.1211894e-001	 -9.3945103e-001	 -1.5223583e+000	 -6.7755790e-001	  1.9265386e-001	 -2.2750623e-001	 -1.1936819e-001	 -4.7327040e-001	 -1.4736404e+000	 -7.1192558e-001	
  6.4335755e-002	  3.2298924e-001	 -1.5018874e+000	 -1.5223583e+000	  1.9346457e-001	 -6.5020836e-001	  3.5165478e-001	  4.5028315e-001	  3.7582900e-001	  6.4494214e-001	  1.1290714e+000	
 -4.7945675e-001	  1.9873608e-001	 -1.0408703e+000	 -1.5223583e+000	  1.4121773e-001	  7.0899963e-001	  3.9416590e-001	 -4.9606599e-001	 -2.9256339e-001	 -1.0466260e+000	  7.4127682e-001	
  2.4661474e-001	  6.1957954e-001	 -2.1387191e+000	 -1.5223583e+000	 -5.5463231e-001	  1.0850135e+000	  6.1856439e-001	 -7.8464961e-001	  1.0454150e+000	  8.4595880e-001	  6.1339641e-001	
 -1.6788093e-001	  5.5704479e-001	 -1.5018874e+000	 -1.5223583e+000	 -1.3381139e+000	  2.3231727e-001	 -2.6829520e-001	 -6.1856330e-001	  1.1363048e+000	  7.7577928e-001	  9.9821432e-001	
  3.1330519e-001	  6.5165805e-001	 -3.6957712e-001	 -1.5223583e+000	  8.9328470e-002	  1.6637115e-001	  2.1363713e-001	 -4.0847828e-001	  2.2702676e-001	 -4.4242259e-001	 -1.5736168e-001	
 -6.4326695e-002	  1.9873608e-001	 -1.1297670e+000	 -1.5223583e+000	 -7.0975671e-001	 -1.0254645e+000	 -1.5223967e+000	  8.0118717e-002	  4.3709158e-001	 -1.5852672e-001	 -3.8481245e-001	
 -2.2022818e-001	 -1.3664643e-001	 -1.7147074e+000	 -1.5223583e+000	  1.1523683e-001	 -1.1933649e-001	 -5.8380792e-001	 -1.7306425e-001	  9.2026244e-001	  7.4198747e-001	  1.6682686e-001	
 -1.3637761e+000	 -1.6355127e-001	 -1.2278057e+000	 -1.5223583e+000	  2.3296793e-001	  2.7232351e-001	 -3.7908277e-001	 -4.5188177e-001	  7.3302646e-001	  3.9504706e-001	 -9.2323148e-002	
 -1.2498806e+000	  4.9639099e-001	 -2.1387191e+000	 -1.5223583e+000	 -1.6212433e+000	  5.3838557e-001	  5.2600836e-001	  8.4758361e-001	 -1.1839111e-001	 -3.5888610e-001	  1.0400036e+000	
 -1.0302888e-001	  2.3793879e-002	 -1.3995319e+000	 -1.5223583e+000	 -1.4660944e+000	  1.1410917e-001	 -3.2327364e-001	  1.3708822e-002	  5.6380644e-001	  5.0894876e-001	 -2.6281524e-001	
 -2.9986273e-001	 -3.2756380e-001	 -1.3092005e+000	 -1.5223583e+000	 -8.8262195e-001	 -4.1449177e-002	  5.2696556e-002	 -3.3761665e-001	  1.0899995e+000	  8.8252327e-001	  4.3705867e-001	
  3.5393353e-001	  7.5175030e-001	 -4.9612188e-001	 -1.5223583e+000	  6.1298958e-001	  4.0903678e-001	  2.4086721e-001	 -7.4999241e-001	 -5.9998526e-001	  5.8327702e-001	 -9.6158567e-001	
  1.8821323e+000	 -1.4644282e+000	 -1.1774764e+000	 -8.4757364e-001	  1.4300066e+000	 -1.5472134e+000	  2.6826330e-001	 -8.9412726e-001	 -4.4248939e-001	  3.6190885e-002	 -9.2273519e-001	
 -6.7486032e-001	 -1.4644282e+000	 -8.1086503e-001	  4.0847284e-001	  1.2256989e+000	 -1.6294065e+000	  6.5046321e-001	 -7.1611903e-001	 -3.8179904e-001	 -6.1912840e-001	 -8.4863912e-001	
  1.0372081e+000	 -1.4644282e+000	  6.9151024e-001	  8.2015548e-001	  1.2790845e+000	 -1.9687836e+000	  1.3275181e-001	 -9.7270724e-001	 -2.3400577e-001	  2.9918281e-001	 -7.7860578e-001	
  1.4614501e+000	 -1.4644282e+000	 -2.7489822e-001	  2.1363700e-001	 -7.8426317e-002	 -1.9687836e+000	  1.0140650e+000	 -5.2600819e-001	 -6.3273003e-001	  3.3990874e-001	 -6.1700395e-001	
  8.0777853e-001	 -1.4644282e+000	 -2.4829332e-001	 -1.0673925e-001	  1.1875298e-002	 -1.9687836e+000	 -5.2349386e-001	 -1.0570089e+000	 -1.2456594e+000	 -2.1109589e-001	 -4.2659018e-001	
  6.7486938e-001	 -1.4644282e+000	 -2.2184964e-001	  6.8295345e-001	 -2.4823840e-001	 -1.1837657e+000	  7.6722110e-001	 -2.1364005e-001	  1.9782695e-001	  2.1902784e-001	 -1.1828196e-001	
  1.6162141e+000	 -1.4644282e+000	  5.8251305e-001	 -6.6824054e-002	  6.9154415e-001	 -6.1910596e-001	  1.3631792e+000	  1.0414776e+000	 -6.6597805e-001	 -1.2879134e+000	 -5.5649912e-001	
  1.1258824e+000	 -1.4644282e+000	 -8.4627284e-001	 -9.2153403e-001	 -2.1386219e+000	 -1.9687836e+000	 -2.6987921e-002	 -9.3277865e-001	 -5.3584598e-001	 -1.0466260e+000	 -1.1096501e+000	
  1.1734724e+000	 -1.4644282e+000	 -1.0843268e+000	 -1.5223583e+000	 -3.0162788e-001	 -1.3451300e+000	 -4.4007374e-004	 -6.8296225e-001	 -4.1200782e-001	 -6.8191931e-001	 -1.5736168e-001	
  1.2769289e+000	 -1.4644282e+000	 -3.1515109e-001	 -6.1462800e-001	 -1.0407976e+000	 -9.6441141e-001	  1.0570144e+000	 -1.7306425e-001	  6.4662562e-001	  5.0894876e-001	  3.6950352e-002	
  1.8821323e+000	 -1.4644282e+000	 -5.8464180e-001	 -2.6982709e-002	 -2.7484270e-001	 -1.1358640e+000	 -1.7359026e-001	 -8.2016596e-001	 -5.0437920e-001	  1.4016301e-001	 -6.7966407e-001	
  1.0805559e+000	 -1.4644282e+000	  2.4616456e-001	 -2.1397224e-001	  2.7281273e-001	 -8.5122763e-001	  6.8296399e-001	 -5.7173763e-001	 -1.4715526e-001	 -9.3352444e-002	 -1.3415063e+000	
  5.5224869e-001	 -1.4644282e+000	 -1.3954952e-002	  5.2700000e-002	  2.3296793e-001	 -7.8104720e-001	 -3.2327364e-001	  7.4353667e-001	 -1.2456594e+000	 -1.5852672e-001	 -3.3004117e-001	
  2.1323094e+000	 -1.4644282e+000	 -7.7637404e-001	 -8.1205772e-001	 -9.5893160e-001	 -1.0254645e+000	 -1.3342567e-001	 -1.0140600e+000	  8.4266068e-001	  6.9271196e-001	 -1.4719156e-002	
 -1.1258733e+000	 -5.2891185e-001	  1.5419468e-001	 -1.3341810e-001	 -9.2015663e-001	 -3.3154046e-001	 -7.2688487e-001	  2.4105769e-001	  1.6084806e+000	 -7.8106754e-001	  3.6741830e-001	
 -1.0161920e+000	 -2.4489221e-001	  3.5375261e-001	 -4.0734151e-001	 -2.2179531e-001	 -8.0338632e-002	 -8.4759705e-001	  1.3341931e-001	  1.6084806e+000	  1.9262086e-001	  4.0898388e-001	
 -5.2281901e-001	 -9.6424683e-002	 -5.2519965e-001	 -5.5341947e-001	 -7.4265143e-001	 -7.1422696e-001	 -7.7742280e-001	  2.0048189e-001	  1.6084806e+000	 -1.9687885e+000	  5.2334038e-001	
 -1.2498806e+000	 -3.5551010e-001	  3.2654243e-001	 -3.7906975e-001	 -1.1296924e+000	  7.5882383e-001	  3.9416590e-001	  4.0734608e-001	  1.6084806e+000	 -4.1428921e-001	  6.1339641e-001	
 -8.6111989e-001	 -5.5902301e-001	  8.9281101e-002	 -5.8379035e-001	 -5.2513854e-001	 -1.8472537e-001	 -4.6475944e-001	  7.7741005e-001	  1.6084806e+000	  8.8064192e-002	  7.0831804e-001	
 -2.1323003e+000	 -9.6424683e-002	  1.0387415e+000	  2.9584369e-001	  8.0876756e-001	  1.5419861e+000	  9.7271185e-001	  1.0844266e+000	  1.6084806e+000	 -2.6441260e-003	  1.6682686e-001	
 -1.4614410e+000	 -1.9054857e-001	 -2.1387191e+000	 -8.8403362e-001	 -4.6736719e-001	  5.9853234e-001	  5.5637992e-001	 -5.2701073e-002	  1.6084806e+000	 -2.5086597e-001	  3.6741830e-001	
 -9.1685731e-001	  3.5116644e-001	  9.5687365e-001	  1.1976610e+000	  1.3360839e+000	 -1.0902408e+000	 -6.1464625e-001	 -2.6120733e-002	  1.6084806e+000	 -2.7757772e-001	  2.9939449e-001	
 -1.1258733e+000	 -2.9982609e-001	  2.1972088e-001	 -4.9393006e-001	 -4.3902452e-001	  5.9853234e-001	  3.2363541e-001	  2.6828750e-001	  1.6084806e+000	 -6.5023040e-001	  3.2643363e-001	
 -7.7336480e-001	  4.9639099e-001	  3.8120849e-001	 -2.9568012e-001	 -1.2811144e+000	  4.5135703e-001	  2.6115953e-002	  1.0674013e-001	  1.6084806e+000	  3.9504706e-001	  6.1339641e-001	
 -1.7093498e+000	 -5.8956565e-001	 -8.8269105e-001	  1.5959896e-001	 -1.1774007e+000	  2.3273360e-002	 -2.2750623e-001	  8.1206726e-001	  1.6084806e+000	  5.5320903e-001	  8.0955562e-001	
 -1.5741540e+000	 -6.2057769e-001	  2.7276946e-001	 -1.6017163e-001	  3.2658449e-001	 -8.8779258e-001	 -6.4599239e-001	  6.6185814e-001	  1.6084806e+000	 -4.9968985e-001	  2.1940647e-001	
 -1.3637761e+000	 -2.4489221e-001	  9.9703253e-001	  9.3276678e-001	  4.3699454e-001	  5.3838557e-001	  1.5959789e-001	  5.3538378e-002	  1.6084806e+000	  2.5891214e-001	  5.5289158e-001	
 -7.0697926e-001	  5.0524209e-002	  5.5256532e-001	 -1.8701712e-001	 -9.9908959e-001	  1.0202372e+000	  7.6722110e-001	  7.1037990e-001	  1.6084806e+000	  6.9271196e-001	 -2.2301401e-001	
  6.1248615e-001	 -1.4644282e+000	  8.4414408e-001	  1.0599994e-001	 -3.9693792e-002	 -2.7755083e-001	 -7.2688487e-001	  1.5223766e+000	 -1.2456594e+000	 -1.1837808e+000	 -2.0461156e+000	
 -5.5223963e-001	 -8.9150687e-001	  5.0517789e-002	  5.8720984e-001	  5.2310856e-001	  1.1785384e+000	  7.1612109e-001	  1.5223766e+000	  5.3510414e-002	  8.1040879e-001	 -1.1804802e+000	
 -3.5392447e-001	 -1.0082427e+000	 -1.3029943e-001	 -6.7787155e-001	 -2.1386219e+000	 -1.2342978e+000	  1.8655361e-001	  1.5223766e+000	 -1.2456594e+000	 -1.9687885e+000	 -1.1096501e+000	
 -1.0161920e+000	 -8.0159449e-001	  7.4058864e-001	  1.0569955e+000	  1.6192133e+000	  1.9635563e+000	  8.9413109e-001	  1.5223766e+000	 -3.7782721e-003	 -1.9687885e+000	 -1.6251870e+000	
 -3.2678239e-001	 -1.4644282e+000	 -4.1106285e-001	 -7.2686413e-001	  3.8124933e-001	  6.4498104e-001	  2.9584565e-001	  1.5223766e+000	 -1.2456594e+000	  1.0413378e+000	 -1.5055156e+000	
  6.4338621e-001	 -6.8417891e-001	  6.1295392e-001	  1.2840222e-002	  1.7125897e+000	  1.3700973e+000	  5.8721825e-001	  1.5223766e+000	 -1.2456594e+000	  9.9946127e-001	 -1.2843959e+000	
  5.2282807e-001	 -6.5210040e-001	  6.9151024e-001	  7.9321090e-002	  3.5379407e-001	  2.4275725e+000	  8.2016906e-001	  1.5223766e+000	 -1.2456594e+000	 -1.9687885e+000	 -1.2309064e+000	
 -8.6111989e-001	 -8.0159449e-001	  9.1809781e-001	  2.4086648e-001	  7.4062145e-001	 -4.2829226e-001	 -8.8405784e-001	  1.5223766e+000	 -1.2456594e+000	 -1.5472238e+000	 -2.0461156e+000	
  1.5487503e-001	 -7.1686276e-001	  8.0873627e-001	 -9.6018494e-001	  1.5373518e+000	 -1.2878996e+000	 -9.2155909e-001	  1.5223766e+000	 -1.2456594e+000	 -1.6294158e+000	 -1.0018219e+000	
  3.1330519e-001	 -9.6808885e-001	  6.4393150e-001	  1.2840222e-002	 -4.9606143e-001	 -5.2886077e-001	 -9.6021086e-001	  1.5223766e+000	 -5.6770308e-001	  1.1305915e+000	 -1.4029631e+000	
 -4.7945675e-001	 -8.5484070e-001	  2.9955523e-001	  6.3443229e-001	  1.9572209e+000	  1.1306367e+000	  4.6651764e-001	  1.5223766e+000	 -1.2456594e+000	 -1.0466260e+000	 -1.7187453e+000	
 -3.8578336e-002	 -7.5020663e-001	  5.0517789e-002	  1.3275347e-001	  4.6533721e-001	 -5.8854243e-001	 -1.0414930e+000	  1.5223766e+000	 -1.2456594e+000	 -1.4067280e+000	 -2.0461156e+000	
 -2.4143717e+000	 -9.2921935e-001	 -3.6957712e-001	  3.5165159e-001	  9.1812665e-001	 -7.4725495e-001	 -1.0001398e+000	  1.5223766e+000	 -1.2456594e+000	 -1.9687885e+000	 -1.5055156e+000	
 -8.0776947e-001	 -1.4644282e+000	 -5.5469408e-001	  5.5637219e-001	  1.0387677e+000	 -1.4736291e+000	 -1.0844424e+000	  1.5223766e+000	 -1.2456594e+000	  9.5914111e-001	 -2.0461156e+000	
