 -4.3677998e-001	  1.5960809e-001	 -6.4803358e-002	  5.2706222e-002	  2.2012548e-001	 -9.5530636e-001	 -7.1038002e-001	 -2.1363921e-001	  4.0626483e-001	 -2.3501620e-001	 -7.7438775e-001	
  5.8191628e-001	  1.0140788e+000	  1.0166188e+000	 -8.0113223e-002	  2.4650595e-001	 -1.9392833e-001	  7.9344653e-002	  1.3342175e-001	 -5.2303227e-003	 -1.3026896e-001	  1.2242143e+000	
 -5.6693456e-001	 -4.3054360e-004	 -1.3965412e+000	 -9.6018852e-001	 -7.5670077e-001	 -6.4321521e-001	 -2.9567174e-001	  2.6829056e-001	 -1.2263545e+000	  8.0871429e-001	 -9.5670149e-001	
  3.6746221e-001	  9.7272546e-001	 -3.8205070e-001	  1.5960622e-001	  8.0773276e-001	 -8.0757182e-001	 -6.4597924e-001	  4.5028704e-001	  5.2254822e-002	 -3.2862963e-001	  4.5095625e-001	
  9.0084706e-002	  4.6652913e-001	 -3.9033686e-002	  2.9585227e-001	  5.5217422e-001	  2.2021158e-001	 -3.9316806e-001	 -2.6826509e-001	  1.0991792e-001	 -4.3903598e-001	 -3.0051545e-001	
 -9.9526740e-001	  7.5000749e-001	 -4.9464620e-001	 -3.7906771e-001	  4.0888636e-001	 -1.9529277e+000	 -1.0001332e+000	 -8.5662851e-001	  6.9894059e-001	  1.9343192e-001	 -3.2745615e-001	
 -2.3332808e-001	  3.2364630e-001	  2.9969661e-001	  3.5166070e-001	 -4.5119993e-001	 -1.4182240e-001	 -5.2347848e-001	  2.9568651e-001	  4.5271618e-001	  3.2654738e-001	  4.0887844e-001	
 -1.2887240e-001	  9.2659606e-002	 -3.2747631e-001	 -2.6977258e-002	 -1.5348554e+000	 -7.2311585e-001	 -9.6020346e-001	 -3.7992836e-001	 -1.7804259e-001	 -1.0842431e+000	  8.7969416e-001	
  7.9019179e-001	  1.1485691e+000	  1.0810270e+000	  9.9319820e-001	  9.3601136e-001	 -1.3334660e+000	 -7.7741207e-001	 -9.3278112e-001	 -9.1435897e-002	 -4.9607098e-001	 -1.1646786e-001	
 -8.0750575e-001	  2.4087775e-001	  7.7359063e-001	 -2.4105178e-001	 -4.5119993e-001	  1.0370050e+000	  7.1615916e-001	  1.0844334e+000	  1.1387625e+000	  9.9700003e-001	  1.0809826e+000	
 -2.7306064e-001	  5.2602010e-001	 -2.7379351e-001	  2.6827027e-001	  8.9997536e-002	  5.8201719e-001	  2.6829317e-001	  5.6855999e-001	 -3.5448345e-001	 -9.9908228e-001	  1.2454650e-002	
  2.2015415e-001	  8.0231115e-001	  6.4349538e-001	 -2.9567727e-001	  2.5589537e-002	 -6.1232186e-001	 -6.1463253e-001	 -4.6651838e-001	  2.3498956e-002	 -7.2611502e-001	  4.5095625e-001	
 -1.7087819e+000	 -2.6978502e-002	  6.3965596e-002	  4.0848250e-001	  7.3974804e-001	  1.5342445e+000	  8.2020903e-001	  7.4354192e-001	 -2.0708566e-001	 -8.1079654e-001	 -9.0603557e-002	
 -2.9977036e-001	  2.1364755e-001	  9.5591273e-001	  9.9319820e-001	  9.3601136e-001	  8.0762524e-001	  4.6655114e-001	  7.7741546e-001	  1.3886151e-001	  2.4740567e-002	  2.4638932e-001	
 -1.9393600e-001	  1.3276190e-001	 -6.4433314e-001	  3.7993273e-001	 -3.5410071e-001	 -4.3680149e-001	 -3.5104486e-001	 -2.6119031e-002	  9.2197918e-001	  2.8614568e-001	 -6.4795244e-002	
 -6.4316889e-001	 -8.0115355e-002	  4.6516168e-001	 -4.6474330e-001	 -9.5577991e-001	 -4.9368456e-001	  3.5168618e-001	 -4.3733234e-001	  2.2636620e-001	 -9.2015197e-001	  2.1999119e-001	
  1.9392747e-001	 -1.3341670e-001	  9.1720192e-001	  1.3631725e+000	  2.1324124e+000	  8.7925594e-001	 -1.5223996e+000	  8.4758934e-001	  9.6254939e-001	  4.0893444e-001	 -5.5308968e-001	
  6.7463291e-001	  3.7993829e-001	 -1.9554146e+000	 -1.0844185e+000	 -5.0846030e-001	 -7.2311585e-001	 -1.5223996e+000	  7.1038499e-001	  3.1530238e-001	 -2.8822794e-001	 -4.0970588e-001	
  1.1592009e-001	  3.2364630e-001	  4.9380844e-001	  2.6125951e-002	  1.1982205e+000	 -2.3332514e-001	 -1.5223996e+000	  1.6017573e-001	  7.3410112e-001	  8.9299304e-002	 -5.8298581e-001	
  4.9364768e-001	  6.1857652e-001	 -4.3770367e-001	  6.5046540e-001	  7.7332423e-001	  3.1325931e-001	 -1.5223996e+000	  6.4598574e-001	  6.3051989e-001	 -6.1502512e-001	 -1.4240458e-001	
  6.1227072e-001	  5.8723025e-001	  1.0166188e+000	  7.9327569e-002	  2.7304724e-001	  2.5739734e-002	 -1.5223996e+000	  5.3540448e-002	  2.8546279e-001	 -2.8822794e-001	  3.8199316e-002	
 -9.5522254e-001	  3.2364630e-001	 -7.0798790e-001	 -8.8403646e-001	  1.3949923e+000	  5.5215091e-001	 -1.5223996e+000	  8.1207282e-001	  5.9715786e-001	 -1.3930983e-002	  1.4157715e-001	
  1.5481398e-001	  3.9411852e-002	 -3.0053437e-001	  5.8722123e-001	  1.0371881e+000	  1.9398175e-001	 -1.5223996e+000	 -7.9321031e-002	  6.6443129e-001	 -3.9718636e-002	 -7.4078909e-001	
  3.2667241e-001	  1.0570283e+000	 -2.4723323e-001	  5.5638329e-001	  4.9374205e-001	  3.5387883e-001	 -1.5223996e+000	 -1.5960026e-001	  1.0922983e+000	  3.8121038e-001	 -3.8202804e-001	
 -3.9498006e-001	 -1.0673715e-001	 -9.0612855e-002	  1.3276047e-001	  3.4023503e-001	  6.4326863e-001	 -1.5223996e+000	  1.8702168e-001	 -2.9500577e-001	 -6.1502512e-001	 -1.6843044e-001	
 -8.7912784e-001	  2.6827396e-001	 -1.4630742e+000	 -1.5223673e+000	 -8.0799668e-001	 -8.7920252e-001	 -1.5223996e+000	  8.0120909e-002	 -1.4909899e-001	 -4.6737770e-001	  5.8215837e-001	
  7.9019179e-001	  5.5639179e-001	  5.8217992e-001	 -1.8701322e-001	  1.0805408e+000	 -2.5686310e-002	 -1.5223996e+000	 -7.3296367e-001	  3.7567873e-001	 -2.3501620e-001	 -2.2548557e+000	
 -4.9365622e-001	 -4.9393817e-001	 -8.4420997e-001	  4.3733630e-001	  9.9557887e-001	  2.7311590e-001	 -1.5223996e+000	  6.7788439e-001	  8.8253457e-001	  2.8614568e-001	 -9.1799245e-001	
  1.5481398e-001	  1.1017774e+000	  1.8065784e-001	  6.8296577e-001	  2.4145154e+000	 -1.0802900e+000	 -1.5223996e+000	 -5.5638018e-001	  4.5271618e-001	  3.5375604e-001	  5.5226224e-001	
 -1.8181942e+000	  6.6664742e-001	 -1.2513386e+000	 -3.5104868e-001	  8.4305592e-001	 -3.2668922e-001	 -1.5223996e+000	 -6.8296358e-001	 -1.2023620e-001	 -1.1296807e+000	 -8.0881931e-001	
  8.7911931e-001	  1.3044984e+000	  1.8198903e+000	  1.8638644e+000	 -1.1610846e-001	  1.0803434e+000	  1.5704909e+000	 -1.3631752e+000	 -1.2263545e+000	  1.1753052e+000	  8.0799188e-001	
  6.4316036e-001	  1.1976975e+000	  1.5354025e+000	  1.4949603e+000	 -7.0719515e-001	  8.4293676e-001	  1.2766185e+000	 -2.1875033e+000	 -1.2263545e+000	  2.1364941e+000	  1.7102772e+000	
  1.0801826e+000	  1.6547515e+000	  1.4622364e+000	  1.5704279e+000	 -8.4331984e-001	  1.1732397e+000	  1.6547903e+000	 -2.4786903e+000	 -1.2263545e+000	  1.5372741e+000	  1.5353373e+000	
  8.4280450e-001	  1.4263576e+000	  2.1336511e+000	  2.1874947e+000	  6.1241844e-001	  4.0891026e-001	  1.1249322e+000	 -1.8638707e+000	 -1.2263545e+000	  2.4192574e+000	  2.4158503e+000	
  1.1730677e+000	  1.7509074e+000	  1.3957035e+000	  1.4263346e+000	 -9.1709677e-001	  2.4138785e+000	  2.1875767e+000	 -1.1485519e+000	 -1.2263545e+000	  1.9571291e+000	  1.1739717e+000	
  1.0368494e+000	  1.3631945e+000	  1.2775625e+000	  1.1976783e+000	 -1.2991718e-002	  6.4343963e-002	  7.6726011e-001	 -2.0027949e+000	 -1.2263545e+000	  1.1275984e+000	  1.3344116e+000	
  7.0674102e-001	  1.2495238e+000	  1.1263910e+000	  8.2016912e-001	  6.4206490e-002	  1.3635111e+000	  1.8639364e+000	 -1.0570120e+000	 -1.2263545e+000	  1.2256317e+000	  1.9544924e+000	
  1.2764893e+000	  1.5704534e+000	  2.4159560e+000	  2.4786796e+000	  3.4023503e-001	  2.1318684e+000	  2.4787706e+000	 -1.4263377e+000	 -1.2263545e+000	  1.8222238e+000	  2.1335584e+000	
  2.1315812e+000	  2.4787202e+000	  1.1740204e+000	  9.3278152e-001	 -1.1496308e+000	 -1.1591157e-001	  6.3447832e-001	 -1.3044797e+000	 -1.2263545e+000	  1.7125062e+000	  1.2775091e+000	
  1.7087734e+000	  2.0028203e+000	  1.9545768e+000	  2.0027876e+000	  8.7938707e-001	  9.9540946e-001	  1.4263931e+000	 -1.5704321e+000	 -1.2263545e+000	  1.0821608e+000	  6.1254680e-001	
 -7.3955160e-001	  8.7525709e-001	  1.7103504e+000	  1.7508789e+000	 -2.4676987e-001	  1.6607706e+000	  2.0028639e+000	 -1.1976798e+000	 -1.2263545e+000	  1.3360130e+000	  1.3956446e+000	
  1.8181857e+000	  2.1875304e+000	  1.6171285e+000	  1.6547247e+000	 -1.1496308e+000	  9.5535978e-001	  1.4950210e+000	 -1.7508844e+000	 -1.2263545e+000	  1.2790154e+000	  1.6170595e+000	
  9.1654826e-001	  1.4949845e+000	  1.2242653e+000	  1.1017598e+000	 -2.4147794e+000	  7.7322805e-001	  1.3632291e+000	 -1.6547295e+000	 -1.2263545e+000	  1.4639892e+000	  1.4621745e+000	
  1.3944927e+000	  1.8638947e+000	  1.3344676e+000	  1.3044774e+000	 -8.7965099e-001	  1.2234321e+000	  1.7509475e+000	 -1.2495056e+000	 -1.2263545e+000	  1.6191329e+000	  1.8198120e+000	
 -9.0093238e-002	  1.8656392e-001	 -9.7661389e-001	 -1.5223673e+000	 -4.0915028e-001	  1.4611548e+000	  9.5262144e-001	  2.2750180e-001	  1.0043643e+000	  8.8053629e-001	  5.2281862e-001	
 -7.0674955e-001	 -4.2158613e-001	 -1.1272287e+000	 -1.5223673e+000	 -9.9584279e-001	  1.1256600e+000	  6.8300145e-001	  4.5028704e-001	  1.0475609e+000	  7.7422523e-001	  9.9596376e-001	
 -3.8574116e-002	  3.9411852e-002	 -1.8207280e+000	 -1.5223673e+000	 -2.0725357e-001	 -9.0073086e-002	  1.3277920e-001	 -6.5046297e-001	  5.6430080e-001	  4.3695373e-001	 -2.6152436e-002	
  5.2264289e-001	  6.6664742e-001	 -2.2549642e+000	 -1.5223673e+000	 -3.0003290e-001	  5.2273668e-001	  2.4089658e-001	  3.5105832e-001	  8.4411131e-001	  4.6529545e-001	  6.3967807e-002	
  6.4305256e-002	 -2.4105660e-001	 -1.2513386e+000	 -1.5223673e+000	 -1.7096783e+000	 -6.4290538e-002	  1.0602458e-001	 -6.1856432e-001	  1.9706626e-001	 -1.3026896e-001	 -7.0795030e-001	
 -3.8574116e-002	 -5.3534641e-002	 -9.1803968e-001	 -1.5223673e+000	 -6.4470409e-002	 -2.7306248e-001	 -1.3340315e-001	 -4.9606645e-001	  7.6997168e-001	  8.4412012e-001	 -2.6152436e-002	
 -8.4281303e-001	 -2.1397297e-001	 -1.7111882e+000	 -1.5223673e+000	 -1.6803627e-001	  1.1596500e-001	 -1.6015777e-001	 -7.8465140e-001	  1.6125575e+000	  1.0387067e+000	  7.7356031e-001	
  7.3954307e-001	  8.0231115e-001	 -2.2549642e+000	 -1.5223673e+000	 -6.7507260e-001	  2.5739734e-002	  1.8658199e-001	 -5.2600879e-001	  4.9994156e-001	  5.2306486e-001	  1.1263445e+000	
  2.9976183e-001	  7.1613363e-001	 -1.1748581e+000	 -1.5223673e+000	 -5.5243814e-001	  1.2766737e+000	  8.9417242e-001	 -5.2699492e-002	  1.6790459e-001	 -3.5583829e-001	 -1.0384283e+000	
  2.4652275e-001	 -1.6017094e-001	 -1.5362403e+000	 -1.5223673e+000	  2.5589537e-002	 -9.1663596e-001	 -7.4353773e-001	 -1.0600033e-001	 -1.2263545e+000	 -1.2810977e+000	 -8.4416613e-001	
  1.2849710e-002	 -3.5105534e-001	 -1.6179663e+000	 -1.5223673e+000	  1.6777235e-001	  1.6787570e-001	  2.1366600e-001	 -7.3296367e-001	 -3.9967102e-001	 -5.2514712e-001	 -2.7377582e-001	
 -3.9498006e-001	 -1.8701714e-001	 -1.3353054e+000	 -1.5223673e+000	 -6.4358589e-001	  7.3966293e-001	  6.3447832e-001	  4.9393979e-001	 -6.2680031e-002	 -6.5530153e-002	  1.0376009e+000	
 -3.8574116e-002	  4.9607748e-001	 -7.7442839e-001	 -1.5223673e+000	 -3.2695558e-001	 -9.9535604e-001	 -9.3405964e-002	 -1.4949640e+000	  2.5582470e-001	  2.3293395e-001	 -3.5461946e-001	
  2.7305211e-001	  9.2659606e-002	 -1.0818648e+000	 -1.5223673e+000	  1.1584454e-001	 -2.3332514e-001	 -1.3689284e-002	  2.6984562e-002	  8.0661751e-001	  7.0767685e-001	  1.1564043e-001	
  1.4609482e+000	 -1.5223936e+000	  2.5321017e-002	 -7.7740275e-001	 -5.8231427e-001	  4.9373799e-001	  1.1977298e+000	  9.4072545e-001	  5.3190791e-001	  6.1294287e-001	  8.9776121e-002	
 -2.3332808e-001	 -1.5223936e+000	  3.8121293e-001	 -1.0001170e+000	  5.2275029e-001	 -1.4611014e+000	  1.2766185e+000	 -3.3761638e-001	 -2.6554728e-001	 -9.5892564e-001	 -6.7580624e-001	
  4.6503427e-001	 -1.5223936e+000	 -6.7584237e-001	 -1.0673457e-001	 -3.8719159e-002	 -1.8183818e+000	  5.2604295e-001	 -8.2016792e-001	 -1.2263545e+000	 -8.8261855e-001	 -4.6597294e-001	
  1.6156600e+000	 -1.5223936e+000	  6.1256974e-001	 -3.2325927e-001	  1.4176390e-001	  4.3685491e-001	  1.0570587e+000	  1.5223854e+000	 -6.3633894e-001	 -4.1101670e-001	 -6.1337423e-001	
  5.5205358e-001	 -1.5223936e+000	 -6.1340750e-001	  1.0600667e-001	  6.7480868e-001	 -2.4138251e+000	  2.9587602e-001	 -9.7270989e-001	  3.4536635e-001	  5.8250370e-001	  6.7497881e-001	
  1.1254938e+000	 -1.5223936e+000	  8.7972935e-001	  2.2724013e-001	  1.8188759e+000	 -1.3946379e+000	 -3.2325459e-001	  1.0001313e+000	 -1.2263545e+000	 -1.1773874e+000	 -2.2548557e+000	
  2.4135575e+000	 -1.5223936e+000	 -2.2083390e-001	 -6.1462823e-001	 -3.8149095e-001	 -1.6782228e-001	  9.5262144e-001	  5.6855999e-001	 -5.3912264e-001	  6.7547912e-001	 -4.3767846e-001	
  1.5340291e+000	 -1.5223936e+000	  5.2283744e-001	 -2.6828152e-001	 -1.3952562e+000	 -2.1318150e+000	  2.6141396e-002	 -1.0140628e+000	 -1.2263545e+000	  1.2818670e-001	 -5.0908239e-001	
  9.5521401e-001	 -1.5223936e+000	  2.5965429e-001	 -5.8379029e-001	 -9.0261455e-002	  9.0126511e-002	  4.0850973e-001	  6.1463977e-001	 -4.4544590e-001	 -1.0407889e+000	  6.4347102e-001	
  1.2232541e+000	 -1.5223936e+000	 -1.9457665e-001	  5.2601211e-001	  1.2769358e+000	 -5.8196377e-001	  1.0141085e+000	  8.8404993e-001	  8.1055127e-002	  1.2818670e-001	 -2.4721675e-001	
  1.9527155e+000	 -1.5223936e+000	 -5.6800995e-001	 -2.1396860e-001	  1.4971031e+000	 -1.2766203e+000	 -9.3405964e-002	 -1.1017606e+000	 -5.7108899e-001	  2.4740567e-002	 -8.8052160e-001	
  1.3333282e+000	 -1.5223936e+000	 -3.5464086e-001	  1.8656160e-001	  2.9976898e-001	 -1.7089563e+000	 -4.3588830e-001	 -8.9412956e-001	 -3.9967102e-001	 -1.2277139e+000	 -1.0818100e+000	
  9.9525887e-001	 -1.5223936e+000	  8.4337221e-001	 -5.3532953e-002	  1.9534662e+000	 -5.5209748e-001	  3.7995908e-001	 -2.4086914e-001	 -5.0754795e-001	  2.3293395e-001	 -2.2081863e-001	
  4.3677144e-001	 -1.5223936e+000	 -1.4241625e-001	 -1.3341368e-001	  3.8122703e-001	 -1.1256066e+000	  5.8725396e-001	 -5.8721835e-001	 -2.3624734e-001	 -6.7756137e-001	  7.0712287e-001	
 -1.3945013e+000	 -2.6828680e-001	 -4.6599944e-001	  7.8465286e-001	  4.6511577e-001	 -1.1731862e+000	 -1.0414871e+000	 -4.0847834e-001	  1.6125575e+000	 -3.8329264e-001	 -6.4429846e-001	
 -5.6693456e-001	 -3.2326546e-001	 -8.8056711e-001	 -1.0414696e+000	 -1.6165230e+000	 -1.6158317e+000	 -8.1207025e-001	 -1.5960026e-001	  1.6125575e+000	  5.5255765e-001	  1.6760301e-001	
 -1.4609568e+000	 -4.6475186e-001	 -5.2367520e-001	 -5.2347699e-001	 -1.4202782e-001	  1.4187582e-001	 -1.8700434e-001	  3.7907755e-001	  1.6125575e+000	 -7.2611502e-001	  7.3996165e-001	
  4.0883015e-001	  8.7525709e-001	 -9.7661389e-001	 -9.2153723e-001	 -1.0808047e+000	  6.7474496e-001	  4.9609991e-001	  1.0414842e+000	  1.6125575e+000	 -5.5463990e-001	  4.9379095e-001	
 -1.2232627e+000	 -7.7741654e-001	 -4.0972981e-001	  4.8124884e-001	 -6.1268236e-001	 -7.2311585e-001	 -5.5342152e-001	  4.0734978e-001	  1.6125575e+000	  6.3447897e-002	  2.9968801e-001	
 -2.1315898e+000	 -5.8380084e-001	 -5.6800995e-001	  1.0570115e+000	  1.9388701e-001	 -2.9977541e-001	 -4.9392971e-001	  1.0674245e-001	  1.6125575e+000	  7.4057046e-001	 -1.9456259e-001	
 -9.1655679e-001	  4.3734281e-001	 -1.0384811e+000	 -5.5341911e-001	 -1.0374521e+000	  1.3635111e+000	  8.5667049e-001	  9.4072545e-001	  1.6125575e+000	  6.4391872e-001	  3.5379202e-001	
 -1.2887240e-001	 -6.1463929e-001	  3.2663855e-001	 -1.6016747e-001	 -1.4617416e+000	  3.8126005e-001	 -1.3689284e-002	  4.3685560e-004	  1.6125575e+000	 -1.9551417e-001	  8.4333869e-001	
 -1.6156686e+000	 -3.7907483e-001	  3.8121293e-001	 -4.9392913e-001	 -7.5670077e-001	  9.1668939e-001	  4.3736441e-001	  3.2326871e-001	  1.6125575e+000	 -9.1381559e-002	  3.2662872e-001	
 -6.1227925e-001	 -4.2158613e-001	 -1.6844331e-001	 -4.2974344e-004	 -1.2771997e+000	 -1.5341911e+000	 -3.9316806e-001	 -2.9584729e-001	  1.6125575e+000	  4.9398872e-001	  9.5587406e-001	
 -1.0582930e+000	 -5.2348653e-001	  8.9775093e-002	 -7.4352946e-001	 -1.3340642e+000	  1.9529811e+000	  1.1249322e+000	  5.2348787e-001	  1.6125575e+000	  1.6725614e-001	  3.8120060e-001	
  3.6746221e-001	  9.3279631e-001	  1.8065784e-001	 -6.4597398e-001	 -2.0356386e+000	  3.1325931e-001	  3.2366629e-001	 -1.5960026e-001	  1.6125575e+000	 -6.1502512e-001	  1.9373515e-001	
 -1.2764978e+000	 -2.9568300e-001	  1.2859945e-001	  4.8124884e-001	  4.3684022e-001	 -7.2311585e-001	 -2.1396055e-001	  2.2750180e-001	  1.6125575e+000	 -1.6933840e-001	  9.1716502e-001	
 -1.0582930e+000	  4.0848854e-001	  3.8121293e-001	 -6.9404407e-001	 -5.0846030e-001	  6.1237528e-001	  1.5962578e-001	 -3.3761638e-001	  1.6125575e+000	 -7.7630748e-001	  2.7294838e-001	
  3.8565584e-002	 -1.0844374e+000	  7.0715014e-001	  1.2495037e+000	  1.6162591e+000	  4.6512114e-001	 -2.6827515e-001	  1.5223854e+000	 -6.0348188e-001	 -2.1385764e+000	 -1.3964720e+000	
 -7.7311269e-001	 -6.4598557e-001	  2.1999613e-001	 -4.3588951e-001	 -2.0725357e-001	  2.4658335e-001	 -4.6474298e-001	  1.5223854e+000	 -1.2263545e+000	 -8.4620237e-001	 -1.7111046e+000	
 -3.2668094e-001	 -8.8405202e-001	  1.2859945e-001	 -4.0733973e-001	 -2.7331116e-001	 -8.4288334e-001	 -1.0844372e+000	  1.5223854e+000	 -1.2263545e+000	  9.1806971e-001	 -1.1747991e+000	
 -1.1730762e+000	 -1.5223936e+000	  8.0802378e-001	  1.1485507e+000	  1.7094144e+000	 -3.5382541e-001	 -5.8379364e-001	  1.5223854e+000	 -1.2263545e+000	  1.3973482e+000	 -1.2250417e+000	
 -6.7464144e-001	 -8.1207423e-001	 -8.0886154e-001	  6.1856698e-001	  7.0693123e-001	  1.8184352e+000	  7.6726011e-001	  1.5223854e+000	 -1.2263545e+000	 -1.4660715e+000	 -9.9679120e-001	
 -5.2265142e-001	 -1.0206230e+000	 -7.4082819e-001	  2.2724013e-001	  6.4332197e-001	 -3.9499655e-001	 -9.2155098e-001	  1.5223854e+000	 -1.2263545e+000	 -1.5393564e+000	 -1.2783365e+000	
 -1.9527240e+000	 -9.2155342e-001	  4.3686591e-001	 -8.4757612e-001	 -2.0356386e+000	  1.6607706e+000	  5.5641507e-001	  1.5223854e+000	 -1.2263545e+000	 -1.6212151e+000	 -1.3352390e+000	
 -1.3333367e+000	 -8.4759108e-001	 -1.3287839e-002	  7.3296550e-001	  1.4971031e+000	 -1.2233787e+000	 -8.4758760e-001	  1.5223854e+000	 -1.2263545e+000	 -2.1385764e+000	 -1.9553198e+000	
 -4.6504281e-001	 -7.4354267e-001	  5.5228241e-001	 -8.1205986e-001	 -1.2239406e+000	 -1.0369516e+000	 -1.5223996e+000	  1.5223854e+000	 -3.3950752e-002	 -1.3994305e+000	 -1.6178870e+000	
 -1.1255023e+000	 -6.7788452e-001	  7.3999043e-001	  8.5662945e-001	  1.1982205e+000	 -5.2268325e-001	 -5.3519963e-002	  1.5223854e+000	 -3.2464386e-001	 -2.1385764e+000	 -1.4630020e+000	
 -2.4135660e+000	 -9.6020536e-001	  2.5965429e-001	 -6.9404407e-001	 -1.8191398e+000	  7.0685693e-001	  5.2722485e-002	  1.5223854e+000	 -1.2263545e+000	 -1.8243061e+000	 -1.5361647e+000	
 -1.5340377e+000	 -7.1038543e-001	  2.5321017e-002	  3.2364168e-001	  1.1258723e+000	 -4.6506772e-001	 -8.8404906e-001	  1.5223854e+000	 -1.2263545e+000	  9.5684339e-001	 -5.0908239e-001	
 -3.5381386e-001	 -1.0206230e+000	  6.7500461e-001	  8.9413023e-001	  1.3338002e+000	 -3.9499655e-001	 -6.7787865e-001	  1.5223854e+000	 -1.2263545e+000	 -1.3380952e+000	 -1.8206394e+000	
 -1.6783308e-001	 -5.5342915e-001	 -1.1647835e-001	  7.3296550e-001	  5.8205035e-001	 -2.5686310e-002	 -2.4104457e-001	  1.5223854e+000	 -4.7633247e-001	 -1.7145884e+000	 -1.1271719e+000	
