  5.6235371e-001	 -2.2985997e-001	  5.6033538e-001	  3.2774128e-001	 -4.8009468e-001	  6.6095286e-001	 -9.2242903e-001	 -4.3869779e-001	  1.8939499e-001	  3.8470492e-001	  5.2407879e-001	
 -2.8396945e-002	  1.7689092e+000	 -1.8829814e+000	 -2.4082406e+000	  2.1998401e+000	  2.8130462e-003	  2.0930695e+000	 -1.2393216e+000	 -1.8469007e+000	  1.6761342e+000	  1.1160008e-001	
  3.7456528e-001	 -5.8701722e-001	  1.0787675e+000	  1.0532169e+000	 -4.9255599e-001	  2.3937330e-001	 -2.0578645e-001	  2.2960361e-002	  2.8493364e-001	 -3.4817306e-002	  1.6766428e-001	
 -3.2166972e-001	  1.3049026e-001	 -2.3339965e-001	 -1.6400157e-001	  6.7629379e-001	  2.9663601e-001	 -2.2390973e-002	 -1.4556442e-001	 -5.2030560e-002	  3.7981591e-001	  9.7099648e-002	
  8.9834515e-001	  1.4704425e-001	 -6.9260526e-002	 -2.2891289e-001	  3.8794282e-001	  1.2224930e+000	 -1.7623533e-001	 -1.0187195e+000	 -2.8523328e-001	  4.7207817e-001	  1.4108207e+000	
  4.1087858e-001	 -9.5488741e-001	 -1.5210874e-001	  4.6803729e-001	  6.8450424e-001	  7.8906064e-002	 -3.6474936e-001	  5.4225845e-001	  5.9240352e-001	 -9.4509436e-001	 -2.8938513e-001	
 -7.2170026e-002	 -1.2740509e+000	 -5.9871281e-002	  8.8565355e-001	 -9.2310593e-001	 -6.2221453e-002	 -1.3697168e+000	  9.8856648e-001	  1.4564322e+000	 -1.6117695e+000	 -4.3948915e-001	
  3.5346084e-001	 -9.0714521e-001	  6.9431951e-001	  9.4492056e-001	 -6.2047465e-001	  3.2429504e-001	 -1.4851498e+000	  5.0090990e-001	  7.1329202e-001	 -7.2563912e-001	 -2.2332549e-001	
  5.1620958e-001	  1.9889336e-001	  1.0038248e+000	  4.2967758e-002	 -2.0095581e-001	  7.4264586e-001	 -5.5833692e-001	 -4.9000035e-001	 -3.3654398e-001	  7.0375760e-001	  2.6922795e-001	
  8.1272697e-001	 -1.5432051e+000	  1.5332305e+000	  2.0179152e+000	 -8.4037397e-001	  6.3842990e-001	 -1.5765826e+000	  5.2153878e-001	  1.4740649e+000	 -9.6814221e-001	  1.0191392e+000	
  2.4142737e-001	 -7.8296299e-001	  5.9886101e-001	  9.6477713e-001	  3.7204728e-002	  1.4752977e-001	 -3.2384226e-001	  4.0963434e-001	  6.8802066e-001	 -5.7778738e-001	  2.9934406e-001	
 -7.5137760e-002	 -2.2402003e+000	  2.6778398e+000	  3.0075072e+000	 -2.3617847e+000	 -4.4954814e-001	 -2.4228800e+000	  1.9368015e+000	  2.0853441e+000	 -2.1666878e+000	 -6.8590726e-001	
  1.0230308e+000	 -5.0171598e-001	  1.4891114e+000	  6.4479156e-001	 -4.0738243e-001	  5.2633224e-001	 -7.1976836e-001	 -9.7128429e-002	  1.7829137e-001	 -4.7791828e-002	  1.1505613e-001	
 -5.2437514e-001	  1.0816545e+000	 -2.6653523e-001	 -9.9184611e-001	  1.2184145e+000	 -1.0040696e-001	  1.5535794e+000	 -5.8690064e-001	 -9.6116510e-001	  7.7032352e-001	  1.3141975e-001	
 -7.3532698e-001	  1.4047032e+000	 -1.8083380e+000	 -1.9669508e+000	  9.8819530e-001	 -4.7331618e-002	  1.4126016e+000	 -8.9750011e-001	 -1.1845423e+000	  1.2686739e+000	  1.2557220e-001	
  6.1270247e-001	 -1.8887120e+000	  2.8828515e-001	  1.3634525e+000	 -1.0322543e+000	  3.3689505e-001	 -1.6587097e+000	  9.2150002e-001	  1.7356369e+000	 -1.6002905e+000	  4.7235511e-001	
  2.7886429e-001	 -7.8442708e-001	 -3.1558496e-001	  3.0388308e-001	  3.7494559e-001	 -4.9773467e-002	 -4.6057814e-001	  6.2247826e-001	  4.9845402e-001	 -5.1088131e-001	 -8.2672935e-001	
  5.6089659e-001	 -1.9670780e-001	 -4.9259316e-001	  1.7550785e-002	  1.0636702e-002	  6.6008147e-001	  2.1459592e-001	 -2.2241778e-001	  8.0604395e-002	 -4.6757663e-002	  5.5813530e-001	
 -7.8104819e-001	  2.9364820e-001	  1.9556909e-001	  1.4340360e-001	  4.8678972e-001	 -5.7261363e-001	 -6.8792481e-001	  2.1341786e-001	 -1.5612482e-001	 -1.6504479e-001	 -5.3322923e-001	
 -4.4408992e-001	 -1.5182862e+000	  2.3697539e+000	  2.5740027e+000	 -2.0694574e+000	 -7.6703374e-001	  1.4463640e-001	  1.5856242e+000	  1.6588264e+000	 -1.6848170e+000	 -5.0186589e-001	
  2.1266889e-001	 -6.2754583e-002	  2.6673647e-001	  3.0708662e-001	  7.2904760e-001	  7.7532327e-001	 -2.5007786e-001	 -5.7776469e-001	 -1.0314158e-001	  2.5912229e-001	  4.2010560e-001	
 -2.6921670e-001	  5.9918640e-002	 -1.3748149e+000	 -6.8677254e-001	  2.4275099e-001	  4.0325233e-001	 -2.3483926e-001	 -3.4296612e-001	  7.8596609e-002	 -8.4770390e-002	  6.5108902e-001	
 -6.2211424e-001	  8.5394582e-001	 -4.3138086e-001	 -7.7120419e-001	  2.0206514e-001	 -7.7481012e-001	 -8.7224493e-002	 -1.8073778e-001	 -7.0438732e-001	  3.5977081e-001	 -6.7405097e-001	
  1.3769037e+000	 -8.6625439e-001	 -1.2901797e-001	  9.0879731e-002	 -6.1315889e-001	  1.2682990e-001	 -4.4995226e-001	  2.1461374e-002	  3.8710996e-001	 -8.5275136e-001	  6.1271775e-001	
 -5.5557116e-001	 -8.2571537e-002	  1.4300449e+000	  1.2567566e+000	 -1.8793030e+000	 -2.4958358e-001	 -1.9005481e-001	  3.4394576e-001	  2.9520034e-001	 -3.0754338e-001	 -2.3021133e-001	
  3.6117296e-001	 -2.5234274e-001	 -3.7638787e-002	  3.6217758e-001	 -1.3947457e+000	  1.1950290e-001	  2.6945351e-001	  1.9688439e-001	  4.7527110e-001	 -2.3292893e-001	  3.2683076e-001	
 -3.8316062e-001	  8.6224790e-002	 -5.1769206e-001	 -1.0659740e-001	  3.3674430e-001	  2.2701326e-002	 -2.1561687e-001	 -1.9138626e-001	  7.3832402e-003	  5.0938813e-001	  5.1136938e-001	
 -7.8175633e-001	  1.2580283e+000	 -1.4746352e+000	 -1.7383195e+000	  1.7402039e+000	 -2.2478861e-001	  6.3407558e-002	 -6.0582635e-001	 -1.1456609e+000	  7.7362968e-001	 -2.5257445e-001	
 -7.6079532e-001	  1.4365432e-001	 -1.4006349e-001	 -2.6772584e-004	 -1.3214537e+000	 -6.3366790e-001	 -6.2224278e-001	  1.0251550e-001	  1.7145108e-001	 -4.9597295e-001	  4.9741164e-002	
  4.1809097e-001	 -1.3897893e-002	  1.2118296e+000	  5.0226050e-001	  3.0118122e-001	  3.3954777e-001	 -2.4211241e-001	 -1.0773432e-002	 -1.6374697e-001	  3.3355419e-002	  2.4504121e-001	
  1.2020405e+000	 -3.3903714e-001	 -1.1002888e+000	 -1.3777126e+000	  1.2726198e+000	  9.5417604e-001	 -6.3688473e-001	 -4.3150669e-001	  3.2554807e-001	 -9.2783087e-003	  5.8339327e-001	
  7.6964982e-001	 -3.8247571e-001	 -7.2855822e-001	 -6.9702962e-001	  1.8903615e+000	  7.1857569e-001	 -2.7434765e-002	 -2.1910565e-001	  2.4834287e-001	 -6.0874410e-002	  6.7641837e-001	
  4.2942167e-002	 -6.7476626e-001	  1.0906492e+000	  4.0190959e-001	 -6.4980168e-001	 -1.5315241e-001	 -3.1870584e-001	  4.4123195e-001	  5.2230288e-001	 -4.2594404e-001	 -2.0300473e-001	
 -3.8151734e-001	 -3.7448748e-001	 -2.4807293e+000	 -2.3169277e+000	  1.3184350e+000	 -3.5004568e-001	  5.2725135e-001	  6.2538384e-001	  2.4833094e-001	 -3.3973652e-001	 -1.1820735e+000	
 -7.0541386e-001	  2.0004512e-001	  2.0699059e-001	  8.1812015e-001	 -5.4812259e-001	 -4.0707664e-001	  2.8312762e-001	  5.3479960e-002	 -1.8640275e-001	 -1.3018549e-001	  1.1569379e-001	
  8.2395529e-001	  4.1458854e-002	 -4.4786990e-001	 -6.2120702e-001	  1.0078439e+000	  9.3229297e-001	 -4.4160998e-002	 -5.4257871e-001	 -3.3741671e-002	  4.5790964e-002	  4.5168365e-001	
 -1.8349572e+000	  8.5486435e-001	  9.6747156e-001	  1.3316691e+000	  4.1245988e-001	 -9.1525518e-002	  3.7675560e-001	 -1.2611228e-001	 -9.6232149e-002	  7.0991827e-002	  5.1723758e-001	
  5.6236649e-001	  1.1481990e-001	 -1.4628590e+000	 -9.3354566e-001	  2.0913835e+000	  7.5913912e-001	  4.9690889e-001	 -5.4486938e-001	 -3.4433794e-001	  5.9884752e-001	  1.5353793e-001	
  1.1123882e+000	 -4.7930513e-001	  1.3264377e+000	  5.5709520e-001	 -6.3090463e-001	  1.1773622e+000	 -1.9027805e+000	 -3.0863970e-001	  2.6754869e-001	 -1.0401852e-002	  8.9857531e-001	
  2.4760867e-001	 -2.8504345e-001	 -1.9040413e+000	 -2.4711991e+000	  1.4530458e+000	  2.6694992e-001	  4.6648447e-002	  6.8829533e-002	  3.0297100e-001	 -2.4016740e-001	  3.8354606e-001	
  9.8856630e-001	 -6.4991841e-001	 -8.2025437e-002	 -9.4405292e-003	 -2.9002978e-001	  6.0509824e-001	 -6.1326821e-001	  1.0777549e-002	  4.8341078e-001	 -2.1521866e-001	  5.2904335e-001	
  1.2609916e+000	 -3.4422725e-001	  1.1076979e+000	  3.7760951e-001	  1.0464236e+000	  9.5473241e-001	 -4.3336459e-001	 -5.4763882e-001	  1.2209392e-001	  1.7350953e-001	  1.2227264e+000	
 -4.9097769e-001	  3.8443027e-001	 -1.6561391e-001	 -3.1354073e-001	  1.2666550e-001	 -9.3406057e-002	  1.8431634e-001	 -1.3760406e-001	 -2.3453495e-001	 -1.3787963e-001	  1.3333262e-001	
  7.7171428e-002	 -2.3428230e-001	 -6.6713315e-001	 -4.8193951e-001	  1.1106048e+000	 -2.0809986e-001	  2.9389825e-001	  3.1853709e-001	  7.0745796e-002	  1.4095501e-001	 -4.4749992e-001	
  7.5649998e-001	  1.6149606e+000	  1.6116265e+000	 -3.2152064e-001	 -1.8176900e+000	  1.2390244e+000	 -4.8164297e-001	 -2.0301618e+000	 -1.7221734e+000	  2.0505477e+000	  1.5226822e+000	
 -7.5492780e-001	  5.0906421e-001	  3.7135230e-001	  1.4016730e-001	  7.9153208e-002	 -2.8478830e-001	  7.6987832e-001	 -2.0199353e-001	 -9.8140167e-002	  2.9457734e-001	 -4.5342784e-002	
 -7.9646214e-001	 -1.0562370e+000	 -5.5957723e-002	  8.6557191e-001	 -8.9916095e-002	 -3.9292133e-001	 -2.3318463e-001	  1.0408052e+000	  1.3692416e+000	 -1.7787655e+000	 -2.2985163e-002	
 -5.9394078e-001	 -4.6052070e-001	 -5.9050828e-001	  3.3534907e-001	 -8.7788720e-002	 -5.5499507e-001	 -8.9439628e-002	  6.9178368e-001	  3.6154809e-001	 -4.3567317e-001	 -7.1758552e-001	
 -8.3915884e-002	  1.8148106e-001	 -2.3991822e-001	 -7.3389516e-003	 -2.4890409e-001	 -7.7154169e-001	  9.5297638e-001	  3.2858867e-001	 -3.0414632e-002	 -1.5666463e-001	 -7.4935932e-001	
  1.3018435e-001	 -5.6779146e-001	 -9.0078022e-001	  3.2168713e-001	  6.5151444e-001	 -3.1343471e-001	 -1.1502795e-001	  4.3547623e-001	  6.2468302e-001	 -6.4615992e-001	  3.2950037e-001	
  8.5774971e-001	  2.8371833e-001	  7.5995146e-001	 -3.8461038e-001	 -8.9269548e-001	  9.0894534e-001	 -3.4905064e-001	 -8.4323562e-001	 -5.7413668e-001	  6.8816966e-001	  6.9255186e-001	
  4.9097987e-001	  7.4108504e-001	  1.4119204e+000	  2.0606534e-001	 -6.4029642e-001	  1.2364134e-001	  2.1624202e-001	 -7.2938034e-001	 -1.0507089e+000	  5.4588577e-001	 -1.1914111e-001	
  3.8732449e-001	  1.7138471e+000	  1.4935002e+000	 -5.9892950e-001	 -1.4338332e+000	  9.2086650e-001	  2.0765917e-001	 -1.8962584e+000	 -1.6955323e+000	  1.8996221e+000	  8.9669502e-001	
  8.6874416e-001	 -1.4736818e+000	 -7.6117046e-001	  5.5167681e-001	  1.5265425e+000	  3.6709884e-001	 -5.7075182e-002	  4.4507547e-001	  1.2290629e+000	 -7.2688342e-001	  1.4784162e-001	
  5.1675122e-001	  8.7940723e-001	  1.0660767e+000	 -1.7174668e-001	 -1.3737600e+000	  6.0867533e-001	 -3.4322144e-001	 -1.0491648e+000	 -9.4787485e-001	  7.6164320e-001	  3.3408045e-001	
 -3.5982632e-001	  2.0022063e-001	  3.9742226e-001	  5.9693257e-001	  4.9129974e-001	 -5.4349685e-001	  5.6720729e-001	  1.6209849e-001	 -4.3128652e-002	 -1.6367209e-002	 -4.1368528e-001	
 -1.2156463e-003	  4.8355973e-001	  4.7420505e-001	 -1.2413672e-001	 -4.1189599e-001	  6.0304288e-001	 -3.5280824e-001	 -5.8324473e-001	 -4.1746838e-001	  6.2451481e-001	  3.6010128e-001	
 -1.4124751e-001	 -2.5684324e-001	 -1.8928643e+000	 -6.5353263e-001	  1.2070463e+000	 -3.1450349e-001	  2.2000122e-001	  4.2405880e-001	  3.1880152e-001	 -5.0343778e-001	 -4.3713994e-001	
  1.0640337e+000	 -1.4548483e-001	  5.2524085e-001	  5.2890457e-001	 -2.5535176e-001	  1.1538801e-001	 -1.1239099e-001	  1.3888459e-001	  2.7150312e-001	 -4.0699315e-001	  1.4236347e-001	
 -2.8933656e-001	 -2.0678799e-001	 -2.4413765e-001	  2.8385583e-002	  3.0733986e-001	 -8.5218823e-001	  7.7432778e-001	  7.9231253e-001	  7.8798839e-001	 -7.1596049e-001	 -5.1678547e-001	
  5.2464745e-001	 -3.0730329e-001	 -9.3753573e-001	 -8.7910585e-001	  7.6813024e-001	  1.0657895e+000	 -2.5989040e-001	 -6.1785205e-001	 -4.6620531e-001	  8.4994674e-001	  3.9280167e-001	
  2.7162166e-002	 -3.5339455e-001	 -2.2190915e-001	 -3.5727410e-002	  1.4582497e-001	  1.0590677e-001	 -4.9706831e-001	  1.8919282e-001	  6.1930565e-001	 -6.0102710e-001	  2.2763346e-001	
  3.9403333e-001	 -2.3641348e-004	 -8.7439240e-001	  4.8376287e-001	 -1.5598463e+000	 -3.8524240e-001	 -4.0205482e-001	  5.1725179e-001	  9.1714570e-001	 -4.7189115e-001	  2.1651197e-001	
 -2.9584339e-001	 -7.2058804e-002	  5.4844222e-001	  6.2862516e-001	  4.4787260e-001	 -6.5981704e-001	  5.7248501e-001	  5.2048357e-001	  2.0813243e-001	 -1.1182005e-001	 -4.4940845e-001	
  7.8828736e-001	 -1.0406922e-001	 -1.0925427e+000	 -1.3899899e+000	  7.3595729e-001	  1.2457375e+000	 -5.7100432e-001	 -8.6369306e-001	 -1.0397349e+000	  9.3894136e-001	 -2.1252978e-001	
  3.3151258e-001	  1.3243661e-001	 -7.2583586e-001	 -7.0612793e-001	  6.5056198e-001	 -5.2465748e-001	  5.7713793e-001	  2.3320919e-001	 -4.1953963e-001	  1.5657521e-001	 -5.2262534e-001	
  2.7518521e-001	 -2.9589707e-002	  6.5540710e-003	  8.5044279e-001	 -2.1900148e+000	 -6.8990052e-001	 -7.1541532e-001	  3.5435160e-001	  1.3029926e+000	 -9.4956441e-001	  7.4122642e-001	
  2.7696010e-002	 -5.9624570e-002	  8.8731494e-002	  8.3801260e-001	 -5.8480895e-001	 -7.0291376e-001	 -2.6033226e-001	  8.0180164e-001	  1.2484226e+000	 -1.3123411e+000	  3.4032386e-001	
  7.0294670e-001	 -1.9502884e-001	  4.4326792e-001	  4.8982407e-001	 -3.0015953e-001	  7.4137301e-002	 -1.0418595e-001	  8.5231552e-002	  5.1778497e-001	 -1.2060191e-001	  2.3009347e-001	
 -9.3931226e-002	  8.5991670e-002	  9.2275912e-001	  2.2909776e-001	  1.4212854e+000	  3.8720122e-001	  2.5008684e-001	 -2.6648602e-001	 -4.6888721e-001	  4.1655365e-001	 -1.0917822e-001	
 -1.0490065e-001	 -6.1420958e-002	  3.2383293e-003	 -3.3278992e-002	  1.2818032e-001	 -1.7704569e-001	  5.0198247e-001	  1.3731472e-001	 -2.1702558e-001	  4.5845234e-001	 -4.3011625e-001	
  4.1419581e-003	 -2.3713270e-001	 -4.2034824e-003	 -1.0145933e+000	  1.7424764e-001	  1.7702156e+000	 -1.0818242e+000	 -1.1458662e+000	 -1.5412941e+000	  1.2743103e+000	  1.3703728e-001	
  7.7201996e-001	 -2.0736280e+000	 -4.8428955e-001	 -4.4608899e-001	  1.1452683e+000	  1.8053337e-001	 -1.1023605e+000	  1.2634270e+000	  1.8730426e+000	 -1.7520756e+000	 -9.9750358e-002	
 -7.6258528e-002	  2.0563854e+000	  1.0194337e+000	  2.8806679e-001	 -1.2013860e+000	  1.8908752e-001	  9.7288483e-001	 -1.5891390e+000	 -2.0497514e+000	  1.7280055e+000	  9.9352960e-001	
 -5.7894780e-001	 -1.5652390e+000	 -5.0702162e-002	 -1.0244132e-001	  4.0277498e-001	 -7.7967387e-001	 -3.9029016e-001	  1.4370853e+000	  1.7846638e+000	 -2.0807612e+000	 -4.5375928e-001	
 -4.6703135e-001	 -1.4785292e+000	 -6.4196850e-001	 -3.8037210e-001	  4.7896541e-001	 -4.3807793e-001	 -4.8644485e-001	  1.2249137e+000	  1.6804488e+000	 -1.4666089e+000	 -4.0211338e-001	
 -1.1179217e+000	  1.6839567e+000	  1.7507153e-001	 -5.8458706e-001	 -3.1236510e-001	 -3.5432806e-001	  1.0730306e+000	 -8.0009747e-001	 -1.5144219e+000	  1.6674110e+000	  2.3331363e-002	
 -5.0934939e-001	  1.9766263e+000	 -4.1245449e-001	 -4.7044973e-001	 -3.9754001e-001	  2.4198425e-001	  1.5073868e+000	 -1.7295222e+000	 -1.9020182e+000	  1.7881226e+000	  7.0272379e-001	
 -5.0340424e-001	  1.6487756e+000	  1.4725960e+000	  1.7580009e+000	 -2.4601401e+000	 -3.7978076e-001	  5.7937852e-001	 -1.0058768e+000	 -1.5781348e+000	  1.6742028e+000	  1.1871996e-001	
 -2.5444697e-001	  1.7287455e+000	  1.2229091e-002	 -4.0658404e-001	  2.4087261e-001	  3.0700737e-001	  1.4128965e+000	 -1.3420692e+000	 -1.7274082e+000	  1.7081890e+000	  1.9938027e-001	
 -3.2240961e-001	  2.3024410e+000	  1.2372289e+000	  5.0225494e-001	 -1.0034223e+000	  4.3386556e-001	  9.0451124e-001	 -1.7955604e+000	 -2.0629942e+000	  2.4420878e+000	  1.0196990e+000	
 -6.3635436e-001	  2.2453580e+000	 -2.6846835e-001	 -5.9599544e-001	  3.9475282e-002	  1.3652608e-001	  1.5272833e+000	 -1.4178332e+000	 -2.0161118e+000	  2.0768801e+000	  5.0282329e-001	
  4.7100983e-001	  1.4744775e+000	 -7.3213238e-001	  5.5847603e-001	  1.1211455e-001	  3.8729394e-001	  1.4202018e+000	 -1.5310201e+000	 -1.5667693e+000	  1.2718630e+000	  5.5389403e-001	
 -7.7844805e-001	 -1.6809388e+000	  6.1365191e-002	 -6.1381377e-002	  1.3401375e+000	 -1.1121122e+000	 -3.7530411e-001	  1.8604554e+000	  1.7234827e+000	 -1.7199198e+000	 -9.2863484e-001	
  1.3175846e+000	  1.4133679e+000	 -4.0454399e-001	 -1.0453541e+000	  2.5771716e-001	  1.5585223e+000	  2.2883772e-001	 -2.1960019e+000	 -1.5303375e+000	  1.3733706e+000	  1.9370129e+000	
  7.9066546e-001	 -1.9265137e+000	 -1.5326719e+000	 -2.0378616e+000	  6.9192441e-001	 -7.0980138e-002	 -1.2589010e+000	  1.1491554e+000	  1.8275766e+000	 -1.4894484e+000	  3.7454308e-001	
  1.7757946e+000	  3.4073098e-001	 -1.6200434e+000	 -1.5969873e+000	  9.8328420e-001	  1.6448141e+000	 -5.4844167e-001	 -1.4469597e+000	 -5.6198948e-001	  8.7652828e-001	  1.7869124e+000	
 -2.6065707e+000	  5.1848089e-001	  9.3820373e-001	  3.7640578e-001	  7.0735835e-001	 -2.0973490e+000	  1.7561789e+000	  1.3585654e+000	 -8.6579314e-003	 -5.5115951e-001	 -1.9351738e+000	
 -2.8071229e+000	  1.2515729e+000	 -7.0033392e-001	 -8.8839855e-001	 -8.2397378e-002	 -3.0575068e+000	  2.9081764e+000	  1.3582853e+000	 -6.7400455e-001	 -1.3766116e-001	 -2.5196523e+000	
 -1.8265623e+000	 -4.2959525e-001	 -5.0418379e-002	  3.9693168e-001	 -1.1378700e+000	 -1.6965702e+000	 -3.9461715e-001	  1.6705777e+000	  5.5752213e-001	 -1.1590644e+000	 -2.0379785e+000	
 -2.4891936e+000	  1.1208307e+000	 -3.5942019e-001	 -4.6608459e-001	  1.7325119e-002	 -2.8986323e+000	  2.5677603e+000	  1.3879546e+000	 -7.0520482e-001	 -8.5053163e-002	 -2.9733354e+000	
 -1.4223919e+000	 -1.8438564e-001	 -6.1116436e-002	  2.2392995e-001	  6.5987188e-002	 -2.1988476e+000	  1.2511712e+000	  1.6079283e+000	  1.1045727e-001	 -5.9302366e-001	 -2.1543200e+000	
  6.6435916e-001	  1.2843683e+000	 -1.7680034e+000	 -1.8765719e+000	  1.2253946e+000	  1.2452838e+000	  7.3328311e-001	 -1.5886162e+000	 -1.3486305e+000	  1.5364757e+000	  6.9303508e-001	
  3.7601744e+000	 -9.3597192e-001	 -6.3054221e-001	  2.3493924e-001	 -1.0173840e+000	  2.6396283e+000	 -2.7172986e+000	 -1.5449907e+000	  6.0351156e-001	  2.1826246e-001	  2.5163912e+000	
  5.1053852e-001	 -1.7210673e+000	  2.1408179e+000	  2.7265542e+000	 -1.3056798e+000	 -4.7218222e-003	 -1.6968103e+000	  1.3407293e+000	  1.5291546e+000	 -1.4713234e+000	 -7.8750482e-001	
 -2.5028005e+000	 -1.0129939e-003	  4.5658232e-002	  2.1781165e-001	 -2.3914950e-001	 -2.6224934e+000	  1.3626141e+000	  2.1522545e+000	 -1.7768986e-001	 -8.6672844e-001	 -3.1288508e+000	
  2.3842495e+000	 -6.3639950e-001	  1.1277954e+000	  1.0719257e+000	 -1.1318151e+000	  2.9111241e+000	 -2.6224093e+000	 -1.7437796e+000	  7.4401175e-001	  5.5176256e-001	  2.9233174e+000	
 -1.5025027e+000	 -1.4873471e-001	 -7.8363458e-001	 -6.7387564e-001	 -7.7243149e-001	 -1.7581560e+000	  8.5349348e-001	  1.4161590e+000	  3.0992933e-001	 -6.5896738e-001	 -1.9255955e+000	
 -1.8547376e+000	  3.5784338e-001	 -9.2714193e-001	 -6.1933811e-001	  5.3674143e-001	 -2.1872368e+000	  1.7669717e+000	  1.4497717e+000	 -3.1223143e-001	 -2.7276755e-001	 -2.3026977e+000	
 -1.1565579e+000	 -4.3270200e-001	 -5.7767429e-002	  6.4347837e-001	  3.7760019e-001	 -1.3852100e+000	  4.4600076e-001	  1.4386433e+000	  1.4092725e-001	 -6.0586317e-001	 -1.9557585e+000	
