 -3.8478928e-002	 -1.2989112e-001	 -5.4937266e-001	 -2.6559123e-001	 -2.1867436e-001	  1.3379977e-001	 -1.0235035e-001	 -6.5978726e-002	 -2.4471773e-002	  4.6875626e-001	  2.8339718e-003	
  3.1327095e-001	  3.0185444e-001	  2.2158688e-001	  9.0445041e-001	  2.0392548e+000	 -3.0201212e-001	  4.2613054e-001	  3.0037887e-001	  3.9958977e-001	 -3.8847423e-001	 -4.5831899e-001	
 -8.9325969e-001	 -9.9267607e-001	 -2.2376749e-002	 -1.2026578e+000	 -7.3454866e-001	  9.7159961e-001	 -1.0190939e+000	 -7.4790217e-001	 -8.4558749e-001	 -1.0607938e-002	  9.8473561e-001	
  1.2148026e+000	  1.2086633e+000	 -3.8438207e-001	  1.3705009e+000	  7.1031202e-001	 -1.1950031e+000	  1.3053400e+000	  1.0545660e+000	  1.0564878e+000	 -5.2231090e-001	 -1.2497482e+000	
 -6.3167451e-001	 -7.4488033e-001	 -6.8550581e-001	 -5.4291009e-001	 -1.2755745e+000	  7.4987020e-001	 -8.0173693e-001	 -6.2345548e-001	 -6.3267556e-001	  5.9465603e-002	  6.4795041e-001	
 -5.7618010e-001	 -6.8031586e-001	  1.2679102e-001	 -7.2642336e-001	 -6.0297171e-001	  6.9271672e-001	 -7.3253171e-001	 -4.3837603e-001	 -6.8678805e-001	  1.9300385e-001	  6.2617936e-001	
  5.1231015e-001	  4.9872669e-001	 -1.4726644e+000	  6.0507285e-001	 -1.5206800e+000	 -4.7543658e-001	  4.9711806e-001	  4.1832892e-001	  4.6260983e-001	  2.6454719e-001	 -4.4655365e-001	
 -7.5822976e-001	 -8.4379441e-001	  8.3538197e-001	  1.6294599e-001	  1.0135023e+000	  9.1676002e-001	 -9.3244334e-001	 -5.4075029e-001	 -9.2273247e-001	  3.1327575e-001	  8.5279376e-001	
  6.2399354e-001	  6.0060793e-001	 -3.0359064e-001	  1.0392893e+000	  9.9641246e-001	 -6.0541942e-001	  7.1185938e-001	  5.5117202e-001	  6.3614912e-001	 -6.6404869e-001	 -6.2247340e-001	
 -8.4336230e-001	 -9.2350114e-001	  6.0503540e-001	 -3.7484366e-001	  6.3301704e-001	  9.4517120e-001	 -9.6487003e-001	 -7.1428727e-001	 -7.9035913e-001	  3.6755182e-001	  9.1409299e-001	
 -4.9759546e-001	 -5.1684331e-001	  3.5230165e-001	  9.3377824e-002	  1.2699048e+000	  5.1149999e-001	 -4.9451996e-001	 -4.2709938e-001	 -2.5305499e-001	  3.6524439e-001	  2.7616818e-001	
  8.3398681e-002	  1.0498157e-001	  3.4031287e-001	 -2.1562387e-001	  8.4897492e-001	 -1.1608076e-001	  1.5101065e-001	  2.5868744e-001	 -8.4409426e-002	 -3.9957825e-001	 -1.1284489e-001	
 -3.2049076e-001	 -5.1095818e-001	  3.3530113e-001	  1.8173524e-001	 -3.0415797e-001	  5.0961648e-001	 -5.2129201e-001	 -4.9204141e-001	 -2.4407017e-001	  5.1809840e-001	  4.6202679e-001	
  5.8324534e-001	  5.3917020e-001	 -8.7203430e-001	  1.0990460e+000	 -3.6321766e-001	 -5.7986123e-001	  6.6927146e-001	  4.5989456e-001	  6.5049486e-001	 -3.7531679e-001	 -7.3593782e-001	
  1.2601620e+000	  1.1943896e+000	 -1.8769807e+000	  1.8859490e-001	 -2.3863193e+000	 -1.1992557e+000	  1.2501617e+000	  9.5921869e-001	  1.1117154e+000	 -5.7379327e-001	 -1.0696825e+000	
 -7.1256739e-001	 -7.4497215e-001	  2.9560208e-001	 -3.6284780e-001	 -2.9469408e-002	  6.9848403e-001	 -7.1290137e-001	 -5.2021209e-001	 -6.1758313e-001	  4.5976872e-001	  6.5608867e-001	
  1.2071889e+000	  1.2269393e+000	 -1.6352768e+000	  1.4508954e+000	 -4.5495721e-001	 -1.2329053e+000	 -8.7659945e-002	  8.9589342e-001	  1.2797670e+000	  1.8785583e-001	 -1.1149529e+000	
 -7.9926359e-001	 -9.7099741e-001	 -4.2732450e-001	 -9.6440761e-001	 -9.5845014e-001	  1.0179284e+000	 -9.2169152e-002	 -8.2955249e-001	 -6.5129471e-001	  3.9949418e-001	  8.4952445e-001	
 -1.2314948e+000	 -1.3062322e+000	  9.3552276e-001	 -8.7484906e-001	  1.2205814e+000	  1.3220547e+000	 -6.7331860e-002	 -9.6474899e-001	 -1.1103544e+000	  4.0989117e-001	  1.0735112e+000	
  6.6571422e-001	  6.2592476e-001	 -1.2878299e+000	  4.1232998e-002	 -2.2719596e+000	 -5.9740540e-001	 -9.2979037e-002	  5.9300324e-001	  5.1939314e-001	 -4.2377986e-001	 -5.7333240e-001	
  4.9225161e-001	  4.7747314e-001	 -3.6513787e-001	  4.2074697e-001	 -8.2617782e-001	 -4.6387266e-001	 -9.7267487e-002	  4.0461314e-001	  5.9459265e-001	 -3.2919792e-001	 -5.5354116e-001	
  1.3845157e+000	  1.4709621e+000	 -1.0431336e+000	  1.3898706e+000	  2.3111152e-001	 -1.4551228e+000	 -1.0226216e-001	  1.2916662e+000	  1.2886185e+000	 -5.1531177e-001	 -1.3412021e+000	
 -7.8735564e-001	 -9.4225866e-001	  1.3499982e+000	 -7.1542337e-001	  1.3208230e+000	  9.4213473e-001	 -9.1467473e-002	 -7.1674645e-001	 -8.9499370e-001	  1.8611586e-001	  7.8292379e-001	
 -5.7613274e-001	 -6.7839011e-001	 -2.5530703e-001	 -9.6472871e-001	 -1.4252157e+000	  7.2183981e-001	 -8.1862833e-002	 -4.9627115e-001	 -4.4681424e-001	  3.0886190e-001	  5.6613999e-001	
  9.1662936e-001	  8.2531336e-001	 -5.0434212e-001	  1.6942049e+000	  1.4504805e+000	 -8.1998882e-001	 -7.3687518e-002	  6.0738056e-001	  9.4756354e-001	 -3.1345370e-001	 -9.5623046e-001	
  4.2264827e-001	  4.0488175e-001	 -2.0242867e-001	 -8.2386191e-002	 -9.0089516e-001	 -4.0753008e-001	 -1.0321268e-001	  4.3617032e-001	  4.7478299e-001	 -1.3134290e-001	 -4.2778394e-001	
  3.7193903e-001	  3.2298898e-001	 -8.6346328e-001	  5.7303403e-001	 -9.5437804e-001	 -3.4840910e-001	 -7.9501259e-002	  1.4840387e-001	  4.0400545e-001	  2.3503898e-002	 -2.7347877e-001	
 -4.9612115e-001	 -5.8798340e-001	  9.4834228e-001	 -3.5713265e-001	  1.1562782e+000	  6.1461971e-001	 -6.1794426e-002	 -4.3608893e-001	 -4.9193015e-001	 -5.8499405e-002	  5.4668423e-001	
 -1.2521831e-001	 -1.8360540e-001	 -6.1673972e-001	 -4.0478205e-001	 -1.6928170e+000	  1.7034323e-001	 -1.2307153e-001	 -1.5199677e-001	 -1.5753556e-001	  1.4906057e-001	  1.6189330e-001	
  8.0196482e-001	  7.1757866e-001	 -5.4962750e-001	  7.6173111e-001	  2.2879313e-001	 -7.1508871e-001	 -8.7463101e-002	  4.6689794e-001	  7.2708696e-001	 -1.6126671e-001	 -7.0374704e-001	
 -1.1483288e-001	 -2.0487620e-001	 -3.2382329e-001	 -6.5058434e-001	 -1.9653599e+000	  1.9474987e-001	 -2.4955438e-001	 -1.9350586e-001	 -1.2796232e-001	 -3.7217867e-002	  2.1954699e-001	
 -2.9676701e-001	 -2.5883371e-001	  1.3537855e+000	 -1.3397925e+000	  3.4302336e-001	  2.4745371e-001	 -2.0016394e-001	 -1.9688321e-001	  9.4534411e-002	  2.7504750e-001	  8.9168828e-002	
 -7.6339164e-002	 -1.0981078e-001	  9.1504538e-002	  5.5767311e-001	  3.4284286e-001	  1.2435670e-001	 -9.6152696e-002	 -6.6492389e-002	 -1.3514282e-001	  3.1735635e-002	  1.3852004e-001	
 -8.3015892e-002	 -9.7692095e-002	  2.9604526e-001	 -9.8961266e-001	 -9.9578940e-001	  1.2076503e-001	 -1.5475394e-001	  1.2065679e-002	 -9.4196782e-003	  1.1252262e-001	  8.2464380e-003	
 -2.8869558e-001	 -2.4756403e-001	 -9.5111449e-001	  8.3871563e-001	 -6.2439705e-001	  2.7117904e-001	 -2.8711335e-001	 -9.3652492e-003	 -2.1044011e-001	 -7.9904903e-002	  1.9262970e-001	
  4.4130449e-001	  4.6804858e-001	  3.0304850e-001	 -3.4738442e-001	  3.9569723e-001	 -4.6702509e-001	  5.5253327e-001	  4.9664008e-001	  3.7990651e-001	 -3.3849045e-001	 -5.4249974e-001	
 -4.5027368e-002	 -1.0117146e-001	 -2.4564857e-001	  7.3266732e-001	 -3.2867335e-001	  7.8332722e-002	 -3.5559479e-002	 -1.3844687e-001	  4.0753352e-002	 -1.4042138e-001	 -3.7388350e-002	
 -1.7981073e-001	 -2.3167896e-001	 -1.2185100e+000	  1.2647324e+000	 -8.0726733e-002	  2.6947671e-001	 -2.6875754e-001	 -9.9618524e-002	 -2.1339481e-001	  1.0912035e-001	  2.0336814e-001	
 -2.9177637e-001	 -3.8925933e-001	  1.9071883e+000	 -3.0063768e+000	 -2.8518643e-001	  3.8876191e-001	 -3.7710902e-001	 -4.7780689e-001	 -3.5558408e-002	  3.0882544e-001	  3.2664095e-001	
  2.7704415e-001	  2.6026709e-001	 -6.7981418e-001	  7.8443859e-001	 -8.1321787e-001	 -2.5865187e-001	  2.8868086e-001	  2.2699709e-001	  2.8443884e-001	 -3.1319652e-001	 -2.0180522e-001	
  2.0087623e-001	  1.5053342e-001	 -3.2489568e-001	 -9.2286684e-002	 -3.9617123e-001	 -1.8013554e-001	  1.7333965e-001	  2.0312879e-001	  3.7348335e-002	 -2.8048975e-001	 -1.9581277e-001	
  3.7266674e-001	  3.1339319e-001	  1.0442227e+000	 -7.7088579e-001	  4.7060844e-001	 -3.1242170e-001	  3.7991947e-001	  3.2577407e-001	  7.8392593e-002	 -6.3692122e-001	 -2.6735532e-001	
 -2.8500434e-001	 -3.5724774e-001	 -1.2668084e+000	  2.0061044e+000	  3.2575784e-001	  3.5239309e-001	 -3.7513027e-001	 -1.5239381e-001	 -4.1188021e-001	 -2.7363022e-001	  2.8172507e-001	
  3.5733837e-001	  2.4662647e-001	 -1.4006818e-001	 -8.6650111e-001	 -5.4885745e-001	 -2.4092225e-001	  2.7322233e-001	  1.3975642e-001	  4.4292926e-001	  3.2782910e-001	 -2.5236202e-001	
  3.8531958e-001	  3.6295410e-001	 -5.3925757e-001	 -1.6069957e-001	  1.3648083e-001	 -3.5356932e-001	  4.1547685e-001	  3.1455358e-001	  1.6142103e-001	 -3.3546148e-001	 -2.6068621e-001	
  3.7995702e-001	  3.3093448e-001	 -2.4798096e+000	 -3.4444624e-001	 -1.1310065e+000	 -3.5202627e-001	  4.0684586e-001	  3.8079076e-001	  2.8994912e-001	 -3.7142050e-001	 -4.1809550e-001	
 -4.6494253e-001	 -4.9686683e-001	  7.3706378e-001	  5.1254152e-001	  3.3773969e-001	  5.0253926e-001	 -4.9130006e-001	 -4.0344144e-001	 -3.3126693e-001	  6.3246321e-001	  3.5378747e-001	
  6.1239572e-001	  5.0619057e-001	 -2.5450680e-001	  2.1391369e-001	  1.2657469e-001	 -5.3220855e-001	  6.4344323e-001	  2.8562618e-001	  5.8165196e-001	  3.3331597e-001	 -4.9127203e-001	
  3.5450268e-001	  1.9895643e-001	 -5.0143317e-001	  2.1389874e-001	  7.2419981e-001	 -1.9729036e-001	  2.5606593e-001	  5.2097345e-002	  3.9731190e-001	  4.0947207e-001	 -2.4032948e-001	
  2.4590643e-001	  2.2251221e-001	 -4.9505691e-001	  1.9959049e-001	  8.8735641e-002	 -2.5988023e-001	  2.9776325e-001	  3.5667772e-001	 -3.4140818e-002	 -6.3185256e-001	 -2.6780439e-001	
 -4.8012395e-001	 -5.7484850e-001	  5.8335208e-001	  1.4426786e-001	  9.3265817e-001	  5.7352986e-001	 -5.4085468e-001	 -4.6106454e-001	 -3.7981483e-001	  4.5253140e-001	  6.1546238e-001	
  3.8348964e-001	  3.6469054e-001	  3.1695221e-001	  6.4764413e-001	 -7.1987612e-001	 -3.2970173e-001	  3.4307349e-001	  2.8042259e-001	  4.0866906e-001	 -2.5022775e-001	 -3.6748857e-001	
 -6.2337585e-001	 -7.2098107e-001	  5.9144632e-001	  5.2470959e-003	  1.5245902e-001	  7.0429597e-001	 -7.2040401e-001	 -5.1674458e-001	 -5.1361204e-001	  2.5042112e-001	  6.3588326e-001	
 -5.3174293e-001	 -4.9558521e-001	  5.3612907e-001	  9.0211824e-003	 -8.8535109e-002	  5.0672732e-001	 -5.6294469e-001	 -2.7828624e-001	 -4.6072514e-001	 -2.1786454e-001	  4.5188702e-001	
 -2.3562821e-001	 -3.3268149e-001	  2.0015884e+000	  1.5062265e+000	  5.5434108e-001	  3.6496854e-001	 -3.1665936e-001	 -3.8384380e-001	 -5.0603770e-002	  6.5012470e-001	  3.0530066e-001	
 -1.6016103e-001	 -2.4344894e-001	  2.2196240e-001	  7.6511595e-002	  6.6082707e-001	  2.4479042e-001	 -1.8786560e-001	 -3.3680820e-001	 -2.0377290e-003	  6.4045241e-001	  7.8337279e-002	
 -5.5945092e-001	 -6.9582134e-001	 -3.7426394e-001	 -4.3866408e-001	  6.2783471e-001	  6.9321039e-001	 -7.1052391e-001	 -5.2092233e-001	 -4.9967736e-001	  5.0271153e-001	  5.3901970e-001	
 -5.7884249e-001	 -6.8975230e-001	 -3.7546539e-003	 -4.3873353e-001	  1.2320555e+000	  7.2725214e-001	 -7.0922061e-001	 -5.5078700e-001	 -3.7630914e-001	  2.2287665e-001	  5.3907506e-001	
 -8.0736158e-001	 -5.3769682e-002	  6.3850561e-001	 -9.4561523e-001	  4.9529285e-001	  1.9478901e-002	  7.7250033e-002	 -7.3010394e-001	 -8.6750359e-001	  2.7301708e-001	  9.0208520e-001	
  3.9317539e-001	 -9.6518193e-002	 -5.2710562e-001	  5.5132922e-001	  1.1421015e-001	  1.3505854e-001	 -1.7284473e-001	  3.6244585e-001	  3.4207766e-001	  1.0167431e-001	 -5.2861074e-001	
 -1.4426218e+000	 -1.1542519e-001	  1.3280252e+000	 -1.6203888e+000	 -3.2197623e-002	  5.0934403e-002	  3.4192230e-002	 -1.0797324e+000	 -1.3741738e+000	  3.8425848e-001	  1.2935332e+000	
  6.4721004e-001	 -1.3318713e-001	 -6.8612122e-001	  1.0652356e+000	  5.4888259e-001	  1.8446751e-001	 -1.8469547e-001	  4.9761185e-001	  6.2840107e-001	 -1.9284092e-001	 -6.9963250e-001	
  4.4577754e-001	 -7.8784838e-002	 -1.1408254e+000	  3.1556646e-001	 -1.9588002e+000	  1.1576966e-001	 -1.7446324e-001	  2.1090778e-001	  4.3649081e-001	  6.7755940e-002	 -3.3958821e-001	
 -4.2277891e-002	 -8.7445846e-002	  9.0054825e-002	 -1.3605628e-001	 -5.0002357e-002	  1.1063110e-001	 -9.9936743e-002	  1.4707069e-002	 -2.4143754e-001	 -5.5998053e-001	  1.9789016e-001	
 -4.5758098e-001	 -7.2296931e-002	 -3.3611018e-001	 -1.1306116e+000	 -2.2378352e+000	  6.6804020e-002	 -1.2877268e-001	 -9.9105418e-002	 -4.7556594e-001	 -7.5058046e-002	  3.0621994e-001	
  2.1348050e-001	 -1.0328808e-001	  6.4296221e-002	  1.1200422e+000	  8.7053870e-001	  1.1463951e-001	 -1.0579226e-001	  2.7592726e-001	  2.3093479e-001	  4.8149550e-002	 -2.6160442e-001	
 -1.4742074e+000	 -7.4873325e-002	  7.8739878e-001	 -2.4155502e+000	 -1.4825196e+000	  2.5282062e-002	  1.0746746e-002	 -1.2931274e+000	 -1.3699242e+000	  5.4284000e-001	  1.3626407e+000	
 -9.3054857e-001	 -5.4252820e-002	  3.5986048e-001	 -3.1705974e-001	  7.4025721e-001	  4.2653474e-002	  1.2254398e-002	 -7.9994774e-001	 -7.7361881e-001	  4.1845755e-001	  9.1604473e-001	
  6.5263434e-001	 -1.4382662e-001	 -1.1018579e+000	  4.7866186e-001	 -7.4583681e-001	  1.8955888e-001	 -2.7404238e-001	  6.5293218e-001	  5.8600755e-001	 -4.0386579e-001	 -7.2115577e-001	
  1.3678645e-001	 -1.4390507e-001	 -7.5444227e-001	  9.2563992e-001	  5.6597135e-001	  1.5205523e-001	 -1.5174095e-001	  1.7783535e-001	  3.0731326e-001	  1.9952074e-001	 -3.2050896e-001	
 -6.8601143e-001	 -1.2789830e-001	  1.6300691e+000	 -4.5526288e-001	  1.1791394e+000	  1.6110143e-001	 -6.8026458e-002	 -5.0461368e-001	 -9.5086700e-001	 -1.2735800e-002	  7.8133904e-001	
 -2.0934797e+000	 -9.6694706e-002	  3.3333427e+000	 -1.4541911e+000	  3.0283824e+000	  2.1728095e-002	  2.1541710e-001	 -1.6892092e+000	 -2.0239779e+000	  9.9434142e-001	  2.0793519e+000	
 -1.7171953e+000	 -1.8119028e+000	 -2.0929475e+000	  2.3611288e+000	 -2.2019825e-001	  1.8505714e+000	 -1.9441444e+000	 -1.4598768e+000	 -1.7428277e+000	  5.2148862e-001	  1.6908842e+000	
  2.3917230e+000	  2.4730742e+000	 -7.9806478e-001	  1.5205752e+000	 -4.5531560e-001	 -2.5179944e+000	  2.6689564e+000	  1.8917156e+000	  2.4216588e+000	 -4.9812042e-001	 -2.3394058e+000	
  2.0902789e+000	  2.0901761e+000	  5.5033935e-001	 -9.7600547e-001	 -3.9680717e-001	 -2.1065127e+000	  2.2662322e+000	  1.6682273e+000	  1.9571323e+000	 -4.1173398e-001	 -1.9999937e+000	
  1.3663538e+000	  1.4191744e+000	  8.1193713e-001	 -7.3752458e-002	  2.2199689e-001	 -1.4341747e+000	  1.5873350e+000	  1.0400761e+000	  1.6747085e+000	 -1.8494835e-001	 -1.5114675e+000	
 -2.1431044e+000	 -2.3060778e+000	 -2.9960907e-001	 -2.8369097e-001	 -1.2120830e+000	  2.2903924e+000	 -2.4342932e+000	 -1.8059900e+000	 -2.0060311e+000	  8.1141508e-001	  2.0689240e+000	
  1.9936650e+000	  2.0801362e+000	 -7.4937501e-001	 -8.8141706e-002	 -3.8780955e-001	 -2.0827244e+000	  2.2190464e+000	  1.8022505e+000	  1.9941653e+000	 -9.2162701e-001	 -2.0574721e+000	
  1.7400385e+000	  1.7445047e+000	 -1.2739203e-001	 -1.0329358e+000	 -1.5592194e+000	 -1.7650414e+000	  1.8832015e+000	  1.4098441e+000	  1.6821844e+000	 -6.4443019e-001	 -1.6744811e+000	
  2.1467667e+000	  2.2296039e+000	  1.6649220e+000	 -1.5572470e+000	  4.3929776e-001	 -2.2395237e+000	  2.4329565e+000	  1.9140372e+000	  2.1358866e+000	 -1.0978753e+000	 -2.1679347e+000	
 -1.6476051e+000	 -1.7564211e+000	  1.0932846e+000	 -7.4684451e-001	 -5.7100755e-001	  1.7729978e+000	 -1.8495116e+000	 -1.2966774e+000	 -1.6824462e+000	  4.9980492e-001	  1.7364523e+000	
  1.6028580e+000	  1.7370188e+000	 -1.2363039e+000	  1.1825976e+000	 -1.5251689e-001	 -1.7124464e+000	  1.8160702e+000	  1.5374161e+000	  1.6268846e+000	 -7.2662824e-001	 -1.7318041e+000	
 -2.0183554e+000	 -2.2096164e+000	  8.9736302e-001	  7.5842155e-002	  1.3078352e+000	  2.1933314e+000	 -2.2558576e+000	 -1.8721398e+000	 -2.0888204e+000	  1.0343309e+000	  2.1674812e+000	
 -2.3914343e+000	 -2.5391794e+000	  1.0491934e+000	 -9.9371747e-001	  4.4923375e-001	  2.5348052e+000	 -2.6721841e+000	 -1.9288740e+000	 -2.4717849e+000	  2.2134489e-001	  2.3523567e+000	
  2.2058313e+000	  2.3410160e+000	  1.2817511e+000	 -3.7032073e-001	  1.1140381e+000	 -2.3526087e+000	  2.5605046e+000	  1.9785660e+000	  1.9977534e+000	 -9.0764940e-001	 -2.1561163e+000	
  1.7388507e+000	  1.6865146e+000	 -4.1628366e-001	  7.8352715e-001	  1.3484796e-001	 -1.7382395e+000	  1.8885576e+000	  1.2482680e+000	  1.7397613e+000	  4.8810538e-002	 -1.6833572e+000	
 -1.0646087e+000	 -1.3004442e+000	 -8.3968427e-001	  3.2778040e-001	 -3.2125384e-001	  1.2912186e+000	 -1.2986348e+000	 -1.7712700e+000	 -1.8765154e-002	  2.0643702e+000	  1.1618573e+000	
 -9.1656140e-001	 -5.8115340e-001	  3.4103866e+000	 -3.5541657e+000	  2.2835814e+000	  6.8492674e-001	 -7.6957802e-001	  1.4418795e+000	 -3.1919266e+000	 -4.1809300e+000	  7.5057778e-001	
  1.1279332e+000	  1.2138563e+000	 -9.4274005e-001	  1.4530103e-001	 -3.0336370e-001	 -1.1773031e+000	  1.2784853e+000	  1.3005648e+000	  7.4929930e-001	 -1.0225837e+000	 -1.2254036e+000	
  1.4163954e+000	  1.5475733e+000	 -6.9771780e-001	  1.3035288e+000	  9.9466933e-001	 -1.5679141e+000	  1.6851161e+000	  1.7937247e+000	  6.6953321e-001	 -1.4037033e+000	 -1.4155192e+000	
  2.6748279e-001	  5.5211244e-001	  1.0364197e+000	 -9.5170236e-001	  6.7240450e-001	 -4.7700525e-001	  4.2547222e-001	  1.7753818e+000	 -1.3363930e+000	 -3.3980213e+000	 -4.0286808e-001	
 -1.2142956e+000	 -1.4916523e+000	  8.6178182e-001	 -4.0974975e-001	  3.9074048e-001	  1.4284617e+000	 -1.4419713e+000	 -1.8364574e+000	 -3.5175921e-001	  2.2423576e+000	  1.2853777e+000	
 -7.4657552e-001	 -9.8903907e-001	 -2.0344763e-001	  6.7961045e-001	  1.3631022e+000	  9.5447709e-001	 -9.0609430e-001	 -1.5873242e+000	  3.8314823e-001	  2.1637826e+000	  7.0008308e-001	
  9.7398321e-001	  1.1634831e+000	 -5.8225499e-001	 -6.3012203e-001	 -8.3342479e-001	 -1.1129320e+000	  1.1094592e+000	  1.8545888e+000	 -2.0729210e-001	 -2.4643199e+000	 -1.0155644e+000	
 -1.0491526e+000	 -1.3507994e+000	  7.4170377e-001	  4.4158226e-002	  7.6444084e-001	  1.2949280e+000	 -1.2541400e+000	 -1.7376452e+000	 -2.2541620e-001	  2.1590673e+000	  1.1338551e+000	
  7.4025055e-001	  8.7601327e-001	  1.6189636e-002	  4.1425181e-001	  1.6397915e-002	 -8.5842087e-001	  8.8910585e-001	  1.3199155e+000	  1.8962654e-001	 -1.6662789e+000	 -8.6630650e-001	
 -9.5021137e-001	 -1.0872101e+000	  1.1640812e-001	  8.7119006e-001	  3.4319277e-001	  1.0048790e+000	 -9.9311547e-001	 -1.4477190e+000	  6.8874082e-003	  1.6572444e+000	  8.3429574e-001	
 -3.3234702e-001	 -6.7393667e-001	 -2.4046659e-001	  1.6299676e+000	  8.0251762e-001	  5.7837724e-001	 -5.1421189e-001	 -1.4585943e+000	  6.7447594e-001	  2.3630126e+000	  6.4209474e-001	
 -8.8357868e-001	 -1.2000785e+000	 -1.1101195e+000	  8.6793144e-001	 -1.2077388e+000	  1.1308229e+000	 -1.1117364e+000	 -2.0654631e+000	  7.1695284e-001	  3.0594352e+000	  8.9761406e-001	
  4.3576538e-001	  5.8527749e-001	  5.0545456e-001	 -7.1008283e-001	 -3.8606196e-001	 -5.4350736e-001	  5.1171017e-001	  1.3261606e+000	 -8.5427501e-001	 -2.2630125e+000	 -3.4158174e-001	
