 -1.8568553e-001	 -2.0856544e-001	 -2.9440294e-001	 -2.2919910e-001	  3.4907775e-001	 -1.3550508e-001	 -3.4637674e-001	  1.5290840e-001	 -1.8816252e-001	 -1.6944403e-001	 -1.6258484e-001	
  6.0671535e-001	  7.7791356e-001	 -5.6426847e-001	  9.2706380e-001	  1.1968448e+000	  7.0891224e-001	  9.4315908e-001	 -5.2077655e-001	  6.5610524e-001	  4.3317646e-001	  5.8988891e-001	
  1.1791322e-001	  1.5490122e-001	 -5.8314283e-001	  6.8854287e-001	  3.5238414e-001	  1.6286794e-002	  3.0771004e-002	 -1.2306918e-001	  2.3968795e-001	  4.0181288e-002	  1.1848240e-001	
 -5.1338959e-001	 -5.5381886e-001	  7.3833191e-001	 -9.0112163e-001	 -4.3598141e-001	 -3.8499663e-001	 -5.9189345e-001	  4.5544480e-001	 -5.6926911e-001	 -3.4414119e-001	 -4.8035107e-001	
 -1.1608482e+000	 -1.1187530e+000	  9.6965762e-001	 -1.3785538e+000	 -1.8348825e+000	 -6.5918312e-001	 -1.2866277e+000	  1.0507613e+000	 -1.2364520e+000	 -8.7302455e-001	 -1.1433266e+000	
 -3.7596040e-001	 -4.0527874e-001	 -2.0187946e-001	 -4.1272103e-001	 -1.0551634e+000	 -2.6829779e-001	 -5.6590143e-001	  3.6232817e-001	 -2.8469365e-001	 -3.0038756e-001	 -3.7380027e-001	
 -3.8616946e-001	 -5.1944495e-001	  4.0341649e-002	 -3.6595322e-001	 -4.3954124e-001	 -7.1497904e-001	 -8.1866602e-001	  3.1844176e-001	 -3.3119554e-001	 -2.0072437e-001	 -3.7203157e-001	
  1.9245965e+000	  2.0922722e+000	 -2.9802307e+000	  2.9113100e+000	  2.2144803e+000	  1.5393421e+000	  2.3003645e+000	 -1.5866040e+000	  2.0676721e+000	  1.2463037e+000	  1.7683889e+000	
 -2.7318424e-001	 -2.6903294e-001	 -2.0120457e-002	 -6.2895620e-002	  1.5368140e-001	 -4.0992701e-002	 -1.5715898e-001	  1.9792041e-001	 -2.3910863e-001	 -2.0534302e-001	 -2.4951232e-001	
  4.3383859e-002	 -4.2418125e-003	 -2.3464833e-001	  2.1514861e-001	 -7.0985145e-002	 -1.9358797e-002	 -6.4078870e-002	  8.7770477e-003	  1.2396874e-001	 -4.4948845e-002	  1.3565991e-002	
 -5.7952027e-001	 -5.6831186e-001	  7.1642262e-001	 -5.0115555e-001	 -1.0429784e-002	 -2.4413684e-001	 -6.2457610e-001	  5.4537308e-001	 -6.1082391e-001	 -4.5159498e-001	 -6.0551287e-001	
 -2.0016998e-001	 -1.0710317e-001	  2.3855241e-001	 -2.6506975e-001	 -3.6471001e-001	  9.4130472e-002	 -1.5268027e-001	  2.3163109e-001	 -2.1275869e-001	 -2.2467996e-001	 -2.0943066e-001	
 -1.4090281e+000	 -1.3920957e+000	  1.5968209e+000	 -1.6067989e+000	 -2.1026269e+000	 -6.0177453e-001	 -1.3764303e+000	  1.2177419e+000	 -1.4871511e+000	 -1.0096424e+000	 -1.3355720e+000	
 -4.4490976e-001	 -4.3243161e-001	  2.7463142e-001	 -2.7601662e-001	  4.5547974e-001	 -2.2687842e-001	 -4.2445324e-001	  3.7519781e-001	 -3.2631910e-001	 -3.4243832e-001	 -3.8182306e-001	
 -3.0416788e-002	 -1.6208137e-002	 -9.8094172e-002	  1.8405903e-001	  2.6218220e-001	  1.1792025e-001	  6.3160929e-002	  4.5934418e-002	 -8.1809896e-003	 -4.0855698e-002	 -2.5786907e-002	
  2.7612759e-001	  4.6122763e-001	 -5.6806159e-001	  5.8560447e-001	 -7.1946994e-001	  6.7310139e-001	  5.9164729e-001	 -2.0595771e-001	  2.8657012e-001	  1.5271974e-001	  2.0733825e-001	
  2.4927545e-001	  4.2941110e-001	 -4.9759137e-001	  3.1271318e-001	  5.8212667e-001	  4.1760069e-001	 -5.0865045e-002	 -1.7865104e-001	  2.7226667e-001	  1.2385380e-001	  2.2257963e-001	
 -5.5043311e-001	 -5.3404759e-001	  1.8852842e-001	 -6.6265373e-001	 -1.1672571e+000	 -1.4838504e-001	 -3.2495763e-002	  4.8761426e-001	 -5.4989333e-001	 -3.7976570e-001	 -5.1726849e-001	
 -4.1371210e-001	 -5.1742936e-001	  2.7914297e-001	 -3.3122025e-001	 -6.3965536e-001	 -4.0629008e-001	  9.0341412e-002	  3.8123950e-001	 -3.9376661e-001	 -2.8575670e-001	 -4.1354196e-001	
  7.1772750e-001	  8.9485721e-001	 -1.4451953e+000	  1.1251292e+000	  3.1476013e-001	  9.4759844e-001	 -1.9953900e-002	 -5.6641289e-001	  7.6956158e-001	  4.5966894e-001	  6.4144802e-001	
 -2.8388400e-001	 -1.8955527e-001	  9.2805764e-002	 -3.5568928e-001	 -1.5531003e+000	  9.3825258e-002	 -6.7484641e-003	  2.8709337e-001	 -2.9051202e-001	 -2.6368831e-001	 -2.9550922e-001	
 -1.6147793e+000	 -1.8237710e+000	  2.1890428e+000	 -2.0110120e+000	 -1.5498916e+000	 -1.4702970e+000	  8.6517396e-003	  1.3687918e+000	 -1.6358018e+000	 -1.0697996e+000	 -1.4925479e+000	
  1.2827230e-001	  2.0988532e-001	 -8.7216833e-001	  2.5333327e-001	 -1.3303166e+000	  1.4894571e-001	 -2.6449739e-002	 -6.3495499e-002	  1.7637922e-001	 -3.5923345e-002	  7.3850792e-002	
 -4.0953062e-001	 -3.3344882e-001	  1.2552841e-001	 -1.9133291e-001	  8.1154069e-001	  2.2152481e-002	 -3.4824834e-002	  3.9434341e-001	 -3.5612938e-001	 -3.6958283e-001	 -4.0830055e-001	
  5.2734608e-003	  3.8965476e-002	  2.0218912e-002	  3.4165836e-001	  3.7081711e-001	  1.3134867e-001	 -6.9001479e-002	 -3.1779512e-003	  7.0435235e-002	 -3.0824804e-002	  9.4533388e-004	
 -1.1830337e+000	 -1.1990652e+000	  1.3872416e+000	 -1.6950450e+000	 -1.3889335e+000	 -6.8683154e-001	 -2.2881189e-002	  9.9333122e-001	 -1.1942246e+000	 -7.5013235e-001	 -1.0507083e+000	
  9.4990857e-001	  1.2755009e+000	 -1.6792784e+000	  1.3888954e+000	  1.9235776e+000	  1.2980545e+000	 -5.5499761e-002	 -7.1041330e-001	  1.0226194e+000	  5.2238562e-001	  8.6679869e-001	
 -1.2905928e+000	 -1.4833351e+000	  1.4291945e+000	 -1.6417319e+000	 -1.2951334e+000	 -1.0637456e+000	 -7.5567010e-003	  1.0735435e+000	 -1.2700808e+000	 -8.8205096e-001	 -1.1549606e+000	
  9.0987472e-002	  1.6103303e-001	 -6.8029798e-001	  1.9285555e-001	 -3.9882881e-001	  2.6501831e-001	 -3.7598316e-002	 -4.1637405e-002	  1.3447986e-001	  2.5002886e-002	  6.7223280e-002	
  1.2973921e-002	  1.9524372e-001	 -1.3484005e-001	  3.5889028e-001	  5.8552495e-001	  4.4485492e-001	 -2.2638933e-002	  1.7047910e-002	  6.3312448e-002	 -4.7427501e-002	 -1.7106305e-002	
 -1.3734392e-001	 -2.0690308e-002	  1.7164841e-001	  2.6217586e-001	  7.8347179e-002	  3.6401247e-001	  1.8815041e-001	  1.8066119e-001	 -1.3750066e-001	 -1.6454537e-001	 -2.0348470e-001	
 -1.6778789e-001	 -1.1470235e-001	  1.1411731e+000	 -1.5006517e+000	 -9.7345182e-001	  4.0448139e-002	 -1.1515009e-001	  1.6675281e-001	 -1.5693653e-001	 -2.0831637e-001	 -1.6402663e-001	
  9.4562437e-003	  2.2105476e-001	 -1.4416335e+000	  1.3424497e+000	  1.5746718e+000	  6.0839790e-001	  4.6341942e-001	  1.0409799e-001	 -2.2678178e-002	 -1.0842762e-001	 -3.8479710e-002	
 -3.2733802e-002	 -4.1818953e-002	 -8.8111755e-002	 -2.2193947e-001	 -6.2314941e-001	 -4.8397368e-002	 -7.4596196e-002	  2.8063589e-002	  4.2814367e-002	 -6.9425802e-002	 -1.6438306e-002	
 -1.4438250e-001	 -8.2168269e-002	  1.2984898e+000	 -1.3464369e+000	 -1.0297551e+000	  4.2127955e-002	 -8.8093761e-002	  1.4244414e-001	 -6.0676205e-002	 -2.3157576e-001	 -1.3139376e-001	
 -2.2944159e-001	 -3.0869310e-001	  4.1595642e-001	 -1.4891313e-001	  7.7910125e-001	 -3.1142665e-001	 -3.8627079e-001	  2.1242323e-001	 -1.5517826e-001	 -2.2231778e-001	 -2.0233355e-001	
 -2.4924697e-001	 -2.0599028e-001	  3.2178397e-001	 -1.1126023e-001	  3.9787107e-001	 -1.5323689e-001	 -2.7617500e-001	  2.3981055e-001	 -1.9662596e-001	 -2.1635999e-001	 -2.4147589e-001	
 -1.8895712e-001	 -1.5315532e-001	 -1.4798726e+000	  1.6651692e+000	  1.7609178e+000	  1.4317584e-001	  1.3608080e-002	  2.2564576e-001	 -1.2695728e-001	 -2.9524714e-001	 -2.2419841e-001	
 -1.2157512e-001	 -1.5999028e-001	 -3.2223029e-002	  4.0898049e-002	 -1.6633891e-001	 -1.6455133e-001	 -3.0409085e-001	  1.6085692e-001	 -6.8413536e-002	 -1.9940658e-001	 -1.0719818e-001	
 -1.0956336e-001	 -1.6995428e-001	  2.7745476e-001	  4.7684381e-001	  1.0081274e+000	 -1.9003954e-001	 -2.2431692e-001	  7.2874980e-002	 -9.2616014e-002	 -4.9975274e-002	 -5.9536354e-002	
  1.5436442e-001	  2.0784421e-001	 -5.2077678e-001	  6.4334817e-001	  7.9258569e-001	  2.3392754e-001	  2.5760843e-001	 -9.4088720e-002	  1.3615208e-001	  1.3689407e-001	  1.4107025e-001	
 -3.7646725e-002	  1.3622349e-001	  7.5799081e-001	 -1.3134710e+000	 -1.2167194e+000	  5.4541359e-001	  2.5387322e-001	  5.5949257e-002	 -1.9401392e-002	 -1.1390225e-001	 -3.6394640e-002	
 -1.8289962e-001	 -2.3197592e-001	 -7.4664136e-001	  1.2152295e+000	  9.6898309e-001	  1.4548911e-002	 -6.5211921e-002	  1.8592574e-001	 -8.7840388e-002	 -1.4952686e-001	 -1.5869512e-001	
 -1.1330422e-002	  1.3224330e-001	 -5.9287677e-001	  2.2534051e-001	 -4.5375720e-001	  3.1882450e-001	  1.8686347e-001	  5.9929819e-002	 -4.2110864e-002	 -6.2864438e-002	 -7.4289688e-002	
  5.1698808e-001	  6.3482843e-001	 -1.7005990e+000	  5.3155315e-001	  1.1134339e+000	  5.9466691e-001	  7.8763702e-001	 -4.2805583e-001	  5.5201816e-001	  3.6382015e-001	  4.8826837e-001	
 -1.0514823e-001	 -9.8675362e-002	 -3.0359757e-001	 -1.2523495e-001	  1.3620079e-001	 -1.3797478e-001	 -2.1967194e-001	  1.4055737e-001	 -6.2312668e-002	 -1.2390894e-001	 -1.2868554e-001	
 -4.9852504e-001	 -5.9710975e-001	  7.3686436e-001	 -2.3779985e-001	 -8.8058951e-001	 -5.3683189e-001	 -7.9317907e-001	  4.1839602e-001	 -4.4104091e-001	 -3.3632264e-001	 -4.4184900e-001	
 -4.3954435e-002	 -8.9477106e-002	  1.3237452e-001	  3.2367485e-001	 -7.7164409e-001	 -6.3193122e-002	 -9.1445161e-002	  5.2584220e-002	  2.0779373e-002	 -4.9004791e-002	 -5.6889469e-002	
 -1.7598506e-001	 -2.8013986e-002	  2.2978458e-001	 -1.1674505e-001	  3.7255942e-001	  2.5931553e-001	  2.1868622e-002	  1.8698818e-001	 -1.1524972e-001	 -1.9135488e-001	 -1.8191139e-001	
 -2.0867800e-001	 -2.7227830e-001	 -8.4796968e-001	 -3.0773934e-001	  4.8213809e-001	 -1.8774648e-001	 -3.2939249e-001	  1.8272959e-001	 -1.8852671e-001	 -1.2190714e-001	 -1.9963960e-001	
  2.2721865e-001	  2.3260293e-001	 -1.3475002e+000	  5.5592328e-001	  1.9178890e+000	  4.0491247e-001	  4.7421677e-001	 -1.5353202e-001	  3.0193984e-001	  7.5980666e-002	  1.7081814e-001	
 -3.0413601e-001	 -2.0962946e-001	  7.3508788e-001	 -4.1403653e-003	 -2.8578039e-001	  5.2200498e-003	 -1.5587104e-001	  2.6013961e-001	 -3.2685693e-001	 -2.5380995e-001	 -2.8153965e-001	
  9.8945363e-002	  1.3353924e-001	  3.6111592e-001	  8.7932850e-002	 -6.9155461e-001	  1.2740356e-001	  1.6010140e-001	 -5.3797644e-002	  1.2817759e-001	 -4.0602265e-002	  6.7692297e-002	
 -2.1710701e-001	 -1.9316816e-001	  8.5512828e-001	  7.0492208e-002	 -2.4251171e-001	  1.4885572e-001	 -2.0900815e-002	  2.2292871e-001	 -1.3789109e-001	 -2.8408322e-001	 -2.1804377e-001	
 -3.4540040e-001	 -1.8738651e-001	  1.5840769e+000	 -2.8736119e-001	 -1.0389219e+000	  2.4478553e-001	 -7.4732344e-002	  3.4738779e-001	 -4.0530194e-001	 -2.6155696e-001	 -3.7586293e-001	
 -2.7874512e-001	 -4.2143086e-001	  3.3508782e-001	 -2.5442900e-001	  2.5639526e-001	 -5.1753512e-001	 -5.7459790e-001	  1.8660106e-001	 -2.2295867e-001	 -1.6656439e-001	 -2.0526039e-001	
 -4.1241544e-001	 -4.8929460e-001	  8.8569466e-001	 -3.4755201e-001	 -3.4065353e-001	 -3.9455252e-001	 -5.9506313e-001	  3.6142445e-001	 -3.5118562e-001	 -2.8939072e-001	 -3.7874970e-001	
 -5.4241892e-002	 -4.8591790e-003	 -5.7916061e-001	 -4.3878934e-002	  4.0405947e-001	  1.7946732e-001	  1.0508896e-001	  4.2408719e-002	 -7.1855138e-003	 -2.1185141e-002	 -5.6921059e-002	
  6.0276774e-001	  6.8461759e-002	 -1.0516118e+000	  1.0200100e+000	  9.2394391e-001	 -7.0744831e-001	 -3.2398969e-001	 -4.9406732e-001	  7.0039674e-001	  2.8696749e-001	  5.6675190e-001	
  1.5593662e+000	 -1.2603970e-004	 -2.1812849e+000	  2.2999338e+000	  2.4451314e+000	 -2.2816011e+000	 -8.8597127e-001	 -1.3017915e+000	  1.6935920e+000	  1.0370710e+000	  1.4538236e+000	
  2.1527405e+000	 -8.3560435e-002	 -3.1004103e+000	  3.0460903e+000	  1.7110537e+000	 -3.4336219e+000	 -1.5093184e+000	 -1.7791413e+000	  2.3366868e+000	  1.4146305e+000	  2.0004703e+000	
  9.1590057e-001	 -8.7565198e-002	 -1.1262568e+000	  1.5088300e+000	  1.4516672e+000	 -1.4083544e+000	 -6.3534456e-001	 -7.1830036e-001	  1.0251697e+000	  5.2006638e-001	  8.2853847e-001	
 -5.5623867e-001	 -2.0010289e-001	  2.2844812e-001	 -7.0918203e-001	 -6.5536462e-001	  4.7264211e-001	  4.4067942e-003	  4.9106338e-001	 -5.8706734e-001	 -4.0803693e-001	 -5.4516058e-001	
 -2.2856933e+000	 -5.7737129e-002	  2.9301284e+000	 -2.9791991e+000	 -2.0570253e+000	  3.3522383e+000	  1.3397515e+000	  1.9775684e+000	 -2.3685720e+000	 -1.5542416e+000	 -2.1859267e+000	
 -3.0226716e-001	  1.3181177e-002	 -8.0039921e-003	 -7.5441256e-002	  1.2303763e-001	  5.2764346e-001	  2.5786892e-001	  2.7763819e-001	 -2.2692721e-001	 -2.5035635e-001	 -2.6984063e-001	
  1.0551861e-003	 -1.8407391e-002	  2.6814609e-002	  2.3734485e-001	  4.8642712e-001	  5.6359236e-003	 -4.0476872e-002	  6.0634133e-002	 -1.0053774e-002	 -1.1606109e-001	 -5.7638268e-002	
 -5.1783007e-001	 -1.1478908e-001	  7.8195377e-001	 -4.1137775e-001	  4.7250685e-001	  7.0091781e-001	  1.7539955e-001	  5.3596672e-001	 -5.6305253e-001	 -4.9312200e-001	 -5.3347961e-001	
  1.4930153e+000	 -1.3687547e-001	 -1.8108758e+000	  2.1157449e+000	  1.4819671e+000	 -2.5677976e+000	 -1.1736657e+000	 -1.2663723e+000	  1.5658444e+000	  1.0871828e+000	  1.4023650e+000	
 -4.5015490e-001	  1.1215446e-002	  5.4075143e-001	 -3.5632709e-001	  1.8954695e-001	  6.3547131e-001	  2.1393443e-001	  3.7603946e-001	 -4.3445451e-001	 -3.2343064e-001	 -4.4130968e-001	
  3.7068421e-001	 -9.6383596e-002	 -6.3626180e-001	  7.0818535e-001	  1.7984487e-001	 -6.9923691e-001	 -4.2064760e-001	 -2.5422988e-001	  4.4415834e-001	  1.6172727e-001	  3.2840403e-001	
  4.7783433e-001	 -3.3938356e-002	 -1.8499209e-001	  7.2172158e-001	  5.6631683e-001	 -7.1248911e-001	 -3.5352976e-001	 -3.6197545e-001	  5.2746027e-001	  2.1784354e-001	  4.1022846e-001	
 -8.8394328e-001	 -2.3083163e-002	  5.6573401e-001	 -1.0222546e+000	 -1.2595478e+000	  1.2164011e+000	  3.9152861e-001	  7.5239882e-001	 -8.9974963e-001	 -5.7816878e-001	 -8.0964188e-001	
 -2.0740532e+000	 -2.1956858e+000	 -4.8702526e-001	  5.7463005e-001	  1.1120563e+000	 -1.3495595e+000	 -2.1804917e+000	  1.7658326e+000	 -2.1363151e+000	 -1.3805034e+000	 -1.9502044e+000	
 -2.1004027e+000	 -2.3503419e+000	 -1.7996541e-001	  5.0870439e-001	  8.2091513e-001	 -1.7725597e+000	 -2.5296871e+000	  1.7637352e+000	 -2.1271082e+000	 -1.4867294e+000	 -1.9437636e+000	
  2.0304971e+000	  2.2106758e+000	 -6.1781271e-001	  1.0444983e+000	  7.7287859e-001	  1.5762007e+000	  2.3716850e+000	 -1.6888453e+000	  2.2043555e+000	  1.3460760e+000	  1.8874722e+000	
  1.8388434e+000	  1.9548871e+000	  6.3778238e-001	 -2.7814786e-001	  4.5131237e-001	  1.3716035e+000	  2.1184517e+000	 -1.5680046e+000	  2.0975602e+000	  1.1517504e+000	  1.7632376e+000	
  1.6748791e+000	  1.9215661e+000	  1.1879656e+000	 -1.0452500e+000	  1.1989211e-001	  1.6530245e+000	  2.1943721e+000	 -1.3749880e+000	  1.8086556e+000	  1.0512418e+000	  1.5322336e+000	
  1.6575435e+000	  1.8864565e+000	  7.2152460e-001	 -1.5170238e+000	 -1.8083406e+000	  1.5502156e+000	  2.0412518e+000	 -1.3527030e+000	  1.8514683e+000	  1.0212935e+000	  1.5079367e+000	
  1.6563716e+000	  1.8334551e+000	  7.6962674e-001	 -4.5082346e-001	 -4.7370551e-002	  1.4923293e+000	  2.0910512e+000	 -1.3748105e+000	  1.8145127e+000	  1.0565720e+000	  1.5187172e+000	
  1.8317247e+000	  2.1787040e+000	  5.0918071e-001	 -4.5614641e-001	 -2.1437730e-001	  1.9094288e+000	  2.4417300e+000	 -1.4710639e+000	  1.9070311e+000	  1.1803249e+000	  1.6410210e+000	
  1.7048090e+000	  1.8891366e+000	  5.0483247e-001	 -6.4737851e-001	 -7.0390458e-001	  1.4277981e+000	  1.9693331e+000	 -1.3587859e+000	  1.8140906e+000	  1.0597334e+000	  1.5256268e+000	
 -2.2783557e+000	 -2.5127084e+000	  1.9056610e+000	 -2.1983416e+000	 -2.7257224e+000	 -1.9447657e+000	 -2.9608753e+000	  1.8925775e+000	 -2.3924926e+000	 -1.4260968e+000	 -2.0904232e+000	
  1.6630709e+000	  1.8668869e+000	  2.7514402e-001	 -4.1985791e-001	 -9.2749225e-001	  1.4570869e+000	  2.0509277e+000	 -1.3771859e+000	  1.7734567e+000	  1.0680897e+000	  1.4857387e+000	
  1.4843825e+000	  1.6048039e+000	 -1.2886158e+000	  1.2273852e+000	  1.8002332e-001	  1.0726888e+000	  1.7256084e+000	 -1.2868875e+000	  1.6724711e+000	  9.7793235e-001	  1.4421486e+000	
 -1.9129728e+000	 -1.9459891e+000	  1.9219336e-001	  4.8402611e-001	  1.1587702e-001	 -1.1073874e+000	 -1.9904141e+000	  1.6541809e+000	 -2.0030965e+000	 -1.3221904e+000	 -1.8070253e+000	
 -1.8823654e+000	 -2.0816965e+000	  5.4423369e-001	  2.2112729e-002	  9.3421515e-002	 -1.5173963e+000	 -2.2604660e+000	  1.5946245e+000	 -1.9354539e+000	 -1.2659507e+000	 -1.7561773e+000	
  1.6235558e+000	  1.8124328e+000	 -1.1816208e+000	  1.3645167e+000	  6.0549585e-001	  5.0984014e-001	  1.5796664e+000	 -1.7917575e+000	  1.0167271e+000	  1.7900580e+000	  1.6957122e+000	
  7.5442495e-001	  8.7959120e-001	  8.1601599e-001	 -6.1215348e-001	 -8.1516382e-001	 -1.0582107e+000	  1.3319653e-001	 -1.6537970e+000	 -7.3877424e-001	  2.2543110e+000	  1.2056928e+000	
 -9.5540698e-001	 -1.0419632e+000	  8.4169598e-002	  3.9453028e-001	  7.7350511e-001	  5.7746764e-001	 -4.5301767e-001	  1.5189530e+000	  8.9744008e-002	 -1.8485205e+000	 -1.2587660e+000	
  6.7079384e-001	  7.8213569e-001	  9.6444755e-001	 -1.2710827e+000	 -1.1515593e+000	 -1.1982887e+000	  8.1928700e-003	 -1.6194071e+000	 -9.9126362e-001	  2.2110758e+000	  1.1260290e+000	
  5.5234078e-001	  6.3121291e-001	  6.0508116e-001	 -7.8244765e-001	 -7.6298473e-001	 -9.1980563e-001	  6.7230663e-002	 -1.3088742e+000	 -7.2553160e-001	  1.8777355e+000	  9.3134446e-001	
 -1.1234335e+000	 -1.0784238e+000	  1.1390109e-001	 -3.6000518e-001	  7.9110244e-002	  7.6033365e-001	 -5.7810215e-001	  1.7219466e+000	 -1.5068153e-001	 -2.0463654e+000	 -1.4693334e+000	
  1.4475007e+000	  1.5411941e+000	  4.3570265e-001	  1.6044863e-001	  2.6574737e-001	 -9.9052882e-001	  7.4126009e-001	 -2.3739559e+000	 -1.3035982e-001	  2.9158699e+000	  1.9760548e+000	
 -1.2051347e+000	 -1.5370501e+000	  5.2847463e-001	 -1.2329332e-001	  8.1304006e-001	 -3.3356801e-001	 -1.2746187e+000	  1.5960160e+000	 -2.7982597e-001	 -1.8169560e+000	 -1.3876748e+000	
 -1.0935510e+000	 -1.1155606e+000	  5.8451749e-001	 -3.3177874e-001	 -7.7695597e-001	  4.0987746e-001	 -6.7447270e-001	  1.5165352e+000	 -3.5127398e-001	 -1.7607787e+000	 -1.3433821e+000	
  6.8117659e-001	  8.3511532e-001	  8.2755729e-001	 -1.2258128e+000	 -8.2116418e-001	 -1.0958861e+000	  1.3609829e-001	 -1.6330388e+000	 -9.5554347e-001	  2.3284844e+000	  1.1558905e+000	
 -8.6622259e-001	 -1.0991535e+000	 -6.2474419e-001	  6.4249943e-001	  7.1907545e-001	  4.4497684e-001	 -6.1150159e-001	  1.5175854e+000	  3.1022243e-001	 -1.9008156e+000	 -1.2100501e+000	
 -9.3626333e-001	 -9.0147937e-001	 -1.3554134e+000	  9.5341607e-001	  7.5205560e-001	  1.5266852e+000	 -5.3916019e-002	  1.9858259e+000	  7.2572481e-001	 -2.6498008e+000	 -1.5288521e+000	
  9.1933624e-001	  9.8120084e-001	 -5.9703183e-001	  4.0521897e-002	 -7.9826458e-002	 -7.4557457e-001	  3.4525123e-001	 -1.5784515e+000	 -1.5822718e-001	  1.9068209e+000	  1.3169674e+000	
  1.0920401e+000	  1.1771611e+000	 -8.4090621e-001	  5.2766295e-001	  5.5692612e-001	 -2.2388484e-001	  7.5589497e-001	 -1.4840640e+000	  3.3152500e-001	  1.6790384e+000	  1.3208578e+000	
