  6.0917688e-001	  5.0642288e-001	 -5.5653427e-001	 -6.8753027e-001	  7.4149661e-002	 -2.3673438e-001	 -4.4868674e-001	 -8.3768909e-001	 -6.4031655e-001	  5.4639189e-001	 -5.6703112e-001	
  7.0016546e-001	  3.9436882e-001	 -1.1273267e+000	 -1.8346087e+000	  1.7308717e+000	 -7.0430535e-002	 -5.3790705e-001	 -1.1915358e+000	 -1.3275619e+000	  1.5738392e-001	 -5.6390545e-001	
 -2.8410785e-001	 -2.1382847e-001	 -1.1016155e-001	 -2.0581374e-001	  7.2162679e-001	  1.4047800e-001	  9.2675604e-002	  2.8607225e-001	  1.9625131e-001	  6.3933106e-003	  2.0866058e-001	
 -9.1998129e-001	 -5.9843328e-001	  1.5088969e+000	  2.0892640e+000	 -1.5498060e+000	  2.4683689e-001	  6.7647528e-001	  1.3754375e+000	  1.3576635e+000	 -3.8191751e-001	  1.0607527e+000	
  1.9189220e-001	  2.8596289e-001	 -7.0920836e-001	 -1.5267205e-001	 -4.2693332e-003	 -5.0316157e-001	 -4.1506154e-001	  1.2763083e-001	  3.1318776e-001	  3.7264651e-001	  4.7089589e-002	
  7.8913663e-002	  1.0611686e-001	  1.9638317e-001	  1.3826527e-001	  1.2002446e-001	 -1.2485397e-001	 -1.4247428e-001	  1.0010743e-001	  6.6567576e-002	  2.9545736e-002	 -1.7322329e-001	
 -5.1879683e-001	 -5.1668388e-001	 -1.6147279e-001	  2.8119719e-002	  5.4998993e-002	  7.1622533e-001	  5.5104835e-001	 -7.3049355e-002	 -9.1977447e-002	 -2.8577692e-002	  5.1969985e-002	
 -2.7373243e-001	 -2.8244032e-001	  1.2877417e+000	  1.5343809e+000	 -1.8026520e+000	 -2.7728570e-002	  3.2303161e-001	  1.0345342e+000	  1.0740372e+000	 -2.7639893e-001	  6.5285276e-001	
  3.8820221e-002	 -3.0074864e-002	 -6.4708783e-001	 -3.7985161e-001	  1.1450389e-001	  5.8237752e-002	  3.7151897e-002	 -1.3180191e-001	 -6.4362212e-002	 -3.4624553e-001	 -1.9042695e-001	
 -7.5851262e-001	 -5.5434123e-001	  1.0085753e+000	  1.0606989e+000	 -8.8422456e-001	  3.3072784e-001	  6.3114345e-001	  8.3451946e-001	  9.7507090e-001	  3.2754102e-001	  4.8650673e-001	
 -6.5900997e-001	 -4.5295074e-001	  5.2985989e-001	  1.1181667e+000	 -1.0694429e+000	  2.1789148e-001	  5.2100428e-001	  1.0945987e+000	  8.1293176e-001	 -1.0014908e+000	  8.3927995e-001	
  1.0727791e-001	 -1.1153417e-001	 -6.6908144e-001	 -7.7798693e-001	  5.1893886e-003	  3.2353653e-001	  1.4331873e-001	 -3.5477880e-001	 -5.8598730e-001	 -9.2753324e-002	  4.3397032e-002	
 -4.6174688e-001	 -1.5265400e-001	 -5.9820564e-001	  2.8590141e-001	 -2.8503933e-002	 -7.8430836e-002	  2.3184946e-001	  8.7826100e-001	  1.0500496e+000	  1.0108263e-002	  3.3475128e-001	
  7.6657953e-001	  4.9941341e-001	 -2.1795995e+000	 -2.2495357e+000	  2.7929086e+000	 -3.0663593e-001	 -6.9358791e-001	 -1.0091043e+000	 -1.0569319e+000	  4.4326504e-001	 -5.9028668e-001	
 -2.2033627e-001	 -2.6911900e-001	 -6.6991428e-001	 -8.3387439e-001	 -2.9280642e-001	  2.3667898e-001	  2.6809760e-001	  7.0209708e-002	 -2.4125454e-001	 -4.4048633e-001	  1.9430217e-001	
 -5.0081804e-001	 -4.1454333e-001	  7.1902243e-002	  7.6171518e-001	 -3.4943970e-001	  1.0257846e-001	  3.2336273e-001	  9.7890252e-001	  1.2452876e+000	 -1.6550824e-001	  5.0227711e-001	
  4.0013905e-001	  4.9325436e-001	  7.9013686e-001	  1.0096108e+000	 -1.3738163e+000	 -7.1737512e-001	  1.3102382e-001	  3.0321398e-001	  5.8865989e-001	  2.4743180e-001	 -3.5902578e-001	
 -5.0527349e-001	 -5.9873923e-001	 -7.6884281e-001	 -6.2349737e-001	  6.4022303e-001	  7.0602313e-001	  2.5488291e-001	  2.2800426e-002	 -3.4157157e-001	 -7.8372407e-001	  2.6202963e-001	
 -7.1340322e-001	 -3.4276398e-001	  1.7046986e+000	  2.0821312e+000	 -1.5178331e+000	 -7.9891720e-002	  1.7763671e-001	  1.3143926e+000	  1.6597231e+000	  2.2043795e-001	  5.6171218e-001	
 -3.3304302e-001	  1.2027224e-001	  4.1095677e-001	  1.2292101e+000	 -4.6934317e-001	 -4.4215399e-001	  1.7570186e-001	  9.1891648e-001	  1.4610618e+000	  4.4987848e-001	  1.0053836e-001	
 -5.8758853e-002	  1.0861787e-001	 -1.1192813e+000	 -3.4352087e-001	  1.0636533e+000	 -2.1007582e-001	  5.3730316e-002	  4.0700898e-001	  6.1928605e-001	  1.2301661e-001	  2.8352950e-003	
  5.8383658e-001	  6.6856316e-001	 -1.0559331e+000	 -3.0674429e-001	  1.6313491e+000	 -6.8411724e-001	  2.8203884e-002	 -2.2716823e-001	  1.3639652e-001	  3.9219690e-001	 -4.3095308e-001	
 -1.3234979e+000	 -9.8725846e-001	  1.2586691e+000	  2.1405213e+000	 -2.2577400e+000	  6.3295521e-001	  7.4681259e-002	  1.7558346e+000	  1.9448419e+000	 -2.4240976e-001	  6.9380179e-001	
 -2.8474408e-001	 -4.3028223e-001	 -9.5243918e-001	 -4.8603882e-001	  6.7314258e-001	  3.8209729e-001	  1.5828026e-001	  2.4269340e-001	 -1.2825121e-001	 -5.1167114e-001	  5.6922513e-001	
 -8.9759139e-002	 -1.7370207e-001	 -7.8004923e-001	 -9.9051462e-001	  8.8063739e-001	  2.9547743e-001	  1.6208102e-001	 -3.2286489e-001	 -5.1570871e-001	 -3.0833717e-001	  1.2155673e-002	
 -3.0498893e-001	 -1.1903105e-001	  8.0301402e-001	  1.3365240e+000	 -1.7625468e+000	 -7.6616639e-002	  7.8050389e-002	  6.4480751e-001	  6.4563079e-001	 -1.3506222e-001	  2.2640791e-001	
  7.7949303e-002	 -2.4747127e-001	 -2.1138470e+000	 -2.2936729e+000	  2.1614692e+000	  4.4818364e-001	  2.9553090e-002	 -5.7623628e-001	 -1.0063917e+000	 -5.6237010e-001	 -7.1563795e-002	
  3.4778506e-001	  1.5472830e-002	 -2.0485945e+000	 -2.2283825e+000	  1.5801310e+000	  3.4293049e-001	  9.6201740e-002	 -1.2906281e+000	 -1.6013472e+000	  3.9628424e-002	 -5.0747726e-001	
  2.8979217e-001	  1.5439414e-001	 -3.0256222e-001	 -1.1068220e+000	  9.1844702e-002	  1.1172854e-001	  2.1842762e-001	 -7.3585028e-001	 -8.6396703e-001	  1.4858898e-002	 -2.4721231e-001	
 -5.0105568e-002	 -2.4761237e-001	  2.8367104e-001	 -4.0703557e-002	 -7.5612262e-001	  4.2131203e-001	  1.5053002e-001	 -3.6590293e-001	 -2.8851894e-001	  2.2987903e-001	 -3.7279492e-001	
  6.4506723e-001	  6.4427115e-001	 -5.1581728e-001	 -1.0014868e+000	  5.2304960e-001	 -6.1254780e-001	 -6.4924237e-001	 -4.4747670e-001	 -3.7815166e-002	  4.5431151e-001	 -8.0994556e-001	
  1.9867619e-001	  1.8869032e-001	 -1.3150401e+000	 -1.1254811e+000	  1.4225906e+000	 -2.6637975e-001	 -3.3887697e-001	 -2.5622957e-002	 -8.4880342e-002	 -2.2727572e-002	  6.0630350e-002	
  4.0614423e-001	  4.0865387e-001	  3.8026702e-001	  3.6075415e-001	  1.6946914e-001	 -4.5921921e-001	 -3.8320784e-001	 -7.5736712e-002	  1.0405627e-001	  3.1556141e-001	 -4.3009090e-002	
  5.7689849e-001	  4.5782698e-001	  3.5796026e-001	  1.4268766e-001	 -5.8605632e-001	 -4.5460612e-001	 -4.2130350e-001	 -5.1419364e-001	 -3.4691096e-001	  5.1234269e-001	 -4.9567438e-001	
 -1.7577738e-001	 -1.7406562e-001	 -1.0207072e+000	 -1.0386606e+000	  8.3070574e-001	  1.1945029e-001	  6.7834071e-002	  2.8209006e-001	  1.5174564e-001	 -6.5753359e-001	  3.1430091e-001	
 -5.2134141e-001	 -4.5166979e-001	  3.6797696e-001	  7.4858955e-001	 -1.4365214e+000	  2.8633078e-001	  4.4167998e-001	  5.7342867e-001	  3.4651221e-001	 -4.7231073e-001	  5.5662582e-001	
 -1.3589401e-001	 -2.4708085e-001	  2.3824347e+000	  1.8278696e+000	 -1.7282665e+000	  1.8709259e-001	  1.8611682e-001	  1.5056740e-001	 -3.4553173e-003	 -3.5252210e-001	  2.6578418e-001	
 -5.9960402e-001	 -4.2877201e-001	 -7.6647128e-001	 -8.1367137e-001	  3.1490559e-001	  4.7399353e-001	  4.3528138e-001	  3.1599154e-001	  4.1659666e-001	  1.2781108e-001	  4.6179238e-004	
  9.8322506e-002	  2.7621132e-001	 -1.4871766e-001	 -6.6152206e-002	 -6.5386845e-002	 -2.4927930e-001	 -2.1573594e-001	 -2.5220451e-001	  2.6239199e-002	  6.0002052e-001	 -3.4965139e-001	
 -3.6082172e-001	 -2.9765682e-001	 -6.8835776e-001	 -7.8191142e-001	  5.3343761e-001	  3.1594655e-001	  2.5267258e-001	  1.4047869e-001	 -1.0443173e-001	 -1.6769931e-001	  8.6967324e-002	
 -2.6932291e-001	 -1.4232039e-001	 -6.3144428e-001	 -5.8100526e-001	 -5.6988988e-001	  1.3883066e-001	  2.5171072e-001	  3.1076441e-001	  1.8807233e-001	 -4.1954667e-001	  3.0807804e-001	
 -2.0010049e-001	 -1.1042327e-001	 -6.4017710e-002	  9.7489732e-002	  1.0390496e-001	  1.7023315e-001	  6.7980817e-002	 -9.8782729e-002	 -1.3582100e-001	 -5.1966468e-002	 -3.1374183e-002	
 -6.4759741e-001	 -6.0983821e-001	 -4.8508631e-001	 -1.4921034e-001	  4.0726656e-001	  5.2807513e-001	  4.3334147e-001	  4.5859597e-001	  3.9861402e-001	  4.7909479e-002	  4.1045351e-001	
  9.1462160e-002	  2.4284903e-001	  1.0044133e+000	  8.1395998e-001	 -1.4749712e-002	 -3.4519977e-001	 -3.5170691e-001	  1.3517450e-003	  2.5276905e-001	  2.0087078e-001	 -3.6497790e-001	
 -6.1703190e-001	 -6.0552744e-001	  2.9995689e-001	  8.1383084e-003	 -6.0686081e-001	  6.8228858e-001	  6.7911162e-001	  2.9385857e-001	  1.2688659e-001	 -2.4480171e-001	  4.3075753e-001	
 -5.6893252e-001	 -3.2209299e-001	  4.4128777e-001	  8.1848279e-001	 -2.8357394e-002	  1.7656826e-001	  4.4087606e-001	  7.9589678e-001	  7.6205498e-001	 -1.9298985e-001	  4.7189148e-001	
  6.5120725e-002	 -3.0408951e-002	  6.0347480e-002	 -2.6900269e-001	  5.9865524e-001	 -2.3902007e-002	 -1.3565658e-001	 -3.3691558e-002	 -1.0345195e-001	  8.9245208e-004	  1.7998964e-002	
  4.5629259e-001	  3.2741661e-001	  3.1202188e-001	 -2.7819388e-002	 -6.7003242e-001	 -2.6807001e-001	 -3.2091638e-001	 -5.0236664e-001	 -7.0033295e-001	 -7.9794567e-002	 -1.6500636e-001	
  4.7065896e-001	  3.2289461e-001	 -1.1377620e-001	 -3.6262223e-001	 -1.1004603e-001	 -2.2146244e-001	 -2.0316713e-001	 -4.3457168e-001	 -4.2911225e-001	  3.7851744e-001	 -5.2144018e-001	
 -3.9723775e-001	 -3.4408233e-001	 -6.9889060e-001	 -2.5556442e-001	  2.8400558e-001	  1.1499212e-001	  3.1199482e-001	  8.3740390e-001	  8.4896452e-001	 -2.5557119e-001	  5.1369799e-001	
  1.7466607e-001	  1.2022287e-001	 -3.5437168e-001	 -3.2045643e-001	 -2.3358574e-002	 -1.8517047e-001	 -2.2817176e-001	 -6.2258344e-002	 -4.0330063e-002	 -2.7620553e-001	 -7.0203060e-002	
  3.1160888e-001	  7.9988452e-003	  5.6614804e-001	 -4.5192358e-001	 -2.8976023e-001	  2.9285274e-001	 -3.3141385e-003	 -1.0036798e+000	 -1.4434398e+000	 -5.0205889e-003	 -1.5052201e-001	
  7.8897708e-001	  2.6394109e-001	  1.7959151e+000	 -3.0100827e-001	 -8.9814134e-001	  2.5503949e-001	 -1.7631650e-001	 -1.5287879e+000	 -1.9860803e+000	 -3.8113237e-001	 -4.0247345e-001	
 -3.1900321e-001	 -5.2659051e-001	  1.2780378e+000	  1.9456919e-001	 -1.3705506e+000	  6.9516215e-001	  6.2808921e-001	 -2.3433344e-001	 -6.0739444e-001	 -4.6997046e-001	  2.0989687e-001	
 -6.6444332e-001	 -4.2819004e-001	 -1.4498213e+000	 -4.9960788e-001	  2.1174033e+000	  3.4486516e-001	  3.5398967e-001	  6.8194292e-001	  6.2910256e-001	 -2.0595475e-001	  4.3037548e-001	
 -2.9739817e-001	 -3.4174857e-001	 -4.1389040e-001	  2.0084812e-001	  9.3720874e-001	  3.9818175e-001	  3.5114050e-001	  2.5328234e-001	  1.4101401e-001	 -2.7646483e-001	  2.0322025e-001	
  3.7083522e-002	  4.2539138e-001	 -1.3315061e+000	  1.5988653e-001	  1.0512026e+000	 -6.1855976e-001	 -4.0334675e-001	  4.8228759e-001	  9.8626870e-001	  4.6853154e-001	 -1.4663836e-001	
 -7.5429884e-002	 -2.2974941e-001	  1.3031831e-001	 -5.0625784e-002	  2.8762898e-001	  3.0414019e-001	  2.3142311e-001	  8.1580135e-002	 -2.0005150e-001	 -7.6269657e-001	  4.6013250e-001	
 -8.3471373e-001	 -8.8186213e-002	  2.5051284e-001	  8.6212030e-001	 -8.7441227e-001	 -7.7074972e-002	  2.1891782e-001	  8.3176426e-001	  9.0524204e-001	  1.4121682e-001	  2.8633301e-001	
 -6.2130711e-002	 -1.1305982e-001	  2.1270745e+000	  2.3425367e+000	 -1.9651047e+000	 -2.8585046e-001	  1.3708451e-001	  1.0943914e+000	  1.5068334e+000	  3.3600708e-001	  7.7416803e-002	
  9.0665290e-001	 -8.6104925e-002	  1.7317692e-001	 -8.0510843e-001	  5.9405161e-001	  4.0120418e-001	  1.9333853e-002	 -9.2447409e-001	 -1.1292597e+000	  1.1549092e-001	 -4.2977585e-001	
 -7.1120912e-001	 -2.1577908e-001	  1.4399449e+000	  8.6538641e-001	 -8.9907825e-001	  1.1946377e-001	  3.6190784e-001	  6.5674458e-001	  7.1152049e-001	  2.0288115e-002	  4.1403849e-001	
  2.9889836e-001	 -1.1330449e-001	 -3.0399458e-001	 -5.4397119e-001	 -4.7127202e-001	  3.6618434e-001	  2.1950357e-001	 -5.1666156e-001	 -7.2275037e-001	 -1.9775997e-001	 -1.5807620e-001	
 -1.0738573e-001	 -1.8660713e-001	 -1.0905491e+000	 -1.2548671e+000	  1.5851868e+000	  4.3632811e-001	  1.2274050e-001	 -4.9308201e-001	 -4.4273731e-001	  1.3728750e-001	 -4.1897861e-001	
 -9.8047959e-001	 -1.5690424e-002	  5.9766381e-001	  1.0672745e+000	 -4.5687864e-001	 -2.9268920e-001	 -3.5573696e-002	  7.4607568e-001	  5.4353835e-001	 -7.2602342e-001	  5.5210688e-001	
 -5.4504793e-002	  9.1205493e-003	 -8.9786575e-001	 -1.5660005e+000	  1.3741453e+000	  1.8155986e-001	 -1.4074692e-001	 -6.7374408e-001	 -1.0878855e+000	 -4.1155907e-001	  4.0872515e-002	
 -3.6135408e-001	  1.1185994e-002	 -4.0880499e-001	 -8.8058961e-001	  7.1269514e-001	  1.1134567e-001	  5.2301861e-002	 -2.0952117e-001	 -6.0750479e-001	 -5.6402734e-001	  1.5651643e-001	
  9.6236286e-001	 -1.4406760e-001	  1.0421834e+000	 -1.7275592e-001	 -5.7942183e-002	  5.3369004e-001	  2.3493639e-001	 -1.1090766e+000	 -1.1782711e+000	  2.5559928e-001	 -4.3203238e-001	
  3.8341659e-001	 -2.6333896e-001	 -1.0523029e+000	 -1.5467534e+000	  1.6370686e+000	  5.5362171e-001	  1.8359384e-001	 -8.3982692e-001	 -1.2124970e+000	 -1.2261265e-001	 -1.1055665e-001	
  2.4163975e-001	 -5.7145540e-002	 -2.0275310e+000	 -1.3597821e+000	  1.0014566e+000	  8.6091254e-002	  3.8648291e-002	 -2.2159145e-001	 -4.1173498e-001	 -9.8605826e-002	  8.0220830e-003	
 -5.3237302e-001	 -2.1676404e-001	  7.9081717e-001	  8.2491389e-001	 -9.5391136e-002	  5.3146315e-002	  1.6545050e-001	  7.4624000e-001	  4.5444598e-001	 -4.9157757e-001	  7.9737673e-001	
 -1.6194868e-001	 -2.5382264e-001	  5.4631526e-003	 -2.5415312e-001	  1.5081110e-001	  3.8176218e-001	  2.2509217e-001	 -1.1872161e-001	 -1.8424433e-001	  9.3795385e-003	 -1.5458604e-001	
 -2.0042924e-001	  3.0480137e-001	  9.3526208e-002	  3.6607519e-001	 -2.9534680e-001	 -8.0116985e-001	 -2.2437472e-001	  1.3471267e+000	  1.9040820e+000	  2.4529115e-001	  2.7688613e-001	
 -4.5945401e-002	  3.2742705e-001	 -1.0354628e-001	 -5.8511317e-001	  5.5959351e-002	 -6.6288306e-001	 -1.8874874e-001	  1.1694646e+000	  1.6931727e+000	  4.2025239e-001	  1.7820587e-001	
  5.3581362e-001	  2.0536647e-001	 -9.2699657e-001	 -1.3483162e+000	  1.8568863e+000	 -9.0415866e-003	 -4.4416871e-001	 -1.2214310e+000	 -1.5479966e+000	  1.5837334e-001	 -2.8664284e-001	
  6.5948462e-001	  3.4017866e-001	 -3.3278942e-002	 -1.5363787e-001	  3.6266007e-001	 -1.0445934e-001	 -4.7235393e-001	 -1.2286616e+000	 -1.6829213e+000	 -2.6511505e-001	 -1.2859136e-001	
  5.9327874e-001	  1.7672602e-001	 -2.7361569e-001	  2.5591660e-001	  5.8908686e-001	  2.9727661e-001	 -2.2210577e-001	 -1.7078325e+000	 -2.1255965e+000	 -2.1410073e-001	 -6.1022512e-001	
 -8.2439783e-001	 -3.6105844e-001	  1.1561012e+000	  7.2542091e-001	 -6.8443092e-002	 -1.6757902e-001	  4.5692024e-001	  1.8267901e+000	  2.2154631e+000	  1.9796135e-002	  7.5764216e-001	
  4.7080640e-001	 -5.5177188e-002	  1.2216699e+000	  5.8722430e-001	 -1.7988091e-001	  4.2465184e-001	  3.7226616e-002	 -1.3599864e+000	 -1.9977636e+000	 -3.0024147e-001	 -2.1070676e-001	
  9.0056902e-001	  3.8962369e-001	 -5.5873561e-001	 -2.8230102e-001	  2.8016179e-001	 -4.5770560e-002	 -4.7760092e-001	 -1.3046446e+000	 -1.5985984e+000	  1.3613112e-001	 -4.0405636e-001	
 -6.0234434e-001	  6.2514644e-003	 -8.0211579e-001	 -9.2362514e-001	  7.1784082e-001	 -4.9692094e-001	 -7.2442760e-002	  1.4975303e+000	  2.1799615e+000	  4.5636275e-001	  3.3623471e-001	
  6.7186489e-001	  1.1766243e-001	  9.1675778e-001	  1.3928658e+000	 -1.2186227e+000	  3.4540371e-001	  9.0140978e-003	 -1.3499436e+000	 -1.9346392e+000	 -5.0567285e-001	 -1.7406869e-001	
 -1.3005495e+000	 -8.7670823e-001	  7.8488843e-002	  3.4247455e-001	 -9.1135062e-001	  4.4647030e-001	  9.1859909e-001	  1.8103438e+000	  1.8275566e+000	 -6.6460074e-001	  1.0127531e+000	
 -1.0128593e+000	 -4.6479134e-001	  2.8490439e+000	  2.4393811e+000	 -2.1109021e+000	  1.7317813e-001	  6.3700077e-001	  1.3094717e+000	  1.6726241e+000	 -7.8193039e-002	  5.0227464e-001	
  8.8095100e-001	  4.3561481e-001	  1.5820673e+000	  1.7294897e+000	 -7.4880215e-001	 -2.4105837e-001	 -4.5282583e-001	 -1.2145245e+000	 -1.5978644e+000	 -2.9882952e-001	 -3.3438380e-001	
  5.0935555e-001	  2.1067223e-002	  1.5645346e+000	  7.9962472e-001	 -3.1712180e-001	  3.7456090e-001	  5.0603775e-002	 -1.1319007e+000	 -1.7049971e+000	 -3.2850870e-001	 -2.1796584e-002	
 -1.6108708e+000	 -1.6577497e+000	  9.5171648e-001	  1.0779750e+000	 -1.4223285e+000	  1.5231725e+000	  1.6703942e+000	  1.3761531e+000	  6.6756121e-001	 -1.2009807e+000	  1.8191117e+000	
 -1.4433663e+000	 -1.4113266e+000	 -9.2742523e-001	 -2.0084795e-001	 -8.0738889e-001	  1.2184917e+000	  1.4925737e+000	  1.4147660e+000	  6.7234732e-001	 -1.4135054e+000	  1.8671977e+000	
 -2.5190413e+000	 -2.8976646e+000	 -8.6999386e-001	 -7.7757918e-001	  9.7932359e-001	  3.0793677e+000	  2.8944658e+000	  1.4466217e+000	 -2.1959648e-001	 -2.6127370e+000	  2.5819210e+000	
  3.0987987e+000	  3.6903105e+000	 -5.3798907e-001	  2.2148116e-001	  2.3605406e-001	 -3.8452418e+000	 -3.6502861e+000	 -1.6304896e+000	  7.5556105e-001	  3.7416268e+000	 -3.3254364e+000	
 -1.9731144e+000	 -1.8340844e+000	  6.4881651e-001	  1.2621589e+000	 -1.1397850e+000	  1.6594454e+000	  1.9605947e+000	  1.7424351e+000	  1.0710212e+000	 -1.3860675e+000	  1.5563621e+000	
  3.0631895e+000	  3.2920573e+000	  2.7620038e-001	 -1.0912369e-001	  5.9442979e-001	 -3.1674528e+000	 -3.2804291e+000	 -2.1872346e+000	 -1.0202670e-001	  3.3367009e+000	 -3.3097354e+000	
  1.9522573e+000	  2.2207649e+000	 -1.6298351e+000	 -1.1013652e+000	  8.0057925e-001	 -2.0348253e+000	 -2.2096769e+000	 -1.4829819e+000	 -2.7266263e-001	  1.9527144e+000	 -1.8754408e+000	
  2.3872911e+000	  2.6014224e+000	  1.3764744e+000	  6.3161237e-001	 -8.4160442e-001	 -2.6697878e+000	 -2.5692350e+000	 -1.3171853e+000	  3.3671232e-001	  2.7091062e+000	 -2.4394634e+000	
  1.4802584e+000	  1.4911586e+000	 -4.1470851e-001	 -7.2983756e-001	  3.6356573e-001	 -1.4238432e+000	 -1.6056530e+000	 -1.4149251e+000	 -8.1201538e-001	  1.3950031e+000	 -1.4306271e+000	
 -2.4500503e+000	 -2.8524402e+000	 -4.6552367e-001	 -4.9199727e-001	  3.8374391e-001	  2.9345589e+000	  2.7675977e+000	  1.5512360e+000	 -2.8213936e-001	 -3.2010169e+000	  2.7820642e+000	
 -2.9155987e+000	 -3.1167552e+000	  5.4818118e-001	  4.5333564e-001	 -2.7633346e-002	  3.1021722e+000	  3.2125178e+000	  2.1461426e+000	  2.3496723e-001	 -3.3633259e+000	  3.2557120e+000	
  1.4052987e+000	  1.4240326e+000	  1.3330346e-001	 -1.6836544e-001	 -2.8584035e-002	 -1.2715356e+000	 -1.4554150e+000	 -1.2428542e+000	 -5.3811623e-001	  1.4370628e+000	 -1.6331259e+000	
  2.5684736e+000	  2.6030887e+000	  5.3372073e-001	  3.0326904e-001	 -3.1542231e-001	 -2.4868521e+000	 -2.5960901e+000	 -1.9471750e+000	 -4.8631165e-001	  2.6424333e+000	 -2.6610606e+000	
  2.3312510e+000	  2.6082196e+000	  3.0383958e-001	  1.5574930e-001	 -4.2404392e-001	 -2.6544507e+000	 -2.6419990e+000	 -1.5839731e+000	 -2.0368208e-002	  2.6334267e+000	 -2.6766838e+000	
