  4.2718253e-001	 -3.0824920e-001	  3.6227613e-001	  2.9941419e-001	 -1.0982301e-002	 -7.7397725e-002	 -3.6560329e-001	  3.7632658e-001	  2.1352015e-001	  2.5555402e-001	  2.8361947e-001	
 -5.6623700e-001	  1.6560903e-001	 -6.4952334e-001	  5.5253600e-001	 -3.1686307e-001	  6.0237464e-003	  2.2539672e-001	 -5.6546392e-001	 -3.6128754e-001	 -4.7495289e-001	 -5.9274907e-001	
 -1.1831252e+000	  1.1531299e+000	 -1.0049228e+000	  2.8605380e+000	 -2.8945742e-001	 -5.2044549e-001	 -1.2505769e-001	 -1.1447017e+000	 -1.1768328e+000	 -1.2595055e+000	 -1.1664074e+000	
  8.8326411e-001	 -1.3538462e+000	  9.9202879e-001	 -1.7760400e+000	  8.2589309e-002	  1.3947409e+000	  1.1637046e+000	  5.7444747e-001	  1.3169718e+000	  1.1181400e+000	  9.6346404e-001	
  5.0393077e-002	  1.2762060e-001	 -7.5688287e-001	  1.3726943e-001	 -9.4489448e-001	 -3.4665365e-001	 -4.1943575e-001	  1.4154531e-001	 -2.2498946e-001	  1.3909937e-002	  2.6272035e-002	
 -5.3209304e-001	  4.9099601e-001	 -2.0484776e-001	  3.0127442e-001	 -4.9660392e-001	 -2.8664880e-001	 -4.8457935e-002	 -4.6403204e-001	 -3.7271551e-001	 -3.2195208e-001	 -4.4294702e-001	
  1.0472149e+000	 -1.3240895e+000	  4.0060426e-001	 -8.6605552e-001	  4.5409509e-001	  1.1328991e+000	  8.0129865e-001	  8.2698460e-001	  1.3260757e+000	  9.9473865e-001	  1.0219598e+000	
  4.0491669e-001	 -4.0787204e-001	  6.6606878e-001	 -8.2846213e-001	 -3.9107040e-001	  4.0779376e-001	  1.5749406e-001	  3.5501041e-001	  6.3884588e-001	  5.4896108e-001	  5.8909950e-001	
  9.0806318e-001	 -9.8580225e-001	  4.0941655e-001	 -1.3205200e+000	  4.1927808e-001	  7.2174160e-001	  2.2977237e-001	  9.5458598e-001	  7.6805479e-001	  8.5622754e-001	  8.6792039e-001	
  1.9674531e-001	  1.0000664e-001	  6.1553619e-001	 -4.3216215e-001	  8.5421129e-001	 -2.8756303e-001	 -4.4486013e-001	  2.2244845e-001	  1.1016143e-001	  2.2124720e-001	  3.5944628e-001	
  1.9218279e-001	 -9.6340674e-002	 -3.2028310e-002	  5.5622574e-001	  9.8050086e-001	 -4.2823776e-001	 -6.3644741e-001	  3.6024998e-001	 -3.2167094e-001	  1.9036380e-001	  2.6426156e-002	
 -1.3498725e+000	  1.4894005e+000	 -9.3132512e-001	  1.1229583e+000	 -5.2859201e-001	 -1.4075434e+000	 -1.1608255e+000	 -8.4890395e-001	 -1.5422690e+000	 -1.3481745e+000	 -1.3794962e+000	
 -4.3075252e-001	  3.5355967e-001	 -4.6448669e-001	  6.4540520e-001	 -4.3468996e-001	 -1.9801342e-002	  4.2052179e-001	 -6.7893909e-001	 -4.5776067e-001	 -6.1390458e-001	 -6.8559032e-001	
 -3.8150412e-001	  7.1242648e-001	 -1.5511492e+000	  1.1112502e+000	 -2.3431285e+000	 -1.0691202e+000	 -1.1879739e+000	 -1.9655914e-001	 -8.2075473e-001	 -5.6283770e-001	 -5.6620036e-001	
 -1.1297871e-001	  2.0666384e-001	  2.1485394e-001	  5.6082892e-001	 -2.2096548e-001	 -3.7512821e-001	 -5.1604753e-001	  1.7159547e-003	 -2.9478393e-001	 -3.2781520e-001	 -2.1727539e-001	
  8.0384362e-001	 -7.3472079e-001	  8.1934750e-001	 -8.7105357e-001	 -9.6411077e-002	  4.3059166e-001	  2.6757551e-002	  6.7584037e-001	  1.0844196e+000	  9.0854231e-001	  9.0849200e-001	
  2.5896447e-002	  1.7563967e-001	  5.0266812e-001	 -8.4041442e-001	  6.8319519e-001	 -1.4593931e-001	  1.5692384e-001	  6.8926696e-003	  1.4688162e-001	 -1.9861916e-001	  9.9595750e-002	
 -1.0631676e+000	  6.7858299e-001	  1.0514523e-001	  9.9331331e-001	  8.1020203e-001	  3.1938662e-002	 -1.2417927e-001	 -1.0436399e+000	 -6.3244852e-001	 -9.8475929e-001	 -8.7331195e-001	
 -5.2341279e-001	  3.1216893e-002	  5.1171522e-001	  4.0560280e-001	  5.3234396e-001	  4.3445433e-001	  1.5127559e-001	 -5.9954872e-001	 -2.9777361e-001	 -3.8057905e-001	 -5.8082314e-001	
 -7.2457396e-001	  9.4772111e-001	 -1.2558424e+000	  1.2354263e+000	 -8.9923440e-001	 -8.7216708e-001	  4.7723680e-002	 -6.1676506e-001	 -8.2011446e-001	 -1.0538609e+000	 -8.8539816e-001	
 -6.3092658e-001	  7.5745704e-001	 -6.0284091e-001	  1.0536057e+000	  5.3911447e-001	 -7.6754427e-001	  2.5648421e-001	 -4.4488055e-001	 -8.0336129e-001	 -5.3521162e-001	 -8.0422540e-001	
  1.2055608e-001	 -1.1142166e-001	  3.4022323e-001	 -1.4456373e-001	  3.8007820e-001	  1.1090875e-001	  8.5493586e-003	 -7.8888570e-002	  3.0664537e-001	  1.0827346e-001	  1.2926805e-001	
 -4.8012993e-001	  5.3631033e-001	 -5.5377448e-001	  7.9062055e-002	 -1.6637434e-001	 -3.3512815e-001	 -7.2592625e-002	 -4.2987686e-001	 -3.3786459e-001	 -6.0752921e-001	 -3.1477376e-001	
  1.0331196e+000	 -1.3178590e+000	  6.5710926e-001	 -1.2213085e-001	  1.1664287e+000	  1.5476794e+000	 -5.8124064e-002	  8.2028772e-001	  1.0165340e+000	  8.9515688e-001	  1.2185487e+000	
 -3.5479351e-001	  3.4134054e-001	 -2.3654044e-001	  1.3400652e+000	  6.6072353e-001	 -3.6486218e-002	  1.0024100e-001	 -3.3517949e-001	 -3.6380717e-001	 -6.3277248e-001	 -3.6151662e-001	
 -2.2267328e-001	  3.5233658e-001	 -5.6485606e-001	  1.2729016e-001	 -1.3310961e+000	 -2.1593146e-001	  1.1178263e-002	 -3.4843253e-001	 -1.1829987e-001	 -5.1575193e-001	 -3.5937269e-001	
 -7.3932302e-001	  8.3727266e-001	 -1.6444955e-001	  2.0306753e+000	  9.9047963e-001	 -7.8088157e-001	 -9.5887992e-002	 -7.5991565e-001	 -1.0576611e+000	 -9.0664146e-001	 -9.0623116e-001	
  9.1878010e-002	 -3.3713653e-002	  1.8995075e-001	 -5.9144475e-001	 -1.9814251e-001	 -2.0366489e-001	  1.5474105e-001	  2.6752530e-001	 -1.1774658e-001	  6.5552578e-002	 -4.9575049e-002	
  3.7851672e-001	 -4.8169413e-001	 -6.8329187e-001	 -1.1759041e+000	 -1.3254749e+000	  4.9344212e-001	 -1.1801073e-001	  3.2589877e-001	  4.9413587e-001	  3.8616666e-001	  5.5881415e-001	
 -8.8248647e-001	  1.1313772e+000	 -3.1667902e-001	  2.7880677e-001	 -7.5553704e-001	 -1.4588706e+000	  1.3269639e-002	 -5.8653735e-001	 -1.2490349e+000	 -1.0801805e+000	 -8.2390728e-001	
  1.2129713e-001	 -1.4959810e-001	  9.9408189e-001	  1.4742723e-001	  7.2254583e-001	  1.1288911e-001	  1.2550765e-001	  6.2635141e-002	  5.1773220e-001	  2.6676899e-001	  3.4514535e-001	
  2.0558670e-001	 -2.2954904e-001	  9.6796569e-001	 -7.3601685e-001	  4.1283863e-002	  2.0936368e-001	  5.5170357e-002	  4.0836830e-001	  1.3037303e-001	  4.8355471e-001	  2.1221951e-001	
  3.8666172e-001	 -3.5670102e-001	 -2.5096817e-001	 -1.1155366e+000	 -6.8932789e-001	  4.0745887e-001	  4.5565596e-001	  1.1512299e-001	  4.2282731e-001	  2.8359581e-001	  3.4961900e-001	
 -7.5680616e-002	  5.9041370e-001	  4.1838684e-001	 -1.3832399e+000	 -9.7910284e-001	 -1.0362565e+000	 -1.0398782e+000	  6.1448881e-002	 -3.5613687e-001	 -3.8475440e-001	 -4.2580007e-002	
 -2.8841426e-001	  2.9765704e-001	 -2.8842883e-001	 -3.4318936e-001	 -6.5350802e-001	 -1.2038988e-002	  1.3625199e-001	 -2.1832020e-001	 -5.6914446e-001	 -4.9004697e-001	 -4.1104568e-001	
 -1.8879755e-001	  5.2090881e-001	 -1.2997616e+000	  1.6250971e+000	 -4.6395033e-001	 -8.4593037e-001	 -1.0901320e+000	  4.2867899e-002	 -5.7625877e-001	 -1.8736381e-001	 -3.8102998e-001	
  1.9231126e-001	 -4.9518084e-001	  1.5426833e+000	 -8.4566850e-001	  8.3416570e-001	  7.4685280e-001	  6.3504300e-001	  2.8924897e-001	  3.2657352e-003	  2.0117367e-001	  3.0431961e-001	
  4.7168144e-001	 -2.7447782e-001	 -5.6742316e-001	  8.9120794e-001	 -7.8312270e-001	 -3.1817727e-001	 -6.4887481e-001	  7.6448810e-001	  4.1218989e-002	  5.4018225e-001	  4.6898531e-001	
 -3.3768766e-002	  3.7437614e-001	 -8.9742383e-001	 -2.0667359e-001	 -7.0781925e-001	 -2.9387884e-001	 -4.6378165e-001	  4.9203824e-002	 -2.6652847e-001	 -1.0769234e-001	 -1.1405661e-001	
  1.0267916e-001	 -4.9636371e-001	 -7.7930398e-001	  1.7245061e-001	 -8.8054806e-001	  1.0202187e+000	  1.1861508e+000	 -4.5444363e-001	  2.5023544e-001	 -3.9707625e-001	 -1.2371900e-001	
 -1.1978469e-001	  8.8958588e-002	  5.8694315e-001	 -7.6636298e-001	 -7.0494750e-001	  3.1289268e-001	  5.1532910e-001	 -5.0671200e-001	 -5.6185837e-002	 -4.0152081e-001	 -1.4928690e-001	
 -1.6924624e-002	  1.1115903e-001	 -5.6638274e-002	  2.3766065e-001	 -1.8373691e-001	  8.0376728e-002	  9.4373662e-002	  6.2405380e-002	 -9.5942909e-002	  2.1535795e-001	  8.4709073e-002	
  4.0699534e-001	 -3.6831961e-001	 -2.8141496e-001	  9.3268262e-001	 -6.8871908e-001	  9.3628333e-002	 -3.0500338e-001	  6.1469905e-001	  1.1091531e-001	  3.3705099e-001	  4.5322668e-001	
  2.2513743e-001	 -4.4036907e-001	 -1.5076586e+000	  1.5831648e+000	 -1.1144262e+000	  5.9370659e-001	  3.4340945e-001	  7.3440386e-002	  1.1773749e-001	  2.3550568e-001	  1.1347579e-001	
  3.3113309e-001	  6.8787025e-002	  3.4500985e-001	  1.1004640e+000	 -9.9948455e-002	 -8.0499751e-001	 -1.0559694e+000	  5.3701449e-001	 -2.1964575e-003	  3.7494574e-001	  2.5098619e-001	
  2.0302865e-001	 -6.3907493e-001	 -8.5533051e-001	 -8.1858775e-001	 -2.6540757e-002	  7.4693882e-001	  8.9052633e-001	 -3.5307809e-002	  4.0416050e-001	  3.1968787e-001	  2.0003096e-001	
  4.4072266e-001	 -4.9629741e-001	 -4.9325298e-001	 -9.6456433e-002	 -3.5396305e-002	  6.2165489e-001	  3.8388818e-001	  2.7132068e-001	  2.1975425e-001	  2.9865356e-001	  1.2312560e-001	
  4.2144048e-001	 -5.5697405e-001	  5.2858731e-001	 -2.3314323e-002	  6.6200764e-001	  3.6444711e-001	  1.2818943e-001	  4.4081878e-001	  2.8527607e-001	  4.6944582e-001	  4.2006542e-001	
  3.2604816e-001	 -4.2688777e-001	 -3.5107674e-001	 -7.6414760e-001	  1.4263522e-001	  4.0646617e-001	  4.3716057e-001	 -5.4606821e-003	  3.7691629e-001	  4.0763684e-001	  3.0801447e-001	
 -1.0135629e+000	  9.4008106e-001	 -1.0347679e+000	  2.9580414e-001	 -6.0012834e-001	 -4.3906180e-001	 -3.7872390e-003	 -9.8616287e-001	 -1.0319793e+000	 -1.1738818e+000	 -1.1105848e+000	
  2.1931070e-001	 -1.6815598e-001	  1.4357738e+000	 -6.3865344e-001	  2.6152852e+000	 -2.3748930e-001	 -2.4055584e-001	  3.9681016e-001	  2.5904531e-001	  4.1971420e-001	  4.6483042e-001	
 -1.0969881e-001	  3.5234421e-002	  3.4595679e-001	 -3.5701974e-001	  1.1615070e+000	 -5.9741237e-002	  1.4245459e-001	  7.6402283e-002	  1.0261062e-001	  2.0424550e-001	 -3.6350772e-002	
  4.9076438e-001	 -8.8341732e-001	  1.6771365e+000	  2.5021579e-001	  9.1336697e-001	  9.7441944e-001	  7.8610236e-001	  3.5031902e-001	  7.5669801e-001	  8.0211246e-001	  5.2039325e-001	
 -2.7402485e-001	  3.3565091e-001	  8.9265335e-001	  5.0145710e-001	  1.1512275e+000	 -1.1507368e-001	  6.6397974e-002	 -3.0996133e-001	 -5.4601524e-001	 -4.7853298e-001	 -3.8486592e-001	
  3.6366738e-001	 -6.4489091e-001	  1.6590891e+000	 -5.9551308e-001	  1.6858885e+000	  2.7031035e-001	  3.1520057e-001	  5.7176707e-001	  4.6583588e-001	  5.6934150e-001	  5.4503184e-001	
  4.4506879e-002	 -9.8529753e-002	  1.0370285e-001	 -7.3407499e-001	 -1.5217546e+000	  1.3304753e-001	  1.8474562e-002	 -4.9653046e-002	  1.3532434e-001	 -1.3198810e-001	 -4.2382382e-002	
  2.0550415e-001	 -4.9135929e-001	  9.6839596e-001	 -3.2959900e-001	  1.7821028e+000	  5.1397786e-001	  5.9823640e-001	  2.0641659e-001	  3.9331325e-001	  3.1148120e-001	  3.5998153e-001	
 -8.2584630e-001	  2.8295895e-001	  8.3359770e-001	 -1.4659503e-001	  1.2618727e+000	 -3.5810935e-002	  4.4550483e-001	 -8.9628519e-001	 -2.7152246e-001	 -6.8963450e-001	 -7.1145175e-001	
  1.3537341e+000	 -7.4668586e-002	  2.6898088e-001	 -1.0886284e+000	  3.1018518e-001	 -9.3065260e-001	 -1.5155958e+000	  1.3087953e+000	  7.3435436e-001	  1.0120649e+000	  1.1332352e+000	
 -5.8464876e-001	 -2.9234865e-001	 -1.1088691e+000	  3.0865385e-001	 -4.5780362e-001	  9.2468752e-001	  1.2213603e+000	 -6.7012910e-001	 -3.4539454e-001	 -3.9586292e-001	 -5.6660075e-001	
 -3.0507477e-001	  1.7584354e-003	  5.7383304e-001	  1.2962967e+000	  1.0509576e+000	  1.0655977e-001	  2.9089506e-001	 -1.3708142e-001	 -2.3470883e-001	 -3.7577716e-001	 -1.2635349e-001	
  3.0203983e-001	 -7.0075856e-002	  7.6050704e-001	  9.8691997e-001	  1.7841740e+000	 -5.2492265e-001	 -5.5674190e-001	  3.6481535e-001	 -3.6606540e-001	  8.1924227e-002	  3.7679203e-002	
  1.8412012e-001	  1.4334502e-001	  1.4303780e+000	 -8.6355566e-001	  1.1649097e+000	 -1.0797678e-001	 -5.1076984e-002	 -7.4626014e-002	  2.9797748e-001	  2.2589307e-001	  1.8480999e-002	
 -2.2041313e-001	  2.6091134e-002	 -8.7297940e-001	  1.1216031e-001	 -8.9023935e-001	  1.4870770e-001	  1.0399440e-001	  2.7280294e-002	 -1.0896404e-001	  1.5685269e-001	 -3.8671025e-002	
 -2.4814829e-001	 -1.7751299e-002	 -4.1536522e-001	  3.4196923e-001	 -1.0685109e+000	  1.1847358e-001	 -8.8860750e-002	  3.2511892e-002	 -3.4997740e-001	 -2.3568191e-002	 -2.0511738e-001	
  1.7927791e+000	 -2.4184985e-001	  2.3976078e+000	 -1.6458437e+000	  1.8459983e+000	 -1.0454499e+000	 -1.7402356e+000	  1.6516287e+000	  1.7947748e+000	  1.6473507e+000	  1.7264733e+000	
  1.5763658e+000	 -4.9105786e-002	  7.3440317e-001	 -1.8716718e+000	  1.2142356e+000	 -4.3440447e-001	 -8.4354026e-001	  1.2285260e+000	  1.5767368e+000	  1.5860308e+000	  1.5342992e+000	
  1.1898142e-001	 -1.0475134e-001	 -1.2112198e-001	 -5.3417028e-001	 -2.6169946e-001	  3.1984946e-002	 -2.0462960e-001	  3.6730041e-001	  2.6062958e-001	  3.3877683e-001	  1.6428139e-001	
 -3.9707042e-002	 -4.5209852e-002	  5.3346046e-001	 -5.3134496e-001	  1.9451944e-001	  1.0904714e-001	  3.3906088e-001	 -2.6774079e-001	  3.2564116e-001	 -2.6301847e-002	  1.6914980e-001	
  1.5419655e+000	  4.6864239e-002	  1.2157912e+000	 -1.7713090e+000	 -4.9448646e-001	 -1.0108633e+000	 -1.5077709e+000	  1.2556837e+000	  1.5401780e+000	  1.5356520e+000	  1.6388534e+000	
 -1.2793621e+000	  8.8273285e-002	 -1.7258547e+000	  1.5700231e+000	 -2.0862992e+000	  9.8111794e-001	  1.3611673e+000	 -1.0220310e+000	 -1.4681949e+000	 -1.5022530e+000	 -1.2440088e+000	
  6.0426470e-001	 -5.5949735e-002	  1.2658425e+000	 -3.2914228e-001	  1.3434195e+000	 -3.9159269e-001	 -4.1438171e-001	  5.6804150e-001	  7.7979063e-001	  7.4292476e-001	  9.4393173e-001	
  1.6256339e+000	 -1.8473927e+000	 -1.7516358e-002	 -2.3303122e-001	 -7.9611474e-001	  1.1966857e+000	  5.2588458e-001	  1.4493759e+000	  2.0171320e+000	  1.8838456e+000	  1.8164694e+000	
 -2.5240156e+000	  2.7517267e+000	 -1.0726717e-001	 -1.3160333e+000	  3.1658197e-001	 -1.8606719e+000	 -9.3331963e-001	 -2.2112309e+000	 -2.3712505e+000	 -2.3143666e+000	 -2.4358243e+000	
 -1.4954894e+000	  1.9655690e+000	  1.0790075e+000	  7.3543556e-001	  1.1737062e+000	 -1.9769571e+000	 -1.3991745e+000	 -9.7263663e-001	 -1.6905913e+000	 -1.5403952e+000	 -1.5310848e+000	
 -1.5481947e+000	  2.0557597e+000	  4.3368129e-001	 -4.8107332e-001	  1.0553369e+000	 -1.9495545e+000	 -1.3692266e+000	 -1.1784682e+000	 -1.7994184e+000	 -1.5768726e+000	 -1.4027327e+000	
 -1.9941905e+000	  2.2483921e+000	  9.7542522e-001	  4.3920268e-001	  1.6149818e+000	 -1.8142190e+000	 -8.6882065e-001	 -1.8287980e+000	 -1.9150379e+000	 -2.0091524e+000	 -1.9951288e+000	
  1.3938191e+000	 -1.6781412e+000	  1.7188481e+000	  2.6647204e-001	  1.9645608e+000	  1.7423687e+000	  1.5099048e+000	  1.0213953e+000	  1.7421451e+000	  1.5100838e+000	  1.4983363e+000	
  1.5357993e+000	 -1.8787400e+000	 -2.3034613e-001	 -7.8635694e-002	 -7.7878426e-001	  1.4910874e+000	  9.3415264e-001	  1.1397919e+000	  1.7690848e+000	  1.5354929e+000	  1.4863764e+000	
  1.6930638e+000	 -2.1758038e+000	 -2.2641960e+000	  7.4324619e-001	 -1.7834167e+000	  1.9395245e+000	  1.1965910e+000	  1.3758125e+000	  1.8204556e+000	  1.7140986e+000	  1.7902541e+000	
 -1.3744126e+000	  1.3787863e+000	 -2.6656750e+000	  1.8275857e+000	 -1.3501259e+000	 -7.2333799e-001	 -4.8843017e-001	 -1.2501935e+000	 -1.6728980e+000	 -1.7401774e+000	 -1.6673143e+000	
  1.6551399e+000	 -1.9588117e+000	 -7.3636020e-002	 -6.5724778e-001	 -1.2950718e+000	  1.4714484e+000	  7.5360533e-001	  1.5085230e+000	  1.8043163e+000	  2.0612179e+000	  1.8387240e+000	
  1.9040711e+000	 -2.2792763e+000	  8.6207207e-001	 -9.3974868e-001	  6.9376595e-001	  2.0292016e+000	  1.2139364e+000	  1.6778204e+000	  2.0188188e+000	  2.0248623e+000	  1.8660460e+000	
  1.9549917e+000	 -2.2750044e+000	  1.6574124e+000	 -9.2728458e-001	  7.5312465e-001	  1.6395249e+000	  9.7725709e-001	  1.6798953e+000	  1.8885981e+000	  2.0051435e+000	  1.9964474e+000	
 -1.7231364e+000	  1.9846109e+000	 -1.7221692e+000	  5.4879839e-002	 -1.4743231e+000	 -1.5888893e+000	 -1.0287488e+000	 -1.2752898e+000	 -1.9068020e+000	 -1.6482713e+000	 -1.9528553e+000	
 -1.9851534e+000	  2.2967088e+000	 -2.4690980e+000	  2.3541296e-001	 -1.6790108e+000	 -2.1680955e+000	 -1.7509660e+000	 -1.5398566e+000	 -2.0516495e+000	 -1.7646514e+000	 -2.0560233e+000	
  1.8608674e+000	 -1.8814192e+000	 -2.8174124e-001	 -2.0647668e+000	 -8.6346855e-001	  9.8718139e-001	 -7.6588224e-002	  1.8399415e+000	  1.3768880e+000	  1.7553305e+000	  1.7102248e+000	
  1.0696628e+000	  2.1903821e-001	 -6.8823146e-001	  9.3198128e-001	 -8.7416830e-001	 -1.6637720e+000	 -2.6139783e+000	  1.8773370e+000	 -7.9379208e-001	  6.4095757e-001	  6.6143194e-001	
  3.3322910e-001	  1.1379693e+000	 -1.9847926e+000	  1.4307012e+000	 -1.1107273e+000	 -2.7359620e+000	 -3.5362843e+000	  1.6210906e+000	 -1.4498837e+000	  1.4740531e-001	  1.3208440e-001	
 -1.8321151e+000	  1.0138337e+000	 -1.0650720e+000	  9.8023377e-001	 -7.7764014e-001	  4.6630207e-002	  7.3170308e-001	 -1.8935759e+000	 -8.2608362e-001	 -1.2596832e+000	 -1.6251847e+000	
  1.4025003e+000	 -7.2494092e-001	 -1.1143425e+000	  5.5995099e-002	 -7.9812039e-001	 -2.0711525e-001	 -1.2379233e+000	  1.7658623e+000	 -1.0845005e-002	  1.0128177e+000	  9.5234605e-001	
  2.0042972e+000	 -1.8437371e+000	  1.4662934e+000	 -2.5377843e+000	  1.0487222e+000	  1.0084021e+000	  1.2402273e-001	  2.0201240e+000	  1.7280491e+000	  1.9495675e+000	  2.0131132e+000	
  9.0201948e-001	 -2.6132933e-002	 -4.2787721e-001	  5.4870132e-001	  5.5706734e-002	 -1.1840000e+000	 -1.9563026e+000	  1.7601602e+000	 -5.8650852e-001	  6.8289167e-001	  5.6711096e-001	
 -2.0295854e+000	  2.2970993e+000	 -1.3005314e+000	  2.5257674e+000	  5.9497044e-001	 -1.8130217e+000	 -8.4927118e-001	 -1.8279290e+000	 -2.1906486e+000	 -2.0831736e+000	 -2.2817820e+000	
 -1.0631299e+000	  1.6001180e-001	  9.3400663e-001	 -1.8968057e-001	  1.5380504e+000	  8.2520326e-001	  1.6263903e+000	 -1.4783719e+000	 -9.6527644e-002	 -1.0692365e+000	 -9.0777461e-001	
 -1.2152848e+000	  1.6307449e-001	  6.3332924e-001	 -6.9998741e-001	 -7.1496826e-002	  1.3340334e+000	  2.2059882e+000	 -2.0428516e+000	  4.0256769e-001	 -8.3569936e-001	 -7.8886147e-001	
 -6.6337250e-001	 -6.9725801e-001	  8.8060802e-001	 -9.1522890e-001	  3.7364939e-002	  2.1915381e+000	  3.0071392e+000	 -1.5564709e+000	  9.9118641e-001	 -4.1605420e-001	 -3.0443789e-001	
 -9.3544597e-001	 -4.7981117e-001	  7.4943902e-001	 -1.1801430e+000	  4.8316936e-002	  1.8741007e+000	  2.6071264e+000	 -1.6863813e+000	  5.9013887e-001	 -6.0548163e-001	 -4.5900123e-001	
 -1.1885801e+000	  4.3544323e-001	 -3.1767730e-001	  5.3252003e-001	 -7.8059278e-001	  5.1628588e-001	  1.2705860e+000	 -1.6214195e+000	 -2.9346196e-001	 -1.0318594e+000	 -1.0866412e+000	
 -1.1575813e+000	  4.2072718e-001	 -1.0465848e+000	  3.7237371e-001	 -7.5612297e-001	  9.3040989e-001	  1.5682284e+000	 -1.7066173e+000	 -2.0315844e-001	 -1.0880958e+000	 -1.0798824e+000	
