  3.3398416e-001	  4.4837067e-001	  5.7959845e-001	  5.4669444e-001	  4.4379149e-001	  1.5680293e-001	  6.2299142e-001	  3.3704863e-001	  5.5736879e-001	  4.3417668e-001	  6.2819245e-001	
  3.3398416e-001	  3.2089607e-001	  5.9375710e-001	  5.8011880e-001	  4.3359486e-001	  2.7788628e-001	  3.9282217e-001	  2.0331847e-001	  4.3429914e-001	  4.9019586e-001	  3.2777911e-001	
  8.5972558e-001	  7.2031650e-001	  1.3724828e+000	  1.0926257e+000	  1.5620223e+000	  6.1691965e-001	  1.0679853e+000	  8.3549740e-001	  9.7443818e-001	  6.8626300e-001	  8.4411453e-001	
 -3.2539705e+000	 -3.7242980e+000	 -2.0546182e+000	 -2.2943763e+000	 -1.6669117e+000	 -4.0326809e+000	 -3.2745411e+000	 -3.0694232e+000	 -2.7593584e+000	 -3.5553228e+000	 -3.4039178e+000	
  6.5680784e-001	  6.7782496e-001	  9.9727859e-001	  8.7536733e-001	  1.0351962e+000	  7.3800300e-001	  8.6083297e-001	  8.7196926e-001	  8.9922894e-001	  8.3564749e-001	  7.2207162e-001	
 -3.7622794e-001	 -4.6944647e-001	 -1.1123601e+000	 -9.3511895e-001	 -1.0245238e+000	 -2.7909711e-001	 -6.6595634e-001	 -5.3827604e-001	 -7.6904860e-001	 -4.8080331e-001	 -4.0447839e-001	
  7.3059611e-001	  5.9284189e-001	  8.9816805e-001	  8.2523079e-001	  8.0067367e-001	  6.6535299e-001	  7.5342065e-001	  7.8686825e-001	  7.3513607e-001	  6.5825341e-001	  7.0329578e-001	
 -2.9311468e+000	 -3.1379149e+000	 -2.0298405e+000	 -2.1567794e+000	 -1.6220465e+000	 -3.1366641e+000	 -2.7988580e+000	 -2.6974102e+000	 -2.4284378e+000	 -2.7028976e+000	 -2.6575784e+000	
  6.1991371e-001	  5.5884866e-001	  7.1410561e-001	  7.3052843e-001	  6.8171295e-001	  4.5951130e-001	  6.3066372e-001	  5.0725065e-001	  6.3257802e-001	  6.7692647e-001	  6.0002870e-001	
  6.9370198e-001	  7.0331988e-001	  1.0468339e+000	  8.8650878e-001	  1.0216007e+000	  4.7161964e-001	  8.1479912e-001	  7.2608182e-001	  8.2401971e-001	  7.1427259e-001	  7.5023537e-001	
 -3.1156175e+000	 -3.3673691e+000	 -2.0362119e+000	 -2.3300290e+000	 -1.6563752e+000	 -3.4635891e+000	 -2.8448918e+000	 -2.8238460e+000	 -2.6985073e+000	 -3.3284451e+000	 -3.3241205e+000	
  3.4320769e-001	  2.9540115e-001	  2.8934615e-001	  2.2916300e-001	 -4.8603954e-003	  2.1734461e-001	  1.7799755e-001	  3.8567778e-001	  3.7960151e-001	  4.2484015e-001	  4.4043411e-001	
  4.4466656e-001	  4.6536729e-001	  6.0083642e-001	  5.6897735e-001	  5.0157242e-001	  3.6264462e-001	  5.7695757e-001	  6.0450894e-001	  5.4369438e-001	  4.4351321e-001	  6.9390787e-001	
 -1.3908167e+000	 -1.2767856e+000	 -1.4988912e+000	 -1.5256160e+000	 -1.3338217e+000	 -1.1024639e+000	 -1.4101702e+000	 -1.5108590e+000	 -1.4801177e+000	 -1.4518025e+000	 -1.2681667e+000	
  8.1360792e-001	  5.9284189e-001	  7.7074021e-001	  6.6925043e-001	  5.8994324e-001	  5.9270298e-001	  6.6135296e-001	  5.0725065e-001	  6.5992684e-001	  6.1157076e-001	  5.1553745e-001	
  5.2767837e-001	  5.7584528e-001	  7.5658156e-001	  7.3609916e-001	  5.8654436e-001	  7.6221967e-001	  6.6135296e-001	  7.3823910e-001	  7.9667090e-001	  6.4891688e-001	  7.2207162e-001	
  6.8447844e-001	  4.8236390e-001	  2.4687020e-001	  2.9601172e-001	 -1.8455907e-002	  2.8999462e-001	  4.2351141e-001	  3.9783506e-001	  5.3001998e-001	  4.2484015e-001	  4.3104620e-001	
  6.1069017e-001	  6.6932665e-001	  7.2118494e-001	  7.9737715e-001	  7.2589836e-001	  6.7746133e-001	  8.3014373e-001	  7.6255368e-001	  6.7360124e-001	  7.1427259e-001	  6.1880453e-001	
  7.3981965e-001	  7.1181819e-001	  1.1742617e+000	  1.1260500e+000	  1.6096066e+000	  7.9854467e-001	  9.9893451e-001	  8.2334011e-001	  9.5392657e-001	  7.7029177e-001	  9.1921787e-001	
  4.5389010e-001	  7.7980464e-001	  3.5306007e-001	  4.1856772e-001	  1.2089809e-001	  6.0481132e-001	  3.0075448e-001	  5.1940794e-001	  5.9155481e-001	  6.0223422e-001	  4.3104620e-001	
  3.2476062e-001	  2.5290961e-001	 -1.2125467e-001	 -1.8864153e-001	 -3.5834370e-001	  1.6891127e-001	  3.9896002e-002	  1.7900390e-001	  1.1978780e-001	  2.1943648e-001	  2.9961536e-001	
  6.6603138e-001	  6.4383173e-001	  7.4242291e-001	  7.3052843e-001	  7.7008377e-001	  8.4697801e-001	  6.9204219e-001	  6.7745267e-001	  7.4197327e-001	  6.3958035e-001	  6.2819245e-001	
 -7.0827516e-001	 -4.5244986e-001	 -1.2185500e+000	 -1.0353920e+000	 -1.0585126e+000	 -2.9120545e-001	 -7.5802404e-001	 -7.5710721e-001	 -9.3997867e-001	 -6.1151474e-001	 -8.7387423e-001	
 -1.6510125e-002	  4.8950248e-002	 -2.5576183e-001	 -2.2206589e-001	 -4.9769769e-001	 -2.4822086e-002	  9.2067697e-003	  1.1821746e-001	 -7.1653888e-002	  7.9388519e-002	  1.8696036e-001	
  5.1845483e-001	  3.8038422e-001	  3.2474277e-001	  3.5728972e-001	  7.3313797e-002	  4.7161964e-001	  4.4652833e-001	  5.0725065e-001	  4.2062473e-001	  4.3417668e-001	  5.0614953e-001	
  4.6311363e-001	  4.3987237e-001	  2.1855290e-001	  3.1272390e-001	  8.6909309e-002	  3.3842795e-001	  3.0842678e-001	  5.5587980e-001	  3.9327592e-001	  5.9289769e-001	  4.6859786e-001	
  8.6894912e-001	  6.6082835e-001	  1.1317858e+000	  1.0870550e+000	  1.1507581e+000	  7.5011133e-001	  7.5342065e-001	  1.0056994e+000	  1.0017870e+000	  6.3024382e-001	  8.0656287e-001	
  6.1991371e-001	  6.8632327e-001	  9.8311994e-001	  9.1993315e-001	  1.1235671e+000	  5.9270298e-001	  6.8436988e-001	  8.8412655e-001	  9.6760097e-001	  7.0493606e-001	  6.9390787e-001	
 -1.5937344e+000	 -1.3957619e+000	 -1.6100366e+000	 -1.7094500e+000	 -1.4330689e+000	 -1.3567389e+000	 -1.5329272e+000	 -1.5716455e+000	 -1.7399314e+000	 -1.4798121e+000	 -1.6061317e+000	
  5.3690190e-001	  3.6338760e-001	  5.5728442e-002	  1.4003136e-001	 -1.4421439e-001	  3.1421128e-001	  2.3937601e-001	  4.5862150e-001	  4.0011312e-001	  3.0346525e-001	  2.6206370e-001	
  1.9369421e-003	 -1.6350743e-001	 -5.6725211e-001	 -4.7831933e-001	 -7.9679895e-001	  2.3611253e-002	 -2.3630709e-001	 -6.4141847e-002	 -3.7932802e-001	 -6.9995969e-002	  1.2124494e-001	
 -2.7476907e-001	 -1.1251758e-001	 -7.3007657e-001	 -5.8973387e-001	 -8.1379334e-001	 -9.7472094e-002	 -4.1277017e-001	 -1.6140014e-001	 -4.4770005e-001	 -9.8005560e-002	 -2.0733214e-001	
 -3.0243967e-001	 -1.4651081e-001	 -8.0794914e-001	 -7.7913859e-001	 -9.4974846e-001	 -4.2439713e-001	 -4.8949326e-001	 -2.9513030e-001	 -6.4597894e-001	 -1.9137087e-001	 -3.5753881e-001	
 -3.3011027e-001	 -2.3999219e-001	 -9.1413901e-001	 -8.3484586e-001	 -1.0347204e+000	 -2.1855544e-001	 -7.1966250e-001	 -5.5043333e-001	 -6.9383936e-001	 -5.3682249e-001	 -5.1713339e-001	
  7.4904318e-001	  4.9086221e-001	  9.9019927e-001	  9.1993315e-001	  1.0929772e+000	  4.5951130e-001	  7.9945450e-001	  5.9235166e-001	  8.4453132e-001	  6.3024382e-001	  6.9390787e-001	
  5.0000777e-001	  4.4837067e-001	  3.1058412e-001	  3.9628481e-001	  2.6365096e-001	  5.6848631e-001	  3.2377140e-001	  4.0999235e-001	  4.0011312e-001	  4.7152280e-001	  5.6247703e-001	
  5.4612544e-001	  5.6734697e-001	  4.3093264e-001	  3.3500681e-001	  6.9914919e-002	  4.9583631e-001	  5.0023449e-001	  4.2214964e-001	  4.1378753e-001	  4.4351321e-001	  4.5920995e-001	
  4.6311363e-001	  5.7584528e-001	  1.6899763e-001	  3.2386536e-001	  3.9325018e-002	  7.2589466e-001	  3.1609909e-001	  5.6803708e-001	  4.1378753e-001	  3.3147484e-001	  4.8737370e-001	
 -2.9219233e+000	 -3.1549115e+000	 -1.9668345e+000	 -2.2358837e+000	 -1.6302038e+000	 -3.3425058e+000	 -2.7374795e+000	 -2.8031786e+000	 -2.5460377e+000	 -3.0016665e+000	 -3.0518709e+000	
  2.1407822e-001	  3.8038422e-001	 -1.3541332e-001	  2.8616825e-002	 -3.1075941e-001	  3.3842795e-001	  5.5240618e-002	  2.2763304e-001	  1.6081102e-001	  3.5014790e-001	  3.7471870e-001	
 -2.6554554e-001	 -1.2101589e-001	 -6.8052130e-001	 -7.0114841e-001	 -8.5797875e-001	 -2.4822086e-002	 -4.4345941e-001	 -3.8023131e-001	 -3.9300243e-001	 -1.8203433e-001	 -1.4161672e-001	
 -2.0549111e+000	 -1.8461722e+000	 -1.6532205e+000	 -1.8598596e+000	 -1.4466644e+000	 -1.8410723e+000	 -1.8091302e+000	 -2.0214651e+000	 -1.8835127e+000	 -1.8999559e+000	 -1.9722605e+000	
  6.5680784e-001	  7.3731311e-001	  1.1601031e+000	  1.1706159e+000	  1.5042414e+000	  5.6848631e-001	  9.1453912e-001	  1.1394296e+000	  1.0633218e+000	  9.2901279e-001	  7.8778703e-001	
  2.5097235e-001	  3.0389946e-001	  7.6966415e-002	  2.0688009e-001	 -1.5780990e-001	  3.5053629e-001	  2.7773755e-001	  3.7352049e-001	  3.7276431e-001	  3.8749402e-001	  3.6533078e-001	
  8.0438438e-001	  6.8632327e-001	  1.1317858e+000	  9.4221606e-001	  1.2595222e+000	  6.0481132e-001	  9.6057297e-001	  5.8019437e-001	  8.4453132e-001	  6.3024382e-001	  8.8166620e-001	
  1.2184288e-001	  1.7642485e-001	 -3.9734832e-001	 -2.9448534e-001	 -5.3168647e-001	  2.0523627e-001	 -7.5188619e-002	  9.3902886e-002	 -1.3318871e-001	  7.9388519e-002	  2.6206370e-001	
  7.0292551e-001	  6.5233004e-001	  8.2029548e-001	  7.9180643e-001	  7.2249948e-001	  6.2902799e-001	  6.8436988e-001	  8.9628384e-001	  7.3513607e-001	  6.9559953e-001	  6.1880453e-001	
  5.2767837e-001	  7.1181819e-001	  8.8400940e-001	  9.3664533e-001	  8.6525235e-001	  3.1421128e-001	  6.9971450e-001	  6.7745267e-001	  8.3769411e-001	  5.6488810e-001	  6.9390787e-001	
  5.5534897e-001	  4.9936052e-001	  7.7074021e-001	  7.5281134e-001	  7.0890397e-001	  5.2005297e-001	  8.0712681e-001	  6.8960995e-001	  5.9155481e-001	  6.1157076e-001	  4.4982203e-001	
 -1.4563960e-001	 -2.7534514e-002	 -6.5928333e-001	 -5.1174370e-001	 -7.8660232e-001	 -2.4822086e-002	 -2.9768555e-001	 -2.5865844e-001	 -3.5197921e-001	 -8.8669030e-002	 -2.5427172e-001	
  3.7087829e-001	  2.9540115e-001	  1.4775966e-001	  2.4030445e-001	 -7.9635710e-002	  4.2318630e-001	  1.7032524e-001	  1.4253203e-001	  2.2234584e-001	  1.8209035e-001	  3.2777911e-001	
 -6.6215749e-001	 -6.6490753e-001	 -9.4953563e-001	 -8.4598732e-001	 -1.0857036e+000	 -3.5174712e-001	 -7.9638558e-001	 -7.3279264e-001	 -8.7160664e-001	 -7.6089922e-001	 -7.0489173e-001	
 -1.0034282e+000	 -8.6886690e-001	 -1.2397879e+000	 -1.3139284e+000	 -1.2488497e+000	 -3.8807213e-001	 -9.7284866e-001	 -1.1461404e+000	 -1.2271412e+000	 -1.0783413e+000	 -1.0428567e+000	
  6.1991371e-001	  7.3731311e-001	  1.0255959e+000	  9.3107460e-001	  1.0283985e+000	  6.0481132e-001	  6.8436988e-001	  7.7471096e-001	  7.6932208e-001	  6.3958035e-001	  6.6574412e-001	
 -1.7136403e+000	 -1.4382535e+000	 -1.6206556e+000	 -1.6147476e+000	 -1.4102964e+000	 -1.4172806e+000	 -1.6326672e+000	 -1.7661620e+000	 -1.6100246e+000	 -1.5451678e+000	 -1.8314417e+000	
 -2.3787494e-001	 -7.0026049e-002	 -6.0264873e-001	 -4.6717788e-001	 -6.7104047e-001	 -2.4822086e-002	 -2.4397940e-001	 -2.4650115e-001	 -3.3146760e-001	 -9.8005560e-002	 -6.6513390e-002	
  6.6603138e-001	  6.6932665e-001	  1.0751512e+000	  9.4221606e-001	  1.4056739e+000	  8.3486968e-001	  9.3755605e-001	  9.4491298e-001	  8.9922894e-001	  9.1967626e-001	  6.8451995e-001	
  5.8301957e-001	  4.0587914e-001	  6.9994697e-001	  6.8039189e-001	  5.6954997e-001	  4.2318630e-001	  7.1505911e-001	  8.2334011e-001	  6.4625243e-001	  6.2090729e-001	  6.5635620e-001	
  9.7040799e-001	  7.1181819e-001	  1.3016895e+000	  1.1093379e+000	  1.3886796e+000	  7.0167799e-001	  8.7617758e-001	  9.9354213e-001	  9.8127538e-001	  8.6365708e-001	  8.1595078e-001	
  8.2283145e-001	  7.4581142e-001	  1.2946102e+000	  1.2764597e+000	  1.6232021e+000	  6.0481132e-001	  1.0142791e+000	  8.1118283e-001	  1.0975078e+000	  7.7029177e-001	  8.3472662e-001	
  5.2767837e-001	  5.6734697e-001	  6.5039169e-001	  7.4724061e-001	  5.7294885e-001	  5.5637798e-001	  6.5368065e-001	  3.9783506e-001	  6.4625243e-001	  5.0886892e-001	  6.4696828e-001	
 -1.2719253e-001	 -5.3029435e-002	 -6.7344197e-001	 -6.4544114e-001	 -7.9000120e-001	  1.9312794e-001	 -2.1329016e-001	 -2.2218658e-001	 -4.3402565e-001	 -1.8203433e-001	 -2.6365964e-001	
  5.4612544e-001	  4.3987237e-001	  2.6102885e-001	  3.7400190e-001	  1.3109472e-001	  2.8999462e-001	  4.7721756e-001	  4.4646421e-001	  3.8643872e-001	  6.9559953e-001	  4.3104620e-001	
 -7.6361636e-001	 -4.7794478e-001	 -1.0840428e+000	 -1.0688164e+000	 -1.1094957e+000	 -5.3337214e-001	 -8.0405789e-001	 -8.6652280e-001	 -9.6049028e-001	 -5.9284168e-001	 -9.3958965e-001	
  9.2429032e-001	  6.8632327e-001	  1.0963891e+000	  1.0202062e+000	  1.2017413e+000	  6.8956966e-001	  6.9971450e-001	  5.6803708e-001	  8.3769411e-001	  5.9289769e-001	  4.7798578e-001	
 -7.9128696e-001	 -8.1787706e-001	 -1.1477567e+000	 -1.1245237e+000	 -1.1944677e+000	 -5.2126381e-001	 -7.6569635e-001	 -9.2730923e-001	 -1.0015135e+000	 -7.7957228e-001	 -7.7999506e-001	
  6.6603138e-001	  5.2485544e-001	  1.2662929e+000	  1.0202062e+000	  1.4498594e+000	  5.2005297e-001	  8.1479912e-001	  8.3549740e-001	  1.0154614e+000	  6.3024382e-001	  9.0044203e-001	
  6.1991371e-001	  4.9086221e-001	  6.0791575e-001	  6.1911389e-001	  4.5058925e-001	  2.6577795e-001	  5.3092372e-001	  4.4646421e-001	  6.3941523e-001	  5.8356116e-001	  4.6859786e-001	
  3.1553709e-001	  2.2741469e-001	 -5.7540749e-002	  1.0660700e-001	 -1.6460766e-001	  2.8999462e-001	  1.7799755e-001	  3.2489134e-001	  9.2438985e-002	  2.1009995e-001	  1.9634828e-001	
 -5.7914569e-001	 -6.6490753e-001	 -1.0911221e+000	 -1.0186799e+000	 -1.1026980e+000	 -4.1228880e-001	 -7.5035173e-001	 -8.7868008e-001	 -8.7160664e-001	 -7.0488004e-001	 -4.6080589e-001	
 -3.2724176e+000	 -3.5203387e+000	 -2.0468309e+000	 -2.3083032e+000	 -1.6696308e+000	 -3.6694308e+000	 -3.1057503e+000	 -3.0827962e+000	 -2.6499631e+000	 -3.2724259e+000	 -3.2771809e+000	
  5.6457250e-001	  5.7584528e-001	  1.0963891e+000	  1.0424891e+000	  1.5178369e+000	  6.1691965e-001	  1.0372961e+000	  8.7196926e-001	  7.9667090e-001	  7.8896483e-001	  7.5962328e-001	
  6.8447844e-001	  5.9284189e-001	  7.7781953e-001	  9.9792333e-001	  1.1201682e+000	  6.7746133e-001	  8.1479912e-001	  6.6529538e-001	  6.9411285e-001	  8.4498402e-001	  5.1553745e-001	
  5.9224310e-001	  3.9738083e-001	  6.6455034e-001	  7.2495770e-001	  5.8654436e-001	  3.1421128e-001	  6.3066372e-001	  4.8293607e-001	  6.0522921e-001	  4.7152280e-001	  6.2819245e-001	
  6.9370198e-001	  7.5430972e-001	  9.0524737e-001	  8.9207951e-001	  9.4002767e-001	  6.2902799e-001	  8.6083297e-001	  6.4098081e-001	  8.7188013e-001	  7.5161871e-001	  5.7186495e-001	
 -1.6121815e+000	 -1.6507111e+000	 -1.5944621e+000	 -1.6147476e+000	 -1.3994200e+000	 -1.2961972e+000	 -1.4101702e+000	 -1.6081173e+000	 -1.7262570e+000	 -1.5918504e+000	 -1.6342955e+000	
 -4.2234561e-001	 -2.8248372e-001	 -9.6369428e-001	 -7.6242641e-001	 -9.5994509e-001	 -3.6385546e-001	 -7.3500711e-001	 -5.7474791e-001	 -5.9128132e-001	 -4.5279372e-001	 -3.6692673e-001	
  5.8301957e-001	  4.3987237e-001	  4.2385331e-001	  5.4112371e-001	  2.6025208e-001	  4.7161964e-001	  4.2351141e-001	  4.7077879e-001	  5.5053159e-001	  4.0616708e-001	  3.6533078e-001	
  8.7817265e-001	  8.2229618e-001	  1.0255959e+000	  9.7006969e-001	  1.0012075e+000	  7.8643634e-001	  7.8410989e-001	  1.0908004e+000	  9.8811258e-001	  8.5432055e-001	  8.5350245e-001	
  4.8156070e-001	  5.5884866e-001	  9.1125064e-002	  3.0158245e-001	 -1.4615175e-003	  5.0794464e-001	  3.5446063e-001	  6.0450894e-001	  3.8643872e-001	  2.9412872e-001	  3.5594286e-001	
  5.1845483e-001	  4.0587914e-001	  1.6191831e-001	  2.7372881e-001	 -1.1362449e-001	  7.7432800e-001	  3.9282217e-001	  4.8293607e-001	  4.6164795e-001	  5.5555157e-001	  4.1227036e-001	
  7.7671378e-001	  7.9680126e-001	  1.2450549e+000	  1.1928988e+000	  1.5790167e+000	  6.2902799e-001	  1.0526407e+000	  9.5707027e-001	  1.0564846e+000	  8.0763790e-001	  8.4411453e-001	
  6.9370198e-001	  6.0134020e-001	  6.4331237e-001	  7.0267479e-001	  6.4092641e-001	  5.6848631e-001	  5.1557910e-001	  4.5862150e-001	  5.9839201e-001	  4.8085933e-001	  4.4043411e-001	
  6.1069017e-001	  7.1181819e-001	  5.4420183e-001	  6.0240171e-001	  4.4719037e-001	  4.7161964e-001	  6.1531911e-001	  6.5313809e-001	  7.0778726e-001	  7.8896483e-001	  4.7798578e-001	
  5.5534897e-001	  4.8236390e-001	  3.6013939e-001	  4.5199208e-001	  1.9227452e-001	  4.9583631e-001	  5.0023449e-001	  6.0450894e-001	  3.8643872e-001	  6.1157076e-001	  4.3104620e-001	
  4.5389010e-001	  2.6140792e-001	  1.2652169e-001	  1.8459718e-001	 -1.7480429e-001	  3.5053629e-001	  2.9308217e-001	  4.3430693e-001	  2.0867144e-001	  3.5014790e-001	  3.7471870e-001	
  1.0339581e-001	  9.9940090e-002	 -4.2566562e-001	 -1.4407571e-001	 -5.4188311e-001	  1.4469460e-001	 -1.0587785e-001	  2.0959163e-002	 -1.2635151e-001	  2.0076341e-001	  8.3693278e-002	
 -1.3446990e+000	 -1.0898229e+000	 -1.3318191e+000	 -1.3640649e+000	 -1.2930351e+000	 -9.0873052e-001	 -1.2413794e+000	 -1.2433987e+000	 -1.3570481e+000	 -1.0876778e+000	 -1.1085721e+000	
  2.7864296e-001	  2.6140792e-001	 -4.3382100e-002	  2.8616825e-002	 -2.7677063e-001	  3.0210295e-001	  2.3937601e-001	  1.6684661e-001	  8.5601782e-002	  2.1943648e-001	  2.4328786e-001	
 -4.8691035e-001	 -1.2951420e-001	 -8.6458373e-001	 -7.9585077e-001	 -9.0896192e-001	 -1.3379710e-001	 -5.2785480e-001	 -5.2611876e-001	 -7.2802538e-001	 -5.1814943e-001	 -4.8896964e-001	
 -2.2865140e-001	 -1.2101589e-001	 -6.3096603e-001	 -5.5073878e-001	 -7.9340007e-001	 -2.4277211e-001	 -5.0483787e-001	 -5.2611876e-001	 -4.4086285e-001	 -2.6606311e-001	 -3.8349640e-002	
 -3.7622794e-001	 -3.1647695e-001	 -8.7166306e-001	 -7.6799714e-001	 -8.2059110e-001	 -4.8493880e-001	 -6.0457788e-001	 -5.1396147e-001	 -6.5965335e-001	 -3.0340923e-001	 -4.0447839e-001	
 -1.2247931e+000	 -8.2637537e-001	 -1.3955331e+000	 -1.4142015e+000	 -1.2998329e+000	 -8.6029718e-001	 -9.5750405e-001	 -1.2798706e+000	 -1.2818388e+000	 -9.7563942e-001	 -1.0710205e+000	
 -1.6675227e+000	 -1.5062399e+000	 -1.6581760e+000	 -1.6871671e+000	 -1.4497234e+000	 -1.6110139e+000	 -1.6173225e+000	 -1.6324319e+000	 -1.7536058e+000	 -1.5545043e+000	 -1.4465372e+000	
  8.2283145e-001	  8.3929279e-001	  1.3370862e+000	  1.1204793e+000	  1.5722190e+000	  8.2276134e-001	  1.0296237e+000	  1.0056994e+000	  9.9494978e-001	  9.1967626e-001	  1.0130970e+000	
 -1.1602283e+000	 -1.0048398e+000	 -1.3388985e+000	 -1.2972162e+000	 -1.2352542e+000	 -7.5132217e-001	 -1.0572441e+000	 -1.1826123e+000	 -1.3091876e+000	 -1.2090527e+000	 -9.9591715e-001	
  7.0292551e-001	  6.8632327e-001	  1.2379756e+000	  1.1316208e+000	  1.5450279e+000	  6.2902799e-001	  9.7591759e-001	  7.7471096e-001	  1.0359730e+000	  7.6095524e-001	  9.2860578e-001	
  4.7233717e-001	  5.3335374e-001	  6.1499507e-001	  5.2998226e-001	  5.0157242e-001	  5.4426964e-001	  6.6902526e-001	  4.7077879e-001	  6.4625243e-001	  5.4621504e-001	  2.5267578e-001	
  7.8593731e-001	  8.1379787e-001	  1.1530237e+000	  1.1483330e+000	  1.4770504e+000	  6.4113632e-001	  1.0142791e+000	  7.7471096e-001	  9.8811258e-001	  6.5825341e-001	  8.3472662e-001	
 -4.6846328e-001	 -2.9948034e-001	 -1.0698841e+000	 -1.1468066e+000	 -1.1162935e+000	 -1.2168876e-001	 -6.8897327e-001	 -7.4494993e-001	 -9.1262986e-001	 -7.4222616e-001	 -4.8896964e-001	
