  5.4061117e-001	  5.1555209e-001	  3.0034833e-001	  4.6820193e-001	  2.5550709e-001	  4.3377589e-001	  3.6709624e-001	  4.8040042e-001	  4.4496347e-001	  3.0894921e-001	  5.1667179e-001	
  9.4426377e-001	  6.8818628e-001	  1.5236313e+000	  1.2321135e+000	  1.7139089e+000	  6.3303818e-001	  1.0029766e+000	  9.3264454e-001	  1.1112073e+000	  9.8784112e-001	  8.4890481e-001	
 -1.9814925e-001	 -1.4178579e-001	 -7.5465233e-001	 -6.9274269e-001	 -8.4646917e-001	 -1.1872409e-001	 -4.8697839e-001	 -4.3436608e-001	 -5.7819678e-001	 -3.6994269e-001	 -2.9459488e-001	
 -1.8660723e+000	 -1.6490151e+000	 -1.4361957e+000	 -1.5712410e+000	 -1.1996248e+000	 -1.5950765e+000	 -1.5592473e+000	 -1.7088722e+000	 -1.6667917e+000	 -1.7811225e+000	 -1.6389797e+000	
 -9.4452576e-001	 -6.9288724e-001	 -1.1106341e+000	 -1.1450588e+000	 -1.1038150e+000	 -6.3499457e-001	 -9.6700574e-001	 -1.0510626e+000	 -1.0421880e+000	 -8.1236663e-001	 -8.4316568e-001	
  7.3101334e-001	  6.9482606e-001	  5.3335461e-001	  6.0892249e-001	  4.3208489e-001	  7.1455457e-001	  5.9775873e-001	  7.1680076e-001	  6.3531886e-001	  6.2932517e-001	  6.0938798e-001	
 -1.0663832e+000	 -8.1240322e-001	 -1.2122508e+000	 -1.2556249e+000	 -1.1567883e+000	 -7.1651096e-001	 -9.9194222e-001	 -1.2257933e+000	 -1.1909032e+000	 -1.2242786e+000	 -1.1908514e+000	
 -1.9117688e+000	 -1.8083697e+000	 -1.5196896e+000	 -1.6069238e+000	 -1.2709099e+000	 -1.7218798e+000	 -1.5841838e+000	 -1.8116550e+000	 -1.7262777e+000	 -1.8497745e+000	 -1.7703276e+000	
  8.7571899e-001	  8.8073980e-001	  1.2453182e+000	  1.1517018e+000	  1.4163426e+000	  7.1455457e-001	  9.4063540e-001	  9.9431419e-001	  1.1231046e+000	  1.0183531e+000	  7.4846227e-001	
  6.6246856e-001	  8.2762159e-001	  1.2906250e+000	  1.2823709e+000	  1.4784718e+000	  4.9717753e-001	  8.1595298e-001	  8.1958351e-001	  9.8033801e-001	  9.3444512e-001	  9.2616830e-001	
  3.5020900e-001	  3.5619745e-001	 -1.3977464e-001	  5.8343750e-003	 -3.4616541e-001	  3.1602999e-001	  1.6760435e-001	  3.0566974e-001	  9.3995709e-002	  4.0811320e-001	  1.9989147e-001	
  1.5219074e-001	  1.7692349e-001	 -2.6275018e-001	 -1.6504059e-001	 -4.4753414e-001	  1.5299721e-001	  1.4266787e-001	  1.2066079e-001	 -8.4462473e-002	  8.0109245e-002	  1.9989147e-001	
 -1.6071253e+000	 -1.4697411e+000	 -1.4407264e+000	 -1.5486252e+000	 -1.2532521e+000	 -1.3142978e+000	 -1.4220966e+000	 -1.6060895e+000	 -1.6311000e+000	 -1.5599105e+000	 -1.7626012e+000	
  7.8432595e-001	  6.0850896e-001	  9.5406040e-001	  9.3056949e-001	  9.7816809e-001	  5.4246441e-001	  9.2193304e-001	  8.1958351e-001	  8.1377704e-001	  6.9034916e-001	  7.7936767e-001	
  5.4822726e-001	  5.2883164e-001	  1.8384519e-001	  3.4758431e-001	  1.0260151e-002	  5.4246441e-001	  5.3541751e-001	  5.9346145e-001	  3.9142601e-001	  5.1490518e-001	  3.3123941e-001	
  8.3002247e-001	  7.4794427e-001	  1.3553490e+000	  1.0813415e+000	  1.4686620e+000	  7.7795621e-001	  9.5933777e-001	  8.8125316e-001	  1.0576699e+000	  8.5053714e-001	  9.4162100e-001	
 -9.9140125e-002	  5.0767731e-002	 -5.0870125e-001	 -3.6606996e-001	 -5.9468231e-001	  1.9828409e-001	 -1.2539935e-001	 -2.5963540e-001	 -3.2835532e-001	 -1.1821873e-001	 -9.3709800e-002	
  7.0054899e-001	  6.6826695e-001	  1.2000115e+000	  1.1969334e+000	  1.3411336e+000	  5.9680867e-001	  7.3490940e-001	  7.6819214e-001	  1.0219783e+000	  8.2002514e-001	  7.6391497e-001	
  6.9293290e-001	  5.7531008e-001	  6.8869213e-001	  7.4964305e-001	  6.7406188e-001	  5.1529228e-001	  5.9775873e-001	  5.6262663e-001	  7.0075353e-001	  7.0560516e-001	  6.5574608e-001	
  7.3101334e-001	  5.8858963e-001	  1.1417599e+000	  1.0461614e+000	  1.3018940e+000	  5.8775129e-001	  8.2218710e-001	  7.8874869e-001	  8.7326310e-001	  6.7509316e-001	  6.7119878e-001	
  7.6147769e-001	  7.0146583e-001	  1.2000115e+000	  1.1014445e+000	  1.2037953e+000	  6.2398080e-001	  8.1595298e-001	  8.0930524e-001	  9.9223522e-001	  8.0476914e-001	  8.4890481e-001	
  3.3497682e-001	  3.8275656e-001	 -4.9161089e-002	  1.3650347e-001	 -2.2844687e-001	  2.3451360e-001	  1.6137023e-001	  2.2344354e-001	  2.4271086e-001	  4.0048520e-001	  4.3940830e-001	
 -2.7000338e+000	 -3.0035295e+000	 -1.6290731e+000	 -1.8888675e+000	 -1.3644307e+000	 -3.3250355e+000	 -2.8185398e+000	 -2.5229116e+000	 -2.2283401e+000	 -2.8307351e+000	 -2.6766284e+000	
  7.3101334e-001	  6.4834762e-001	  9.7347759e-001	  8.7528641e-001	  9.5854833e-001	  5.4246441e-001	  8.4088946e-001	  6.4485283e-001	  8.2567425e-001	  6.8272116e-001	  6.7119878e-001	
  6.2438812e-001	  5.3547142e-001	  3.0682073e-001	  3.7271298e-001	 -4.8599115e-002	  6.4209555e-001	  5.0424691e-001	  5.9346145e-001	  4.9255231e-001	  6.0644117e-001	  5.7075624e-001	
 -7.0842707e-001	 -5.4681216e-001	 -1.1177538e+000	 -1.1651617e+000	 -1.0295869e+000	 -5.2630605e-001	 -7.3010913e-001	 -8.6605365e-001	 -1.0183936e+000	 -7.9711063e-001	 -6.8091234e-001	
 -1.9270010e+000	 -2.0341221e+000	 -1.5371651e+000	 -1.7114590e+000	 -1.2964156e+000	 -1.9030273e+000	 -1.8148462e+000	 -1.9432169e+000	 -1.8559574e+000	 -1.9718225e+000	 -2.0175708e+000	
  3.1974465e-001	  2.8979969e-001	 -1.3330225e-001	  1.5158067e-001	 -1.6631765e-001	  3.3414474e-001	  3.1722327e-001	  3.2622629e-001	  1.2968735e-001	  3.5471721e-001	  2.4624957e-001	
  5.6345943e-001	  4.2923499e-001	  4.1685147e-001	  5.6369088e-001	  2.7839681e-001	  5.0623490e-001	  5.4165164e-001	  5.2151353e-001	  5.7583280e-001	  5.6067318e-001	  6.2484068e-001	
 -3.8855143e-001	 -2.8122110e-001	 -9.2293464e-001	 -9.1387500e-001	 -9.3802803e-001	 -7.3437211e-002	 -4.0593481e-001	 -5.1659229e-001	 -7.0906611e-001	 -4.7673468e-001	 -4.8002726e-001	
  8.7571899e-001	  7.9442270e-001	  1.4136006e+000	  1.2924224e+000	  1.6615896e+000	  7.1455457e-001	  1.0590837e+000	  8.7097489e-001	  1.1171560e+000	  7.8188515e-001	  8.3345211e-001	
  8.9856725e-001	  6.6826695e-001	  9.2169841e-001	  9.1046655e-001	  9.5527837e-001	  7.3266932e-001	  8.0348473e-001	  8.4014006e-001	  9.7438941e-001	  8.6579313e-001	  9.1071561e-001	
  6.0153986e-001	  6.6826695e-001	  5.9807858e-001	  6.6923130e-001	  3.3071616e-001	  5.8775129e-001	  5.1671515e-001	  5.2151353e-001	  6.6506189e-001	  7.8188515e-001	  6.9437783e-001	
  4.3398595e-001	  5.1555209e-001	  1.8384519e-001	  3.1240417e-001	  2.3339988e-002	  3.7943163e-001	  3.8579860e-001	  3.6733940e-001	  3.6763159e-001	  4.4625319e-001	  4.1622925e-001	
 -1.6832862e+000	 -1.6025366e+000	 -1.4051282e+000	 -1.5018859e+000	 -1.2463852e+000	 -1.4863880e+000	 -1.4407990e+000	 -1.7705419e+000	 -1.6370487e+000	 -1.6895865e+000	 -1.7316958e+000	
  2.8928030e-001	  3.7611678e-001	  1.1264883e-001	  2.3701815e-001	 -1.1399830e-001	  1.7111196e-001	  9.2794897e-002	  3.4678284e-001	  3.3788856e-001	  3.0132121e-001	  3.6987116e-001	
  8.9095116e-001	  8.2098181e-001	  1.2517906e+000	  1.1366246e+000	  1.3182438e+000	  7.5984145e-001	  9.2193304e-001	  1.1587666e+000	  1.0636185e+000	  9.7258512e-001	  9.5707370e-001	
  3.2736074e-001	  5.0891231e-001	  4.1452465e-002	  1.8173508e-001	 -1.8266744e-001	  5.6963654e-001	  2.6111617e-001	  3.6733940e-001	  3.5573438e-001	  4.3862519e-001	  4.1622925e-001	
  9.6711203e-001	  8.1434203e-001	  1.3941834e+000	  1.2120106e+000	  1.7008291e+000	  7.3266932e-001	  1.0029766e+000	  9.3264454e-001	  1.1825906e+000	  9.4207312e-001	  9.1071561e-001	
 -1.6006882e-001	 -5.5468693e-002	 -5.7989762e-001	 -4.9673906e-001	 -7.1567080e-001	  1.5299721e-001	 -2.1891117e-001	 -1.4657437e-001	 -3.4025253e-001	  9.5365243e-002	 -5.5078053e-002	
  5.1776291e-001	  4.8235321e-001	  3.7801709e-001	  4.7322767e-001	  1.9664783e-001	  4.8812015e-001	  5.2918339e-001	  5.7290490e-001	  5.8773001e-001	  6.5220916e-001	  6.0166163e-001	
  9.3664768e-001	  6.4170784e-001	  9.8642238e-001	  9.8585256e-001	  1.0075977e+000	  6.8738244e-001	  8.9699656e-001	  1.0148707e+000	  9.1490334e-001	  6.9797716e-001	  7.9482037e-001	
 -7.5412359e-001	 -5.0033372e-001	 -1.0135482e+000	 -9.3397794e-001	 -9.3802803e-001	 -4.2667491e-001	 -6.0542670e-001	 -6.8104469e-001	 -8.4588405e-001	 -5.6827066e-001	 -5.7274345e-001	
  6.9293290e-001	  6.0850896e-001	  6.3691296e-001	  6.6420557e-001	  4.6478449e-001	  5.0623490e-001	  6.8503643e-001	  4.5984387e-001	  7.3049656e-001	  4.4625319e-001	  5.3212449e-001	
  1.5219074e-001	  2.3004170e-001	 -2.5627778e-001	 -1.4996339e-001	 -4.0175471e-001	  2.5262835e-001	  6.1624290e-002	  1.2066079e-001	  1.0715224e-002	  1.8690123e-001	  9.1722583e-002	
  3.0451248e-001	  3.9603611e-001	 -7.5050676e-002	  1.5660640e-001	 -1.4996785e-001	  3.1602999e-001	  2.6111617e-001	  2.7483492e-001	  2.1891644e-001	  2.9369321e-001	  4.0077655e-001	
  1.0432729e+000	  8.9401935e-001	  1.3294594e+000	  1.3376540e+000	  1.7106390e+000	  7.3266932e-001	  1.0029766e+000	  1.1690449e+000	  1.1885392e+000	  9.4970112e-001	  1.0111581e+000	
  6.8531682e-001	  5.4211120e-001	  4.1685147e-001	  5.8881955e-001	  1.9337787e-001	  6.5115293e-001	  5.0424691e-001	  6.5513111e-001	  5.4014116e-001	  6.2169717e-001	  5.6302989e-001	
 -5.6372142e-001	 -4.2065640e-001	 -9.8118621e-001	 -8.8372060e-001	 -9.1186835e-001	 -2.8175688e-001	 -5.6178785e-001	 -7.0160125e-001	 -8.9347290e-001	 -6.6743465e-001	 -4.8775361e-001	
  8.1479029e-001	  8.4754092e-001	  1.4524349e+000	  1.1768305e+000	  1.6027303e+000	  3.9754638e-001	  9.4686953e-001	  8.8125316e-001	  1.0814643e+000	  8.8104913e-001	  9.1071561e-001	
 -3.1387204e+000	 -3.6847706e+000	 -1.7491361e+000	 -1.9898345e+000	 -1.4146246e+000	 -4.3005150e+000	 -3.6320926e+000	 -2.8497608e+000	 -2.3759845e+000	 -3.1671299e+000	 -3.2340072e+000	
 -5.7133751e-001	 -3.3433931e-001	 -9.1646225e-001	 -8.7869486e-001	 -9.1513831e-001	 -2.8175688e-001	 -5.8672433e-001	 -6.6048814e-001	 -7.7450078e-001	 -6.9031865e-001	 -6.1910155e-001	
  4.7206639e-001	  5.0227254e-001	  4.1037908e-001	  5.2348501e-001	  2.1626758e-001	  5.3340703e-001	  4.3567157e-001	  4.2900905e-001	  4.6875789e-001	  5.8355717e-001	  5.0894544e-001	
 -1.1425440e+000	 -1.0115965e+000	 -1.2646772e+000	 -1.3862940e+000	 -1.1263777e+000	 -8.2519948e-001	 -9.7947398e-001	 -1.1949585e+000	 -1.3574642e+000	 -1.2242786e+000	 -1.2294831e+000	
 -1.4852679e+000	 -1.4763809e+000	 -1.3883000e+000	 -1.4968602e+000	 -1.2486742e+000	 -1.2327814e+000	 -1.2911801e+000	 -1.5135850e+000	 -1.5894598e+000	 -1.5370265e+000	 -1.4999054e+000	
  7.8432595e-001	  6.8818628e-001	  1.4136006e+000	  1.2069849e+000	  1.4490422e+000	  7.5078408e-001	  9.0323068e-001	  1.0662621e+000	  1.0874129e+000	  9.0393313e-001	  8.7981021e-001	
  7.0816508e-001	  7.7450338e-001	  9.0228122e-001	  8.2000333e-001	  8.5717959e-001	  7.9607096e-001	  8.4712358e-001	  8.9153144e-001	  8.3162286e-001	  7.7425715e-001	  8.6435751e-001	
  7.6147769e-001	  8.2762159e-001	  1.2712078e+000	  1.1114959e+000	  1.4228825e+000	  7.4172670e-001	  9.8427425e-001	  9.0180972e-001	  1.0338755e+000	  8.2002514e-001	  8.3345211e-001	
 -1.0675621e-001	 -8.2027799e-002	 -7.0934555e-001	 -6.5756255e-001	 -7.8433994e-001	  1.8016934e-001	 -2.1267705e-001	 -2.0824403e-001	 -4.7112187e-001	 -2.4026671e-001	 -1.8642599e-001	
  5.1014682e-001	  4.3587477e-001	  3.2623792e-001	  3.5763578e-001	 -1.9169482e-002	  2.6168573e-001	  3.1098915e-001	  5.3179180e-001	  4.9850092e-001	  3.8522920e-001	  4.8576640e-001	
  8.3002247e-001	  8.3426136e-001	  1.4330178e+000	  1.2522165e+000	  1.8283575e+000	  6.3303818e-001	  9.0946480e-001	  8.6069661e-001	  1.0874129e+000	  9.4970112e-001	  8.5663116e-001	
  1.0649422e-001	  1.5700416e-001	 -4.3750489e-001	 -2.9570968e-001	 -6.2411194e-001	  3.0697261e-001	  1.1751319e-002	  1.8233044e-001	 -5.4719443e-002	  1.7164523e-001	  2.0761782e-001	
  6.3200421e-001	  5.8858963e-001	  4.1685147e-001	  4.4809899e-001	  1.5086840e-001	  5.4246441e-001	  6.2892934e-001	  6.9624421e-001	  5.9962722e-001	  6.5220916e-001	  6.1711433e-001	
  8.9095116e-001	  6.8154650e-001	  1.0446740e+000	  1.0109812e+000	  1.0337574e+000	  6.8738244e-001	  8.5959183e-001	  8.7097489e-001	  8.9705753e-001	  8.4290914e-001	  8.5663116e-001	
  6.5485247e-001	  6.6826695e-001	  5.2688222e-001	  6.6923130e-001	  4.8113428e-001	  6.6926769e-001	  6.6633406e-001	  7.6819214e-001	  6.0557583e-001	  6.7509316e-001	  7.2528322e-001	
  7.4624551e-001	  6.1514874e-001	  6.1749577e-001	  5.9887102e-001	  4.2554497e-001	  8.0512834e-001	  9.1569892e-001	  8.7097489e-001	  8.0187983e-001	  7.4374515e-001	  7.6391497e-001	
 -2.5907795e-001	 -1.6834489e-001	 -6.7051117e-001	 -5.4699640e-001	 -7.1894076e-001	  8.0791801e-003	 -3.4359360e-001	 -3.1102678e-001	 -4.7112187e-001	 -1.7924272e-001	 -2.5596313e-001	
  9.8234420e-001	  8.2098181e-001	  1.4071282e+000	  1.3426797e+000	  1.7989279e+000	  6.5115293e-001	  1.1151908e+000	  9.7375764e-001	  1.0279269e+000	  9.3444512e-001	  8.4117846e-001	
  8.2240638e-001	  7.5458405e-001	  1.1482323e+000	  1.0913930e+000	  1.0828068e+000	  6.2398080e-001	  8.7829419e-001	  7.7847041e-001	  1.0219783e+000	  8.3528114e-001	  8.2572576e-001	
  9.8878132e-002	  2.4996103e-001	  1.5562878e-002	  9.6297592e-002	 -2.0555716e-001	  3.4320212e-001	  1.5513611e-001	  2.0288699e-001	  2.6650528e-001	  4.3862519e-001	  2.1534417e-001	
 -1.3481784e+000	 -1.3037467e+000	 -1.4116006e+000	 -1.4667058e+000	 -1.2316704e+000	 -1.0516339e+000	 -1.1976682e+000	 -1.4416371e+000	 -1.5240251e+000	 -1.4454905e+000	 -1.6003479e+000	
  1.7503900e-001	  2.8979969e-001	 -2.8863977e-001	 -1.9016926e-001	 -5.1293333e-001	  1.4393983e-001	  5.5171974e-003	  3.8434583e-002	  8.2098497e-002	  1.7164523e-001	  2.2307052e-001	
  7.1578117e-001	  6.0186919e-001	  8.8286403e-001	  9.0041508e-001	  8.5717959e-001	  5.0623490e-001	  7.2867528e-001	  7.0652248e-001	  8.3757147e-001	  6.1406917e-001	  7.0983052e-001	
  5.5584334e-001	  6.0186919e-001	  1.0446740e+000	  1.0310842e+000	  1.1253163e+000	  5.9680867e-001	  8.5335771e-001	  6.4485283e-001	  8.4352007e-001	  6.9797716e-001	  7.4073592e-001	
 -7.3127533e-001	 -6.5304858e-001	 -1.1041617e+000	 -1.1802389e+000	 -1.1191838e+000	 -5.2630605e-001	 -8.4232331e-001	 -8.6605365e-001	 -1.0719311e+000	 -6.9031865e-001	 -7.7362854e-001	
  7.3101334e-001	  7.1474539e-001	  6.7574734e-001	  7.3959158e-001	  6.1847257e-001	  5.9680867e-001	  7.2867528e-001	  6.2429628e-001	  7.9593122e-001	  6.5983716e-001	  6.0166163e-001	
  6.7770073e-001	  6.6162717e-001	  6.1749577e-001	  6.8933424e-001	  3.9284538e-001	  4.1566114e-001	  5.9775873e-001	  6.5513111e-001	  5.9367862e-001	  5.2253318e-001	  7.0983052e-001	
 -4.4186403e-001	 -4.0073707e-001	 -9.8765861e-001	 -8.9879780e-001	 -9.8380746e-001	 -1.2778147e-001	 -4.7451015e-001	 -5.6798366e-001	 -8.6967847e-001	 -5.8352666e-001	 -6.0364885e-001	
 -3.3523882e-001	 -4.8828917e-002	 -7.2229035e-001	 -6.4248535e-001	 -8.1049962e-001	  1.7111196e-001	 -3.3735948e-001	 -3.5213988e-001	 -4.4137884e-001	 -2.6315071e-001	 -2.3278409e-001	
 -2.8192621e-001	 -3.5549364e-002	 -7.8054192e-001	 -7.0279416e-001	 -8.7916876e-001	 -1.0035573e-002	 -2.3761354e-001	 -3.4186161e-001	 -5.8414538e-001	 -2.0212672e-001	 -3.6413202e-001	
 -2.0640905e+000	 -2.2067563e+000	 -1.4588491e+000	 -1.5621947e+000	 -1.2656779e+000	 -1.9392568e+000	 -1.7836756e+000	 -2.0531945e+000	 -1.8422756e+000	 -1.9870785e+000	 -1.9866654e+000	
  8.6048682e-001	  6.6826695e-001	  1.0317292e+000	  1.0361099e+000	  1.0533771e+000	  6.0586605e-001	  8.6582595e-001	  9.5320109e-001	  1.0219783e+000	  8.4290914e-001	  9.1071561e-001	
 -1.8965366e+000	 -2.0540414e+000	 -1.4452571e+000	 -1.6667300e+000	 -1.3088414e+000	 -1.9211421e+000	 -1.7587392e+000	 -2.0778623e+000	 -1.7560208e+000	 -2.0862425e+000	 -1.9403073e+000	
  9.3664768e-001	  8.6082047e-001	  1.3424042e+000	  1.1466761e+000	  1.3738332e+000	  8.4135784e-001	  1.0154449e+000	  1.1484883e+000	  1.1112073e+000	  9.8021312e-001	  1.0188845e+000	
 -8.5313272e-001	 -6.3976903e-001	 -1.1222845e+000	 -1.0545956e+000	 -1.0590165e+000	 -4.9913392e-001	 -7.1140676e-001	 -7.6327090e-001	 -9.6485617e-001	 -7.9711063e-001	 -6.6545965e-001	
  3.7305726e-001	  3.6947701e-001	 -1.5919183e-001	 -4.4422968e-002	 -3.3308557e-001	  3.9754638e-001	  1.3643375e-001	  1.4121734e-001	  1.4753316e-001	  1.4876124e-001	  1.2262798e-001	
 -6.6273055e-001	 -4.4721551e-001	 -1.0006034e+000	 -9.7920955e-001	 -1.0361268e+000	 -2.5458475e-001	 -6.8023615e-001	 -7.3243607e-001	 -9.1131871e-001	 -5.6827066e-001	 -5.1093266e-001	
 -3.1964503e+000	 -3.6210287e+000	 -1.7578738e+000	 -2.0195365e+000	 -1.4132185e+000	 -4.0722691e+000	 -3.4294837e+000	 -2.7802797e+000	 -2.3800890e+000	 -3.0237235e+000	 -3.1255293e+000	
  2.6643204e-001	  3.9603611e-001	 -1.7860902e-001	 -9.9706045e-002	 -3.9521479e-001	  5.5152179e-001	  1.1149726e-001	  2.5427837e-001	  8.8047103e-002	  2.4792522e-001	  2.2307052e-001	
  1.2172639e-001	  1.0388594e-001	 -5.1517365e-001	 -3.4596703e-001	 -5.7506255e-001	  1.9828409e-001	 -6.9510453e-003	  6.9269409e-002	 -1.1420550e-001	  7.2481246e-002	  1.5353338e-001	
 -5.7133751e-001	 -4.4721551e-001	 -1.0264930e+000	 -9.2392647e-001	 -9.1840827e-001	 -3.8138802e-001	 -6.8647028e-001	 -7.9410572e-001	 -8.6372987e-001	 -6.5217865e-001	 -7.2727044e-001	
 -2.3306536e+000	 -2.3661109e+000	 -1.5539933e+000	 -1.7205054e+000	 -1.3310771e+000	 -2.4102404e+000	 -2.2138300e+000	 -2.1230867e+000	 -1.9541094e+000	 -2.1320104e+000	 -2.2493612e+000	
  9.5187986e-001	  8.6082047e-001	  1.1352875e+000	  1.0160070e+000	  1.2005253e+000	  6.3303818e-001	  8.7829419e-001	  1.0354273e+000	  1.0160296e+000	  8.7342113e-001	  9.0298926e-001	
  3.1974465e-001	  4.0267589e-001	 -1.2682985e-001	 -2.9345765e-002	 -3.7886500e-001	  3.8848900e-001	  1.1773138e-001	  2.1316526e-001	  7.0201285e-002	  2.3266922e-001	  1.7671242e-001	
 -5.6372142e-001	 -4.2729618e-001	 -9.9413101e-001	 -9.6413235e-001	 -1.0197770e+000	 -2.5458475e-001	 -7.1140676e-001	 -7.0160125e-001	 -7.9829520e-001	 -7.0557464e-001	 -5.4956441e-001	
 -7.9220403e-001	 -6.2648948e-001	 -1.1041617e+000	 -1.0495698e+000	 -1.0328568e+000	 -4.3573228e-001	 -6.9893852e-001	 -7.5299262e-001	 -9.6485617e-001	 -6.2166666e-001	 -6.6545965e-001	
  6.4723638e-001	  5.0227254e-001	  9.6053279e-001	  9.5067242e-001	  9.8143804e-001	  5.4246441e-001	  5.7905636e-001	  7.0652248e-001	  8.0187983e-001	  7.6662915e-001	  6.9437783e-001	
  6.7008464e-001	  6.7490673e-001	  4.5568585e-001	  5.0338207e-001	  3.9611534e-001	  5.6963654e-001	  6.6009994e-001	  7.2707903e-001	  6.0557583e-001	  5.6067318e-001	  5.6302989e-001	
 -6.3226620e-001	 -5.6009171e-001	 -9.2293464e-001	 -9.0382353e-001	 -9.2167823e-001	 -3.9950278e-001	 -5.9295846e-001	 -8.0438400e-001	 -7.8639799e-001	 -5.9115466e-001	 -5.8819615e-001	
  6.7008464e-001	  6.0186919e-001	  3.7154470e-001	  5.1343354e-001	  1.1162889e-001	  4.1566114e-001	  5.2294927e-001	  7.3735731e-001	  6.1152444e-001	  6.1406917e-001	  6.6347243e-001	
