  4.9896284e-001	  5.5136667e-001	  2.8674889e-001	  4.1009655e-001	  8.2535745e-002	  5.2374228e-001	  3.7097496e-001	  5.1621778e-001	  4.0894615e-001	  6.1430579e-001	  5.5518865e-001	
  5.8159858e-001	  5.5857210e-001	  3.7159274e-001	  4.6452442e-001	  2.8009780e-001	  6.4180330e-001	  5.5587999e-001	  6.8370132e-001	  5.4392694e-001	  5.9773640e-001	  5.1407379e-001	
  5.4028071e-001	  4.3607980e-001	  2.5139728e-001	  3.5566869e-001	  2.6089445e-002	  6.5164172e-001	  3.5042996e-001	  4.3805879e-001	  4.8607803e-001	  4.1547312e-001	  4.8118191e-001	
  2.8410993e-001	  3.5682007e-001	  1.8076690e-002	  1.5428558e-001	 -1.7852839e-001	  3.4665076e-001	  2.3400827e-001	  1.8125069e-001	  2.6753771e-001	  2.7463332e-001	  2.4271577e-001	
 -3.5218525e-001	 -2.0520343e-001	 -9.1520567e-001	 -8.6895830e-001	 -1.0252229e+000	 -2.1413907e-001	 -4.9876351e-001	 -5.5567690e-001	 -6.7090015e-001	 -5.0412797e-001	 -4.3979077e-001	
  7.8818792e-001	  6.3783182e-001	  9.7257002e-001	  9.5437522e-001	  1.0915134e+000	  5.6309596e-001	  7.8187503e-001	  9.0701271e-001	  9.1030336e-001	  6.9715274e-001	  7.9365479e-001	
 -7.1223741e-002	  3.9781176e-002	 -7.0309605e-001	 -7.3288863e-001	 -8.5941189e-001	  1.7939765e-001	 -1.8374013e-001	 -2.0954424e-001	 -3.9451092e-001	 -8.9893244e-002	 -1.4376384e-001	
 -1.5173491e+000	 -1.3292504e+000	 -1.5840580e+000	 -1.6581624e+000	 -1.3459084e+000	 -1.0799199e+000	 -1.3000186e+000	 -1.4600880e+000	 -1.6350486e+000	 -1.5314301e+000	 -1.4512161e+000	
  5.6507143e-001	  4.8651780e-001	  5.5542108e-001	  6.0059409e-001	  4.1768565e-001	  4.3519652e-001	  5.0794165e-001	  4.3805879e-001	  5.6320991e-001	  5.6459762e-001	  4.7295894e-001	
  5.0722642e-001	  3.9284722e-001	  6.1905397e-001	  5.2983786e-001	  3.4007199e-001	  2.3842816e-001	  5.0109332e-001	  4.3805879e-001	  6.2105882e-001	  5.2317415e-001	  6.3741835e-001	
 -1.8691377e-001	 -3.2273119e-002	 -5.1926770e-001	 -4.1720701e-001	 -6.3009879e-001	 -2.0430065e-001	 -2.1798180e-001	 -2.7653766e-001	 -2.6595779e-001	  2.6092480e-002	 -1.6020978e-001	
  6.8076146e-001	  5.2975038e-001	  7.8874167e-001	  8.4007670e-001	  7.6341924e-001	  3.2697392e-001	  7.4763336e-001	  6.9486689e-001	  6.7248007e-001	  6.4744457e-001	  4.5651300e-001	
 -2.6128594e-001	 -1.4035456e-001	 -6.3946316e-001	 -5.3150553e-001	 -7.9590980e-001	 -6.6562801e-002	 -3.3440349e-001	 -1.7604753e-001	 -4.7807045e-001	 -4.8469771e-002	 -3.0000027e-001	
  2.4279206e-001	  3.5682007e-001	 -1.7989230e-001	 -2.2670948e-001	 -5.5248513e-001	  3.5648918e-001	 -9.4711781e-002	  2.4824411e-001	  1.2612926e-001	  3.9061904e-001	  2.7560765e-001	
 -2.5089780e+000	 -2.6910766e+000	 -1.8590935e+000	 -1.9809196e+000	 -1.5357091e+000	 -2.5556826e+000	 -2.2450888e+000	 -2.4069283e+000	 -2.2816709e+000	 -2.5173087e+000	 -2.4461955e+000	
  5.7333500e-001	  6.6665354e-001	  8.0995263e-001	  8.0197719e-001	  7.7400292e-001	  7.3034906e-001	  7.6817836e-001	  5.9437676e-001	  7.2390132e-001	  6.6401396e-001	  5.2229676e-001	
 -6.2960168e-002	  6.8602894e-002	 -5.0512706e-001	 -4.6619209e-001	 -6.8654510e-001	 -7.5322929e-003	 -1.7004346e-001	 -2.0954424e-001	 -3.3666201e-001	 -8.1608549e-002	 -1.5198681e-001	
  4.1632710e-001	  2.9917664e-001	  1.8069407e-001	  3.1212640e-001	  2.6089445e-002	  3.5648918e-001	  4.6685164e-001	  4.3805879e-001	  3.0610365e-001	  4.5689660e-001	  4.8940488e-001	
  1.8494704e-001	  2.3432777e-001	 -4.2735353e-001	 -3.3556521e-001	 -5.5954092e-001	  2.2858974e-001	  3.5406574e-002	  1.5891955e-001	 -1.1169403e-001	  2.5806393e-001	  4.5364483e-002	
  5.8986215e-001	  6.4503725e-001	  1.0786248e+000	  1.0632309e+000	  1.2784917e+000	  5.7293437e-001	  8.5035837e-001	  8.6235043e-001	  9.2315867e-001	  7.7999968e-001	  8.4299261e-001	
 -1.9635821e+000	 -1.9777391e+000	 -1.7509176e+000	 -1.7452469e+000	 -1.4143496e+000	 -1.6899018e+000	 -1.6835254e+000	 -2.0406976e+000	 -1.9757144e+000	 -2.1444975e+000	 -2.0350470e+000	
  3.7500924e-001	  3.0638207e-001	  1.3827215e-001	  2.8491246e-001	  2.6089445e-002	  4.6471177e-001	  3.5042996e-001	  3.2640309e-001	  3.3824193e-001	  2.8291801e-001	  3.2494548e-001	
  9.1214153e-001	  6.3062639e-001	  1.3543673e+000	  1.2265145e+000	  1.7688690e+000	  4.7455019e-001	  1.0078701e+000	  8.4001929e-001	  1.0709948e+000	  6.8886804e-001	  8.1832370e-001	
  7.3860648e-001	  8.6120013e-001	  8.0288231e-001	  8.8361899e-001	  9.5745340e-001	  7.3034906e-001	  7.5448169e-001	  8.8468157e-001	  8.5888211e-001	  8.2970785e-001	  8.1010073e-001	
  4.1632710e-001	  6.4503725e-001	  3.7866306e-001	  4.1553934e-001	  1.1781468e-001	  7.8937957e-001	  4.5315498e-001	  4.9388664e-001	  4.7965037e-001	  5.7288232e-001	  5.5518865e-001	
 -4.3482098e-001	 -4.2136631e-001	 -1.0566121e+000	 -1.0104708e+000	 -1.0710855e+000	 -3.1252325e-001	 -5.8779186e-001	 -6.3383588e-001	 -8.1230859e-001	 -6.6153717e-001	 -3.9045295e-001	
  5.8986215e-001	  4.5049066e-001	  8.3116360e-001	  8.4007670e-001	  9.0100710e-001	  6.2212646e-001	  6.9284668e-001	  7.2836360e-001	  7.5603960e-001	  7.7999968e-001	  8.9233043e-001	
 -1.2906876e-001	  2.5370317e-002	 -7.2430701e-001	 -6.0770454e-001	 -8.0296559e-001	  9.0851888e-002	 -3.0701015e-001	 -2.8770323e-001	 -3.4951732e-001	 -8.9893244e-002	 -1.1909492e-001	
 -1.1620155e+000	 -1.0410332e+000	 -1.3719484e+000	 -1.3533663e+000	 -1.2792312e+000	 -9.4218201e-001	 -1.3342603e+000	 -1.3037701e+000	 -1.3200935e+000	 -1.1006260e+000	 -1.1469662e+000	
 -7.9015465e-001	 -7.2399435e-001	 -1.3896242e+000	 -1.3914658e+000	 -1.2545360e+000	 -4.2074585e-001	 -9.5075359e-001	 -9.7996854e-001	 -1.1851127e+000	 -9.5978617e-001	 -9.4961493e-001	
 -9.3063540e-001	 -8.0325407e-001	 -1.1555966e+000	 -1.1519832e+000	 -1.1522271e+000	 -7.6509049e-001	 -8.9596691e-001	 -1.1139554e+000	 -1.0951255e+000	 -8.1894636e-001	 -9.0850008e-001	
  8.1297864e-001	  6.3783182e-001	  9.4428873e-001	  8.7817620e-001	  1.0738739e+000	  3.9584285e-001	  8.0926837e-001	  9.4050942e-001	  8.2674383e-001	  7.7171499e-001	  6.4564132e-001	
  3.2542779e-001	  2.9197121e-001	 -1.5161101e-001	 -3.5552282e-003	 -3.1611625e-001	  3.6632759e-001	  1.1758659e-001	  1.9241626e-001	  2.2254411e-001	  3.9061904e-001	  3.1672250e-001	
 -2.7568852e+000	 -3.0513481e+000	 -1.9517147e+000	 -2.1137236e+000	 -1.5582876e+000	 -3.2246950e+000	 -2.7587139e+000	 -2.7597603e+000	 -2.4346491e+000	 -2.9257442e+000	 -2.8162292e+000	
 -2.3649521e-001	 -3.2273119e-002	 -8.6571343e-001	 -7.4377421e-001	 -8.6999557e-001	  6.1336634e-002	 -3.4810016e-001	 -3.5469665e-001	 -5.8734062e-001	 -2.8872591e-001	 -3.8222998e-001	
  6.4770717e-001	  5.8739381e-001	  4.6350691e-001	  5.1895229e-001	  4.1062986e-001	  6.9099539e-001	  6.3121167e-001	  8.4001929e-001	  6.5319710e-001	  7.7171499e-001	  5.8808053e-001	
 -2.2693343e+000	 -2.1290531e+000	 -1.7544528e+000	 -1.9041763e+000	 -1.4753821e+000	 -1.9457007e+000	 -1.9163687e+000	 -2.0630288e+000	 -2.0207080e+000	 -1.9539495e+000	 -2.1830605e+000	
 -1.3272869e+000	 -1.2139635e+000	 -1.4377024e+000	 -1.5384211e+000	 -1.3102767e+000	 -1.1389504e+000	 -1.3068670e+000	 -1.5047503e+000	 -1.5322061e+000	 -1.3325974e+000	 -1.4923310e+000	
 -2.7781308e-001	 -3.9478548e-002	 -6.3946316e-001	 -5.1517717e-001	 -7.9943770e-001	 -7.5322929e-003	 -2.8646515e-001	 -3.2119994e-001	 -3.2380670e-001	 -1.7274019e-001	 -1.6020978e-001	
  3.0063707e-001	  2.1991691e-001	 -1.1625941e-001	  6.1758211e-002	 -2.4203048e-001	  3.0729709e-001	  8.3344915e-002	  2.0358183e-001	  2.0968880e-001	  3.0777209e-001	  2.2626983e-001	
  6.5597074e-001	  5.5136667e-001	  7.3217910e-001	  8.0197719e-001	  7.1402873e-001	  5.4341912e-001	  7.0654335e-001	  6.0554233e-001	  6.8533538e-001	  4.9003537e-001	  5.3051973e-001	
  4.2459068e-001	  4.7210694e-001	  3.9280370e-001	  5.0806671e-001	  3.2948831e-001	  5.1390387e-001	  4.7369998e-001	  3.8223094e-001	  4.1537381e-001	  4.1547312e-001	  3.4961439e-001	
 -3.1303987e+000	 -3.4260304e+000	 -2.0142871e+000	 -2.2487047e+000	 -1.6337105e+000	 -3.7067775e+000	 -3.1559173e+000	 -2.8903975e+000	 -2.5767003e+000	 -3.1419747e+000	 -3.0999217e+000	
  1.5189275e-001	  1.9830062e-001	 -3.1422839e-001	 -2.5936620e-001	 -4.8192726e-001	  2.8762025e-001	  3.5406574e-002	  3.6098286e-002	 -2.1706839e-002	  1.9178637e-001	 -3.6865221e-002	
 -1.7404656e+000	 -1.5958513e+000	 -1.6625386e+000	 -1.6908191e+000	 -1.3448501e+000	 -1.3062035e+000	 -1.4232887e+000	 -1.6610683e+000	 -1.8407336e+000	 -1.7634015e+000	 -1.7636890e+000	
  6.2291645e-001	  5.8739381e-001	  7.9581199e-001	  7.0400703e-001	  6.5052664e-001	  3.6632759e-001	  7.0654335e-001	  6.8370132e-001	  7.4318429e-001	  6.3087518e-001	  6.5386429e-001	
  5.2375356e-001	  4.2887437e-001	  4.2108498e-001	  3.9921098e-001	  1.1075889e-001	  4.8438861e-001	  2.8194661e-001	  4.7155550e-001	  4.0894615e-001	  4.4861190e-001	  5.0585082e-001	
  4.4938140e-001	  5.4416124e-001	  3.2210049e-001	  3.6111148e-001	  1.1428679e-001	  4.1551968e-001	  3.5042996e-001	  4.3805879e-001	  4.0894615e-001	  4.1547312e-001	  5.4696567e-001	
  6.2291645e-001	  7.3870783e-001	  9.5842937e-001	  8.1830555e-001	  8.2692133e-001	  5.9261121e-001	  7.8872336e-001	  7.6186030e-001	  7.6246726e-001	  7.0543743e-001	  7.3609399e-001	
  5.4854428e-001	  4.5049066e-001	  2.0190503e-001	  3.1212640e-001	 -5.5052112e-002	  3.0729709e-001	  1.9291827e-001	  3.3756866e-001	  4.6679506e-001	  4.4861190e-001	  4.8118191e-001	
  3.9153638e-001	  3.6402550e-001	  2.8674889e-001	  5.0262393e-001	  2.0601203e-001	  4.1551968e-001	  3.5727829e-001	  6.5020461e-001	  3.8323552e-001	  5.1488946e-001	  5.2229676e-001	
  6.9728861e-001	  6.8106440e-001	  1.0998358e+000	  9.9791751e-001	  1.2996591e+000	  5.3358070e-001	  8.7775171e-001	  7.0603246e-001	  9.3601399e-001	  5.8116701e-001	  6.5386429e-001	
  7.7166077e-001	  6.0901010e-001	  1.2271016e+000	  1.1231016e+000	  1.4266633e+000	  5.8277279e-001	  8.2296504e-001	  6.8370132e-001	  1.0002906e+000	  6.0602110e-001	  7.6898587e-001	
 -7.9487315e-002	 -3.4514007e-003	 -5.5461931e-001	 -4.2264980e-001	 -6.8654510e-001	 -7.6401219e-002	 -2.1113347e-001	 -1.8721310e-001	 -3.3666201e-001	 -7.0462984e-003	 -1.3554086e-001	
  5.8986215e-001	  5.2975038e-001	  8.7358552e-001	  7.9653440e-001	  7.8811450e-001	  3.7616601e-001	  6.1066667e-001	  6.5020461e-001	  8.0746086e-001	  6.3087518e-001	  6.9497914e-001	
  7.3034290e-001	  5.8739381e-001	  4.7057723e-001	  5.5705179e-001	  3.8593461e-001	  3.6632759e-001	  5.4218332e-001	  6.3903904e-001	  5.6963756e-001	  4.4861190e-001	  5.1407379e-001	
  8.5429651e-001	  7.1709155e-001	  1.3897190e+000	  1.0469026e+000	  1.4443027e+000	  7.1067223e-001	  8.4351004e-001	  7.9535701e-001	  9.7457993e-001	  7.8828438e-001	  6.6208726e-001	
  8.9561438e-001	  6.6665354e-001	  1.0291326e+000	  1.0142459e+000	  1.0632902e+000	  5.9261121e-001	  8.2296504e-001	  6.7253575e-001	  9.2315867e-001	  7.5514560e-001	  7.4431696e-001	
 -1.0297983e+000	 -8.3207579e-001	 -1.2545811e+000	 -1.2281822e+000	 -1.2580639e+000	 -7.7492890e-001	 -9.7814693e-001	 -1.2032799e+000	 -1.2172510e+000	 -8.3551575e-001	 -1.0811825e+000	
  5.0722642e-001	  5.8018839e-001	  6.4026493e-001	  6.8223589e-001	  7.1402873e-001	  4.8438861e-001	  5.2163832e-001	  5.8321119e-001	  5.6320991e-001	  4.9003537e-001	  5.3874270e-001	
 -2.7238309e+000	 -2.8063635e+000	 -1.8852537e+000	 -2.1735943e+000	 -1.5431177e+000	 -2.6737436e+000	 -2.5121738e+000	 -2.5766450e+000	 -2.4166517e+000	 -2.7658496e+000	 -2.7586684e+000	
 -9.2237183e-001	 -7.8163778e-001	 -1.2616514e+000	 -1.2064111e+000	 -1.1381155e+000	 -5.7816054e-001	 -8.2748357e-001	 -1.0134652e+000	 -1.1079808e+000	 -8.3551575e-001	 -8.5093929e-001	
  1.1057488e-001	  1.0463004e-001	 -5.5461931e-001	 -3.1379407e-001	 -5.9481986e-001	  1.2144543e-002	 -1.4949846e-001	 -1.9729561e-002	 -1.4383231e-001	  1.2383961e-003	  3.7141513e-002	
 -1.5504034e+000	 -1.2644016e+000	 -1.3896242e+000	 -1.5329783e+000	 -1.3250939e+000	 -1.2078193e+000	 -1.2246870e+000	 -1.5159159e+000	 -1.5643444e+000	 -1.5645689e+000	 -1.3772094e+000	
 -5.4696594e-002	  1.1183547e-001	 -3.8485878e-002	  1.2773132e-002	 -3.0200468e-001	  2.3842816e-001	  9.0193250e-002	 -8.5639918e-003	  1.0684629e-001	  1.7521698e-001	  1.9337795e-001	
 -2.4475879e-001	 -1.4755999e-001	 -6.4653348e-001	 -5.4239110e-001	 -7.4651929e-001	  2.4826658e-001	 -2.3167847e-001	 -3.1003437e-001	 -5.0378108e-001	 -3.4671877e-001	 -2.1777057e-001	
  8.6256008e-001	  6.1621553e-001	  1.1705390e+000	  1.1231016e+000	  1.4337191e+000	  7.2051065e-001	  9.3938672e-001	  1.0186684e+000	  1.0260012e+000	  8.2970785e-001	  8.1010073e-001	
 -1.1254161e-001	 -1.5476542e-001	 -7.4551797e-001	 -6.4580405e-001	 -8.4882821e-001	  8.1013470e-002	 -2.4537514e-001	 -1.4255083e-001	 -4.2022155e-001	 -2.7215652e-001	 -2.0954760e-001	
  4.5764497e-001	  6.0901010e-001	  6.4733525e-001	  6.3869359e-001	  4.8118774e-001	  7.2051065e-001	  6.5175667e-001	  8.4001929e-001	  6.4034179e-001	  7.1372213e-001	  8.1832370e-001	
  9.0387795e-001	  5.8018839e-001	  9.9378098e-001	  8.8906178e-001	  1.0138997e+000	  6.1228805e-001	  7.5448169e-001	  7.6186030e-001	  7.3675663e-001	  7.1372213e-001	  5.8808053e-001	
  8.4603294e-001	  8.1796756e-001	  1.4533518e+000	  1.2428429e+000	  1.7547574e+000	  7.8937957e-001	  9.1199338e-001	  1.0409995e+000	  1.0581395e+000	  9.0427010e-001	  8.4299261e-001	
  7.7992435e-001	  6.7385897e-001	  1.2341719e+000	  1.1993006e+000	  1.3596333e+000	  6.4180330e-001	  8.9829672e-001	  8.2885372e-001	  9.7457993e-001	  6.9715274e-001	  8.5121558e-001	
  9.1214153e-001	  7.7473498e-001	  1.2978048e+000	  1.2265145e+000	  1.4725259e+000	  6.3196488e-001	  8.5035837e-001	  9.1817828e-001	  1.0452841e+000	  9.7054766e-001	  8.3476964e-001	
  4.1632710e-001	  3.9284722e-001	  8.8779899e-002	  1.5428558e-001	 -1.3619367e-001	  3.3681234e-001	  2.6140161e-001	  2.1474740e-001	  2.5468239e-001	  2.7463332e-001	  3.0849953e-001	
  7.5513363e-001	  5.5136667e-001	  1.0079216e+000	  1.0360170e+000	  1.2008781e+000	  6.0244963e-001	  9.3938672e-001	  7.9535701e-001	  8.8459273e-001	  7.1372213e-001	  7.7720884e-001	
 -3.5576255e+000	 -4.1905265e+000	 -2.0020554e+000	 -2.3133650e+000	 -1.6198141e+000	 -4.9212318e+000	 -4.2037809e+000	 -3.2689103e+000	 -2.7675374e+000	 -3.6626512e+000	 -3.6071145e+000	
 -1.9140007e+000	 -1.8912739e+000	 -1.6674878e+000	 -1.8590012e+000	 -1.5120722e+000	 -1.6997402e+000	 -1.8684304e+000	 -2.0072009e+000	 -1.9114379e+000	 -1.9290954e+000	 -1.9857092e+000	
  8.7082366e-001	  7.3870783e-001	  1.1634687e+000	  1.0305742e+000	  1.3984401e+000	  4.6471177e-001	  8.9144838e-001	  8.4001929e-001	  1.0838501e+000	  8.5456193e-001	  9.9922904e-001	
  6.3118002e-001	  4.6490151e-001	  7.3217910e-001	  7.2033539e-001	  6.2230349e-001	  6.2212646e-001	  6.6545334e-001	  6.2787347e-001	  6.1463116e-001	  5.5631293e-001	  4.7295894e-001	
 -5.0092957e-001	 -4.2136631e-001	 -8.3036182e-001	 -8.0908765e-001	 -9.1233030e-001	 -2.7316958e-001	 -4.9876351e-001	 -4.5518677e-001	 -7.2232140e-001	 -5.6212083e-001	 -2.3421651e-001	
  7.8818792e-001	  6.3783182e-001	  1.2412422e+000	  1.0523454e+000	  1.4054959e+000	  4.6471177e-001	  8.2981337e-001	  7.0603246e-001	  8.4602680e-001	  7.4686090e-001	  6.5386429e-001	
  1.9321062e-001	  2.9917664e-001	 -8.7978124e-002	 -1.0696817e-001	 -3.1611625e-001	  3.2697392e-001	  1.1758659e-001	  2.4824411e-001	  1.1970161e-001	  3.9061904e-001	  2.8383062e-001	
  8.3776936e-001	  7.3150240e-001	  1.4533518e+000	  1.2156290e+000	  1.8464826e+000	  6.7131855e-001	  9.0514505e-001	  1.0075028e+000	  1.0388565e+000	  8.9598541e-001	  9.0877637e-001	
 -1.0427804e-001	  9.7424612e-002	 -3.1422839e-001	 -2.0493833e-001	 -5.8423618e-001	  1.4004398e-001	 -1.9380102e-002	 -8.6722978e-002	 -1.2454934e-001	  8.4085342e-002	  8.6479335e-002	
 -6.0835603e-001	 -3.4931201e-001	 -9.8590888e-001	 -9.2338617e-001	 -1.0075834e+000	 -1.6494698e-001	 -5.4670185e-001	 -5.4451133e-001	 -7.9302562e-001	 -4.9584328e-001	 -4.6445968e-001	
  7.9645149e-001	  6.8826983e-001	  1.1634687e+000	  1.1612011e+000	  1.4266633e+000	  5.5325754e-001	  8.7775171e-001	  7.8419144e-001	  9.6172461e-001	  7.3857621e-001	  7.8543182e-001	
  6.6423431e-001	  6.3783182e-001	  1.3331564e+000	  1.0088031e+000	  1.5148606e+000	  5.5325754e-001	  9.3938672e-001	  6.9486689e-001	  9.4244164e-001	  6.2259049e-001	  7.1142508e-001	
  4.9896284e-001	  6.6665354e-001	  6.8975718e-001	  6.6590753e-001	  5.8702455e-001	  4.1551968e-001	  6.5175667e-001	  7.9535701e-001	  7.8817789e-001	  7.7171499e-001	  6.5386429e-001	
  1.6841989e-001	  2.6314949e-001	  1.7362375e-001	  3.8288262e-001	 -3.3884749e-002	  2.7778183e-001	  2.2715994e-001	  2.2591297e-001	  2.7396536e-001	  2.4149454e-001	  2.3449280e-001	
  6.3118002e-001	  6.1621553e-001	  6.5440557e-001	  5.7338015e-001	  4.8824353e-001	  3.3681234e-001	  5.5587999e-001	  6.7253575e-001	  4.4751209e-001	  5.6459762e-001	  3.7428330e-001	
  3.8327281e-001	  5.0092866e-001	  1.0292054e-001	  2.4137017e-001	  8.4499759e-003	  4.5487336e-001	  3.0933995e-001	  3.3756866e-001	  2.6753771e-001	  2.0007107e-001	  3.4961439e-001	
 -9.6014462e-002	  6.1397464e-002	 -3.8493160e-001	 -2.5392341e-001	 -5.7718039e-001	  1.9907449e-001	  1.4861571e-002	 -1.8721310e-001	 -1.5025997e-001	 -4.8469771e-002	 -7.7980072e-002	
 -1.3272869e+000	 -1.0338278e+000	 -1.3669992e+000	 -1.3860230e+000	 -1.2922845e+000	 -1.0208894e+000	 -1.1972936e+000	 -1.4377569e+000	 -1.3586594e+000	 -1.2000423e+000	 -1.2209730e+000	
  6.8076146e-001	  7.2429697e-001	  7.8167135e-001	  8.0741998e-001	  8.5867237e-001	  5.9261121e-001	  6.4490834e-001	  7.0603246e-001	  7.6246726e-001	  5.3974354e-001	  8.1832370e-001	
  6.0638930e-001	  5.1533952e-001	  4.2815530e-001	  5.5705179e-001	  2.1659571e-001	  1.7939765e-001	  3.3673329e-001	  4.2689322e-001	  5.8892053e-001	  5.1488946e-001	  6.4564132e-001	
  7.4687005e-001	  5.7298296e-001	  7.3924942e-001	  7.0400703e-001	  5.7291298e-001	  6.5164172e-001	  6.9284668e-001	  7.5069473e-001	  6.5962476e-001	  6.6401396e-001	  5.7163459e-001	
  8.0471507e-001	  7.5311869e-001	  1.4109299e+000	  1.2537285e+000	  1.7865084e+000	  6.9099539e-001	  1.0489601e+000	  8.0652258e-001	  1.1224160e+000	  7.1372213e-001	  8.7588449e-001	
 -6.2488318e-001	 -3.5651744e-001	 -1.0848934e+000	 -9.3971453e-001	 -1.0499182e+000	 -1.8462382e-001	 -5.6039852e-001	 -4.7751791e-001	 -8.7015750e-001	 -5.2898205e-001	 -5.7135829e-001	
  7.2207933e-001	  6.7385897e-001	  9.8671066e-001	  1.0305742e+000	  1.0103718e+000	  6.0244963e-001	  8.1611670e-001	  8.5118486e-001	  9.1673102e-001	  7.0543743e-001	  8.5943855e-001	
  4.8243569e-001	  5.8739381e-001	  1.0999086e-001	  2.0871345e-001	 -1.5383314e-001	  6.1228805e-001	  4.4630664e-001	  6.0554233e-001	  4.7965037e-001	  5.1488946e-001	  6.1274944e-001	
