 -3.0133023e+000	 -3.3045465e+000	 -1.8509946e+000	 -1.9867146e+000	 -1.4678621e+000	 -3.5977525e+000	 -2.9635185e+000	 -2.6869156e+000	 -2.3755210e+000	 -2.8721880e+000	 -2.7997698e+000	
  5.7905334e-001	  5.8347973e-001	  4.4348935e-001	  4.3158311e-001	  1.5710860e-001	  5.0325785e-001	  4.6667601e-001	  4.5223294e-001	  4.8777314e-001	  5.3410779e-001	  5.3495588e-001	
  4.7924435e-001	  5.8347973e-001	  5.0336280e-001	  5.0942531e-001	  3.3176440e-001	  4.5697105e-001	  6.1666551e-001	  5.6664856e-001	  5.9029209e-001	  5.2635564e-001	  6.1229182e-001	
  4.7924435e-001	  4.3549258e-001	  2.2395334e-001	  2.3957234e-001	 -5.7852383e-002	  4.1994161e-001	  2.3190984e-001	  1.2978892e-001	  3.9731523e-001	  5.1860349e-001	  4.4215276e-001	
  6.1744141e-001	  5.5657298e-001	  1.1952339e+000	  1.0854576e+000	  1.5241261e+000	  7.8097865e-001	  8.7751680e-001	  9.0989542e-001	  8.7975739e-001	  6.5814223e-001	  7.1282854e-001	
  8.5544745e-001	  7.3819358e-001	  1.1420130e+000	  8.8306787e-001	  1.1445856e+000	  4.1994161e-001	  8.1230398e-001	  8.3708548e-001	  9.4006265e-001	  7.5116806e-001	  8.2883245e-001	
 -6.2633209e-001	 -4.7933713e-001	 -1.1597888e+000	 -1.0214713e+000	 -1.1057872e+000	 -4.3173549e-001	 -7.5932508e-001	 -8.0633888e-001	 -8.9924805e-001	 -5.7445000e-001	 -6.5601756e-001	
  2.1052786e-001	  3.1441217e-001	 -1.2198219e-001	  5.2751064e-002	 -2.9968349e-001	  4.1068425e-001	  3.3625036e-001	  3.7942300e-001	  1.5006363e-001	  3.9456905e-001	  3.7255041e-001	
  7.4796085e-001	  5.1621284e-001	  6.5637275e-001	  6.6510971e-001	  5.6687798e-001	  5.5880201e-001	  5.3841012e-001	  6.3945850e-001	  6.3250578e-001	  6.8139869e-001	  6.6642698e-001	
  4.9459958e-001	  7.1128683e-001	  4.5014195e-001	  5.1461479e-001	  2.5451280e-001	  5.9583145e-001	  6.2318679e-001	  4.7303578e-001	  5.6013946e-001	  4.2557766e-001	  4.9628791e-001	
  6.7886232e-001	  6.8438007e-001	  1.0754869e+000	  1.0128049e+000	  1.1848908e+000	  4.3845633e-001	  8.3838911e-001	  6.8106418e-001	  8.1945212e-001	  6.6589438e-001	  7.5149651e-001	
 -2.4536043e+000	 -2.5713374e+000	 -1.8090831e+000	 -1.9758167e+000	 -1.5058162e+000	 -2.4961267e+000	 -2.3831244e+000	 -2.2770997e+000	 -2.2126968e+000	 -2.4427187e+000	 -2.5430144e+000	
  8.4776984e-001	  6.6420000e-001	  1.2418021e+000	  1.0802681e+000	  1.5073323e+000	  8.1800808e-001	  1.0470701e+000	  9.4109968e-001	  9.2197107e-001	  8.4419389e-001	  7.9016448e-001	
  4.9297961e-002	  2.2023853e-001	 -3.5482341e-001	 -1.8596502e-001	 -4.6762176e-001	  2.0702234e-001	 -3.5462734e-002	 -5.7436641e-002	 -1.1527955e-001	  1.6200448e-001	  1.0960822e-001	
  4.8692197e-001	  4.2203920e-001	  3.9692110e-001	  3.7449883e-001	  1.5374984e-001	  4.6622841e-001	  4.7319729e-001	  4.9383862e-001	  4.2143734e-001	  5.7286856e-001	  4.0348479e-001	
 -1.7335285e-001	 -8.9189170e-002	 -7.2736936e-001	 -6.7377614e-001	 -8.6395608e-001	  1.8850762e-001	 -2.3110121e-001	 -2.2385936e-001	 -5.4947749e-001	 -1.7909022e-001	 -1.9973553e-001	
  7.8634892e-001	  6.5074662e-001	  9.2912961e-001	  8.9344683e-001	  8.2550292e-001	  6.1434617e-001	  7.6013372e-001	  8.2668406e-001	  8.3151317e-001	  7.2015945e-001	  6.8189417e-001	
  4.9459958e-001	  5.7675305e-001	  6.3641493e-001	  5.9245699e-001	  4.4596243e-001	  5.7731673e-001	  5.4493140e-001	  7.9547980e-001	  8.3151317e-001	  7.8992882e-001	  7.6696370e-001	
 -9.9485757e-001	 -7.8876483e-001	 -1.1730940e+000	 -1.1356399e+000	 -1.1292985e+000	 -6.3539741e-001	 -1.0136551e+000	 -1.1287829e+000	 -1.1223775e+000	 -1.0783399e+000	 -9.0349256e-001	
  9.0919075e-001	  7.9200709e-001	  1.2284969e+000	  1.1165945e+000	  1.5476375e+000	  6.5137561e-001	  8.6447424e-001	  8.7869116e-001	  9.4609318e-001	  6.9690299e-001	  7.6696370e-001	
 -1.9084937e+000	 -1.8179483e+000	 -1.6241407e+000	 -1.7064827e+000	 -1.3855724e+000	 -1.6999938e+000	 -1.6201344e+000	 -2.0056226e+000	 -1.8279492e+000	 -1.8923159e+000	 -1.9707285e+000	
  6.9421755e-001	  6.6420000e-001	  1.1952339e+000	  1.0958365e+000	  1.4871797e+000	  6.0508881e-001	  1.0927191e+000	  7.2266986e-001	  9.5815423e-001	  6.2713362e-001	  8.5203323e-001	
 -1.8103046e-001	 -1.4300268e-001	 -7.4732718e-001	 -5.7517602e-001	 -8.2029213e-001	  3.3604216e-003	 -3.5500557e-001	 -3.1747214e-001	 -4.9520275e-001	 -3.8839834e-001	 -1.1466600e-001	
  5.7137573e-001	  5.7002636e-001	  8.6925615e-001	  8.3117307e-001	  6.8107601e-001	  6.2360353e-001	  6.4927192e-001	  6.9146560e-001	  8.1342159e-001	  7.3566376e-001	  6.8962776e-001	
  5.6369811e-001	  5.9693311e-001	  6.3641493e-001	  6.3397283e-001	  5.0977897e-001	  5.8657409e-001	  4.5363345e-001	  5.4584572e-001	  5.4204788e-001	  4.2557766e-001	  5.1175510e-001	
  4.1782344e-001	  4.9603278e-001	  9.0901212e-002	  2.2919338e-001	 -5.7852383e-002	  5.5880201e-001	  3.7537806e-001	  3.1701448e-001	  2.8273522e-001	  3.2479968e-001	  4.2668557e-001	
 -4.4206935e-001	 -4.6588376e-001	 -1.0666523e+000	 -1.0422292e+000	 -1.0218181e+000	 -2.2807357e-001	 -6.0281430e-001	 -6.8152184e-001	 -8.4497331e-001	 -5.0468062e-001	 -7.2561991e-001	
  7.2330803e-002	  1.5969832e-001	 -4.6791772e-001	 -3.0013358e-001	 -5.6502596e-001	  1.3296346e-001	  1.6707525e-002	 -4.7035221e-002	 -2.0573746e-001	  6.9614328e-003	  1.6805099e-002	
  6.9421755e-001	  5.9020642e-001	  7.7611966e-001	  8.4674151e-001	  9.4641847e-001	  6.3286089e-001	  7.2100602e-001	  5.5624714e-001	  7.1693316e-001	  6.9690299e-001	  5.2722229e-001	
  5.4834288e-001	  4.8257940e-001	  5.4327844e-001	  6.4435179e-001	  3.6199329e-001	  5.2177257e-001	  4.7319729e-001	  5.4584572e-001	  5.4204788e-001	  7.0465515e-001	  5.5815667e-001	
 -3.1922752e-001	 -1.2282262e-001	 -6.6084330e-001	 -5.5960758e-001	 -8.4380349e-001	  1.3296346e-001	 -2.9631403e-001	 -1.6145084e-001	 -4.5901958e-001	 -1.4032946e-001	 -9.1465214e-002	
 -1.5553234e+000	 -1.4547070e+000	 -1.5163685e+000	 -1.5923141e+000	 -1.4043814e+000	 -1.2741552e+000	 -1.4440597e+000	 -1.4928326e+000	 -1.5867281e+000	 -1.4426911e+000	 -1.4525777e+000	
  5.8673095e-001	  5.7675305e-001	  7.9607748e-001	  8.0003619e-001	  7.7176267e-001	  4.3845633e-001	  6.8839961e-001	  8.4748690e-001	  7.2899421e-001	  5.7286856e-001	  6.9736135e-001	
 -7.3381869e-001	 -5.5333071e-001	 -1.1132205e+000	 -1.1096925e+000	 -1.0520469e+000	 -4.5025021e-001	 -5.8977174e-001	 -7.6473320e-001	 -9.8970595e-001	 -6.2096291e-001	 -6.5601756e-001	
  8.7848029e-001	  7.8528041e-001	  1.3149808e+000	  1.0958365e+000	  1.4804622e+000	  7.8097865e-001	  9.0360193e-001	  9.9310678e-001	  1.0124290e+000	  9.2171541e-001	  8.2883245e-001	
  2.5659354e-001	  1.7987839e-001	 -1.0867698e-001	  1.3059326e-001	 -1.9220300e-001	  3.3662537e-001	  1.9278215e-001	  1.0898608e-001	  1.0784994e-001	  1.2324372e-001	  2.4107932e-001	
  5.1763243e-001	  4.1531251e-001	  2.9713201e-001	  3.8487779e-001	  1.2687971e-001	  2.8108122e-001	  4.9276114e-001	  3.7942300e-001	  3.7922365e-001	  4.1007336e-001	  3.2614885e-001	
 -1.6628100e+000	 -1.5892408e+000	 -1.5110464e+000	 -1.5507983e+000	 -1.3170535e+000	 -1.5796481e+000	 -1.6462195e+000	 -1.7528681e+000	 -1.6349723e+000	 -1.6364949e+000	 -1.6072496e+000	
  8.7848029e-001	  6.5747331e-001	  1.1686234e+000	  1.0802681e+000	  1.2184785e+000	  6.3286089e-001	  7.3404859e-001	  9.2029684e-001	  9.6418476e-001	  6.8139869e-001	  8.3656604e-001	
  8.0170415e-001	  7.3819358e-001	  1.4147699e+000	  1.1373524e+000	  1.7054995e+000	  6.8840505e-001	  9.6881475e-001	  7.8507838e-001	  9.8227634e-001	  6.8139869e-001	  8.0563167e-001	
  3.9479060e-001	  3.6149900e-001	 -3.3486559e-001	 -1.6001762e-001	 -4.6090423e-001	  2.7182386e-001	  3.6271373e-002	  1.6099318e-001	  7.1666782e-002	  3.0929538e-001	  2.2561213e-001	
  7.9402654e-001	  6.5747331e-001	  1.1619708e+000	  1.0283733e+000	  1.4166456e+000	  8.0875072e-001	  9.0360193e-001	  9.2029684e-001	  1.0124290e+000	  8.1318528e-001	  8.1336526e-001	
 -2.0083026e+000	 -2.0332023e+000	 -1.7006457e+000	 -1.8305112e+000	 -1.4567782e+000	 -1.9591999e+000	 -1.7766451e+000	 -2.0482684e+000	 -1.9425292e+000	 -2.1171283e+000	 -1.9784621e+000	
  6.2511902e-001	  5.7675305e-001	  7.0294099e-001	  7.3776243e-001	  6.6092341e-001	  5.5880201e-001	  6.5579320e-001	  7.8507838e-001	  7.2899421e-001	  6.8139869e-001	  6.5869338e-001	
 -1.0946666e+000	 -1.1049192e+000	 -1.3633585e+000	 -1.4470087e+000	 -1.3019391e+000	 -1.1445522e+000	 -1.2940702e+000	 -1.3784170e+000	 -1.4480260e+000	 -1.3264088e+000	 -1.1200332e+000	
  1.3375172e-001	  1.3279157e-001	 -2.7499213e-001	 -1.1331230e-001	 -4.1388152e-001	  3.2736801e-001	  3.6271373e-002	  8.8183239e-002	 -7.3065864e-002	  5.3474347e-002	  2.1787854e-001	
  7.0957278e-001	  6.7765338e-001	  7.6281445e-001	  8.7268891e-001	  8.3222045e-001	  5.0325785e-001	  7.7969756e-001	  6.6026134e-001	  8.8578791e-001	  6.7364654e-001	  6.3549260e-001	
 -2.2463087e+000	 -2.1946428e+000	 -1.7638454e+000	 -1.9727030e+000	 -1.5484725e+000	 -2.2184059e+000	 -2.1940072e+000	 -2.2126109e+000	 -2.0975137e+000	 -2.3419407e+000	 -2.3728754e+000	
 -7.4149630e-001	 -4.8606382e-001	 -1.2263148e+000	 -1.1356399e+000	 -1.1830388e+000	 -3.0213245e-001	 -8.1801662e-001	 -8.2714172e-001	 -9.2940068e-001	 -6.9073228e-001	 -6.9468553e-001	
  7.3260562e-001	  5.9693311e-001	  8.2934051e-001	  7.5852035e-001	  7.5161008e-001	  5.8657409e-001	  7.2100602e-001	  8.0588122e-001	  7.4105527e-001	  7.5116806e-001	  6.4322620e-001	
 -2.1541773e+000	 -2.4166236e+000	 -1.7339087e+000	 -1.8730650e+000	 -1.4614804e+000	 -2.5053841e+000	 -2.1744434e+000	 -2.2469356e+000	 -2.1252542e+000	 -2.3884537e+000	 -2.4192769e+000	
  7.2330803e-002	  1.1933819e-001	 -4.3465469e-001	 -2.2748086e-001	 -6.0197238e-001	  1.2370610e-001	 -8.1111710e-002	  1.7139460e-001	 -5.4974283e-002	  2.3952600e-001	  6.3206662e-002	
  3.4872491e-001	  2.8750542e-001	  1.1085903e-001	  2.4995130e-001	 -9.4798803e-002	  4.4771369e-001	  2.6451626e-001	  2.6500738e-001	  2.3449101e-001	  2.0851739e-001	  3.0294807e-001	
  5.7137573e-001	  6.1711318e-001	  3.9026850e-001	  4.6271999e-001	  3.4855823e-001	  6.6063297e-001	  5.9058038e-001	  6.3945850e-001	  5.1189524e-001	  6.6589438e-001	  6.4322620e-001	
  7.0957278e-001	  6.5747331e-001	  6.1645711e-001	  5.0423583e-001	  4.1237477e-001	  5.2177257e-001	  6.1666551e-001	  5.6664856e-001	  5.9029209e-001	  5.1860349e-001	  5.8135745e-001	
  5.7905334e-001	  5.9020642e-001	  1.0821396e+000	  1.0024259e+000	  1.3024476e+000	  5.5880201e-001	  7.4056987e-001	  6.6026134e-001	  9.1594055e-001	  8.5194604e-001	  6.8962776e-001	
  8.2473699e-001	  6.7765338e-001	  1.1154026e+000	  1.1217839e+000	  1.3494703e+000	  6.1434617e-001	  7.7969756e-001	  6.9146560e-001	  9.4609318e-001	  8.1318528e-001	  7.8243089e-001	
  7.8634892e-001	  7.5837365e-001	  1.1952339e+000	  1.1788682e+000	  1.6819881e+000	  6.4211825e-001	  9.2968706e-001	  8.6828974e-001	  1.0305206e+000	  9.5272402e-001	  8.3656604e-001	
 -1.6090667e+000	 -1.5556074e+000	 -1.5642672e+000	 -1.6545879e+000	 -1.3489618e+000	 -1.4315303e+000	 -1.4310172e+000	 -1.6280511e+000	 -1.7013081e+000	 -1.6752556e+000	 -1.7232535e+000	
 -5.1884549e-001	 -2.2372295e-001	 -1.0200840e+000	 -9.8514494e-001	 -1.0856346e+000	 -3.9470605e-001	 -5.8977174e-001	 -6.0871190e-001	 -7.1230171e-001	 -3.8839834e-001	 -4.2400975e-001	
  7.8634892e-001	  5.8347973e-001	  1.3748542e+000	  1.2048156e+000	  1.5241261e+000	  6.4211825e-001	  1.0144637e+000	  8.3708548e-001	  1.0003679e+000	  8.8295465e-001	  7.9016448e-001	
  7.0189517e-001	  6.5074662e-001	  1.0089609e+000	  8.4674151e-001	  9.5313601e-001	  5.2177257e-001	  7.2752731e-001	  6.6026134e-001	  8.7372686e-001	  7.1240730e-001	  5.5815667e-001	
  7.0957278e-001	  6.8438007e-001	  9.8235046e-001	  9.5053111e-001	  1.1244330e+000	  4.6622841e-001	  7.7969756e-001	  8.4748690e-001	  8.1342159e-001	  6.9690299e-001	  8.2883245e-001	
  2.7194877e-001	  5.4311960e-001	  2.3725855e-001	  2.6551975e-001	 -5.4493618e-002	  5.4028729e-001	  3.8842062e-001	  4.5223294e-001	  3.9731523e-001	  3.7131259e-001	  5.8909104e-001	
  4.1620346e-002	  2.0005846e-001	 -4.0139165e-001	 -3.4683890e-001	 -6.9937658e-001	  1.6999290e-001	 -6.8069146e-002	 -1.5830961e-002	 -4.8943756e-002	 -7.9071954e-004	  3.2272287e-002	
  6.0976380e-001	  5.1621284e-001	  6.2310972e-001	  6.8586763e-001	  5.8367181e-001	  2.8108122e-001	  6.2970807e-001	  7.0186702e-001	  7.4105527e-001	  6.0387717e-001	  6.3549260e-001	
  4.1620346e-002	  1.5969832e-001	 -4.2800208e-001	 -3.1051254e-001	 -6.0533115e-001	  2.7182386e-001	 -4.8505298e-002	  1.6099318e-001	 -1.1527955e-001	  5.3474347e-002	  5.5473068e-002	
 -4.4453386e-003	  8.5704745e-002	 -5.4109639e-001	 -2.7418618e-001	 -5.6502596e-001	  3.4588273e-001	 -6.8069146e-002	  8.8183239e-002	 -1.3337113e-001	  1.6200448e-001	  1.6374338e-001	
  1.4142933e-001	  2.6732535e-001	 -3.1490777e-001	 -1.8077554e-001	 -5.5494966e-001	  2.3479442e-001	 -4.8505298e-002	  6.7380399e-002	 -6.7300680e-003	  9.2235109e-002	  8.6407444e-002	
  8.1705938e-001	  5.7675305e-001	  9.6239264e-001	  9.3496267e-001	  9.3970094e-001	  4.9400049e-001	  7.0796346e-001	  7.3307128e-001	  8.0739106e-001	  6.4263793e-001	  6.8189417e-001	
 -9.7182473e-001	 -6.8786450e-001	 -1.2063570e+000	 -1.2549979e+000	 -1.1729625e+000	 -5.0579437e-001	 -7.7888893e-001	 -9.3115592e-001	 -1.1042860e+000	 -9.0779255e-001	 -7.1788631e-001	
  2.3356070e-001	  3.8167906e-001	 -7.5413945e-002	 -1.9901656e-002	 -3.5678250e-001	  3.4588273e-001	  9.4962914e-002	  3.5862016e-001	  1.6815521e-001	  3.0929538e-001	  3.6481682e-001	
  4.4085628e-001	  6.1038649e-001	  6.8298317e-001	  7.0143607e-001	  6.1054193e-001	  5.6805937e-001	  7.5361244e-001	  6.8106418e-001	  6.8075000e-001	  6.4263793e-001	  5.8909104e-001	
 -3.1154146e+000	 -3.6348270e+000	 -1.9381437e+000	 -2.1699032e+000	 -1.5732266e+000	 -4.2115155e+000	 -3.5452169e+000	 -2.8887032e+000	 -2.5268873e+000	 -3.1977784e+000	 -3.1315409e+000	
  8.0170415e-001	  5.9693311e-001	  1.0156135e+000	  1.0076154e+000	  1.2453486e+000	  6.1434617e-001	  9.5577219e-001	  1.0035082e+000	  9.5212371e-001	  8.7520250e-001	  8.2883245e-001	
  4.8692197e-001	  5.0948615e-001	  5.6323626e-001	  5.9245699e-001	  4.3588613e-001	  3.8291217e-001	  4.9276114e-001	  4.4183152e-001	  5.1189524e-001	  5.1860349e-001	  5.5042307e-001	
  5.0227720e-001	  4.9603278e-001	  2.1064813e-001	  4.2639363e-001	  8.6574530e-002	  4.8474313e-001	  2.9712267e-001	  3.5862016e-001	  3.6113207e-001	  2.6278246e-001	  5.3495588e-001	
  5.2531004e-001	  4.6912602e-001	  3.9692110e-001	  5.0423583e-001	  2.6794786e-001	  5.3102993e-001	  4.3406960e-001	  5.6664856e-001	  5.3601735e-001	  5.9612501e-001	  5.5815667e-001	
 -2.4152162e+000	 -2.4704371e+000	 -1.8050916e+000	 -2.0261546e+000	 -1.5417549e+000	 -2.4220678e+000	 -2.3961670e+000	 -2.2843807e+000	 -2.1264603e+000	 -2.2566671e+000	 -2.3960762e+000	
  6.8653994e-001	  5.7675305e-001	  1.0023083e+000	  9.3496267e-001	  1.1210743e+000	  5.0325785e-001	  6.8839961e-001	  7.2266986e-001	  8.3754370e-001	  7.5116806e-001	  5.8135745e-001	
  5.0227720e-001	  5.0275947e-001	  1.1069937e-002	  1.2021430e-001	 -1.8548547e-001	  4.8474313e-001	  2.1886728e-001	  4.6263436e-001	  2.1036890e-001	  4.0232120e-001	  3.4161604e-001	
  6.9421755e-001	  5.7002636e-001	  1.1420130e+000	  9.6091007e-001	  1.1815321e+000	  4.6622841e-001	  7.5361244e-001	  6.8106418e-001	  9.6418476e-001	  8.2868958e-001	  6.9736135e-001	
  4.3317867e-001	  5.9693311e-001	  2.9713201e-001	  4.1082519e-001	  1.5039107e-001	  2.4405178e-001	  4.3406960e-001	  5.0424004e-001	  4.9983419e-001	  3.4030398e-001	  5.0402151e-001	
  5.7137573e-001	  4.8257940e-001	  1.5742728e-001	  1.8248806e-001	 -1.5861535e-001	  4.6622841e-001	  3.5581421e-001	  5.1464146e-001	  3.4907102e-001	  4.4883412e-001	  3.9575120e-001	
  1.5678456e-001	  9.2431434e-002	 -4.7457032e-001	 -3.2089150e-001	 -6.9601781e-001	  1.9776498e-001	 -1.0067556e-001	  1.1938750e-001	 -4.2913229e-002	  9.9987261e-002	  1.7921057e-001	
  6.0208618e-001	  5.5657298e-001	  5.8319408e-001	  6.7029919e-001	  4.7619132e-001	  6.1434617e-001	  6.2318679e-001	  5.9785282e-001	  5.7220051e-001	  5.4185995e-001	  5.8909104e-001	
  7.3260562e-001	  7.1128683e-001	  9.7569785e-001	  9.0901527e-001	  1.0538990e+000	  5.3102993e-001	  7.9926141e-001	  8.5788832e-001	  8.6769633e-001	  7.7442452e-001	  7.8243089e-001	
  2.4891593e-001	  3.4131893e-001	 -1.4194001e-001	  8.5626420e-004	 -3.2319485e-001	  2.8108122e-001	  1.2756933e-001	  1.6099318e-001	  1.6212468e-001	  2.1626955e-001	  3.4934963e-001	
 -5.0349026e-001	 -3.7171011e-001	 -9.0698973e-001	 -8.1389210e-001	 -8.9418497e-001	 -3.2064717e-001	 -5.2455891e-001	 -7.5433178e-001	 -7.2436277e-001	 -5.4344139e-001	 -6.4828397e-001	
  7.4028324e-001	  7.9873378e-001	  1.2750651e+000	  1.1217839e+000	  1.4435158e+000	  7.8097865e-001	  8.5143167e-001	  8.5788832e-001	  1.0425816e+000	  7.8992882e-001	  7.5149651e-001	
  1.4142933e-001	  2.3369190e-001	 -3.4151820e-001	 -2.8975462e-001	 -6.0533115e-001	  2.7182386e-001	  6.8877785e-002	  6.7380399e-002	 -1.2131008e-001	  1.3874802e-001	  7.0940256e-002	
  8.9383552e-001	  7.6510034e-001	  1.2218443e+000	  1.1892472e+000	  1.5946602e+000	  7.0691977e-001	  9.6229347e-001	  6.8106418e-001	  9.5815423e-001	  7.5116806e-001	  6.9736135e-001	
 -2.5610909e+000	 -2.6184243e+000	 -1.7951127e+000	 -1.9887904e+000	 -1.5135413e+000	 -2.5609282e+000	 -2.2331349e+000	 -2.3135046e+000	 -2.1861625e+000	 -2.4272144e+000	 -2.6203504e+000	
 -5.1884549e-001	 -3.4480335e-001	 -1.0666523e+000	 -1.1408293e+000	 -1.1259398e+000	 -1.5401470e-001	 -5.7020789e-001	 -5.5670480e-001	 -8.6909541e-001	 -4.8142417e-001	 -4.1627615e-001	
 -1.7472638e+000	 -1.6901412e+000	 -1.5556188e+000	 -1.6390194e+000	 -1.4268852e+000	 -1.4870745e+000	 -1.7179536e+000	 -1.8568823e+000	 -1.7917660e+000	 -1.6985121e+000	 -1.7773887e+000	
 -6.8007539e-001	 -4.1879693e-001	 -1.0599997e+000	 -1.0629871e+000	 -1.1158635e+000	 -2.0030149e-001	 -6.4194200e-001	 -7.8553604e-001	 -8.9924805e-001	 -6.3646721e-001	 -5.7868162e-001	
  2.4123832e-001	  2.3369190e-001	 -5.5456126e-002	 -1.9901656e-002	 -3.0975979e-001	  3.2736801e-001	  1.9930343e-001	  1.0898608e-001	  1.6212468e-001	  3.6356044e-001	  1.5600979e-001	
  6.9421755e-001	  5.7675305e-001	  7.6946705e-001	  7.8446775e-001	  6.2397700e-001	  4.7548577e-001	  5.6449525e-001	  6.6026134e-001	  6.5059736e-001	  6.1162932e-001	  4.9628791e-001	
  5.7137573e-001	  5.7002636e-001	  3.9692110e-001	  4.9904635e-001	  2.2428391e-001	  4.7548577e-001	  5.7753781e-001	  6.3945850e-001	  4.5762050e-001	  5.3410779e-001	  4.2668557e-001	
 -1.5476458e+000	 -1.3807135e+000	 -1.5449747e+000	 -1.5092824e+000	 -1.3361985e+000	 -1.2000964e+000	 -1.3071128e+000	 -1.5552411e+000	 -1.5867281e+000	 -1.5512212e+000	 -1.4757785e+000	
